0 0.252273 0.0957373 0.0295373 0.0263663
0 0.844629 0.299541 0.0340745 0.0276754
0 0.583467 0.804068 0.0332016 0.030379
0 0.311112 0.579699 0.0280609 0.024125
0 0.878376 0.829826 0.0345479 0.0285936
0 0.00864351 0.257367 0.017287 0.0307088
0 0.77027 0.919439 0.028133 0.0246945
0 0.503223 0.220237 0.0270939 0.0327433
0 0.513374 0.455081 0.0263213 0.0263086
0 0.786316 0.803847 0.0267429 0.0299522
0 0.755337 0.818813 0.0318637 0.0257501
0 0.151017 0.054272 0.0385686 0.0330401
0 0.0985838 0.947552 0.0245364 0.0252533
0 0.113223 0.986248 0.0317226 0.027504
0 0.654288 0.932838 0.0327803 0.0288308
0 0.971694 0.743793 0.0255521 0.0306116
0 0.411652 0.927597 0.0266207 0.0298263
0 0.0495199 0.714838 0.033306 0.0284827
0 0.665736 0.345031 0.0297756 0.0295719
0 0.879934 0.444208 0.0290625 0.032668
0 0.0621935 0.289515 0.0254042 0.027991
0 0.986616 0.520645 0.0267685 0.0298876
0 0.931011 0.0626892 0.0313706 0.0306176
0 0.869842 0.72616 0.0227298 0.0254791
0 0.982561 0.899685 0.030578 0.029402
0 0.773856 0.320587 0.0293525 0.030636
0 0.503547 0.0655877 0.0323575 0.0316359
0 0.351689 0.922536 0.0270005 0.0242923
0 0.799555 0.423328 0.0319388 0.0244392
0 0.701727 0.463503 0.0299807 0.0295485
0 0.447358 0.653694 0.0245594 0.021991
0 0.403658 0.192213 0.0273535 0.0296217
0 0.687705 0.897512 0.0321326 0.0350467
0 0.968673 0.256293 0.0332928 0.029355
0 0.0571434 0.222295 0.0302314 0.0224912
0 0.885217 0.0301913 0.0358588 0.035336
0 0.823156 0.832689 0.0295792 0.0279471
0 0.798985 0.00986781 0.0364184 0.0197356
0 0.349396 0.041588 0.0367783 0.0337317
0 0.832983 0.251463 0.0308822 0.032784
0 0.930502 0.835594 0.0266511 0.0285495
0 0.782001 0.767007 0.029655 0.0319212
0 0.0813456 0.273951 0.0240065 0.0292886
0 0.23129 0.980356 0.0284712 0.0318173
0 0.724301 0.877192 0.0315707 0.0279178
0 0.681822 0.980538 0.0305224 0.0312906
0 0.85051 0.0855077 0.0311816 0.0348874
0 0.0131651 0.180516 0.0263302 0.0314902
0 0.398832 0.864789 0.0283484 0.0286868
0 0.726575 0.258061 0.0361917 0.0262865
0 0.0121075 0.720881 0.024215 0.0273996
0 0.292277 0.55944 0.028236 0.0280263
0 0.565257 0.681777 0.0288949 0.0245218
0 0.310932 0.625612 0.0315904 0.032692
0 0.548365 0.186547 0.0307162 0.0263834
0 0.916562 0.795715 0.0341522 0.0304108
0 0.252819 0.98785 0.0255321 0.0242992
0 0.522274 0.248391 0.034995 0.0300115
0 0.022065 0.34401 0.029078 0.0312969
0 0.526883 0.83262 0.03202 0.0298413
0 0.556992 0.841864 0.0319852 0.0254626
0 0.629728 0.974288 0.0263837 0.0268795
0 0.910788 0.735207 0.0322856 0.0250061
0 0.599536 0.38546 0.0319651 0.0336148
0 0.307142 0.324163 0.0391425 0.0243382
0 0.319092 0.819779 0.028261 0.0298508
0 0.0055703 0.502059 0.0111406 0.024781
0 0.746461 0.572327 0.0308756 0.0324643
0 0.19211 0.130033 0.0322752 0.028202
0 0.388283 0.715401 0.0252367 0.0251764
0 0.653154 0.967915 0.0267531 0.0287331
0 0.883286 0.0650095 0.0295691 0.0298276
0 0.969977 0.385442 0.0306729 0.0245039
0 0.942044 0.854077 0.0266607 0.026453
0 0.849542 0.584482 0.0281911 0.0252008
0 0.301272 0.132889 0.0286559 0.0230787
0 0.806347 0.99217 0.0314718 0.015659
0 0.175391 0.380732 0.0318614 0.0317194
0 0.102554 0.199304 0.0306619 0.0389448
0 0.214305 0.4297 0.0298746 0.029423
0 0.736719 0.763651 0.0293512 0.0304037
0 0.675736 0.120531 0.0253436 0.0290272
0 0.534048 0.68455 0.030303 0.0255661
0 0.638596 0.895352 0.0330638 0.0268542
0 0.966879 0.483233 0.032809 0.0316278
0 0.646087 0.605724 0.0199373 0.0242695
0 0.920591 0.364169 0.0284213 0.0287173
0 0.421783 0.838455 0.0311359 0.0357132
0 0.729039 0.174979 0.0334891 0.0308751
0 0.503602 0.659697 0.0240062 0.0265427
0 0.861778 0.275971 0.0247781 0.025059
0 0.637446 0.503142 0.0330078 0.0261195
0 0.947589 0.675302 0.0278645 0.0292737
0 0.744228 0.964089 0.028078 0.0293915
0 0.0189019 0.783344 0.0347211 0.0195015
0 0.808989 0.287305 0.0355538 0.0304978
0 0.808841 0.92619 0.0287755 0.0299641
0 0.867977 0.356069 0.0319358 0.031755
0 0.567646 0.313433 0.0308076 0.0278409
0 0.940583 0.478951 0.0237175 0.0323717
0 0.604334 0.901283 0.0286745 0.0268511
0 0.710869 0.849826 0.029426 0.0232288
0 0.33407 0.247307 0.0297731 0.0287346
0 0.953199 0.538101 0.0318713 0.0344486
0 0.351777 0.0810962 0.0262468 0.0305198
0 0.771634 0.397464 0.0272806 0.0281645
0 0.15676 0.831026 0.0355903 0.0269833
0 0.45513 0.993125 0.0225322 0.01375
0 0.118855 0.826727 0.0334285 0.0296844
0 0.569348 0.599409 0.0352169 0.0343477
0 0.785019 0.855084 0.0304251 0.0274866
0 0.00817218 0.387558 0.0163444 0.0235548
0 0.940883 0.849744 0.0287335 0.031747
0 0.994787 0.303337 0.0103226 0.0205066
0 0.944171 0.138014 0.0282431 0.0305495
0 0.854445 0.121282 0.0349945 0.031606
0 0.760743 0.445937 0.028381 0.0295438
0 0.310283 0.326976 0.0428764 0.0304658
0 0.659458 0.834479 0.0209976 0.0233398
0 0.744001 0.201898 0.0326721 0.0298636
0 0.382134 0.903612 0.0303195 0.0265973
0 0.459974 0.399918 0.0282214 0.0306221
0 0.321557 0.210302 0.039936 0.0385085
0 0.611403 0.760406 0.0208084 0.027769
0 0.993743 0.796453 0.012391 0.0285673
0 0.754056 0.993224 0.0326813 0.013552
0 0.552162 0.229114 0.0300195 0.0274033
0 0.596638 0.557815 0.0296075 0.0326317
0 0.698649 0.993661 0.0151075 0.0126783
0 0.989419 0.185708 0.0211623 0.0268718
0 0.22854 0.788976 0.0284456 0.0275459
0 0.636114 0.512473 0.0325075 0.0434718
0 0.887667 0.479763 0.036495 0.029723
0 0.388592 0.222561 0.0254758 0.0256224
0 0.904909 0.342676 0.0330721 0.0284125
0 0.985606 0.700631 0.0283304 0.0270181
0 0.0590749 0.0273464 0.0350434 0.0329732
0 0.146808 0.202052 0.0313269 0.0241897
0 0.29323 0.161256 0.0232137 0.0274963
0 0.289368 0.158351 0.031658 0.0331983
0 0.736292 0.645289 0.0296109 0.0292447
0 0.108071 0.234302 0.0318662 0.0255959
0 0.0385776 0.932712 0.0334837 0.0321757
0 0.769659 0.401463 0.0309015 0.0352727
0 0.987103 0.901321 0.0257136 0.0251848
0 0.345963 0.288161 0.0293094 0.0207306
0 0.143296 0.784348 0.0237434 0.0250185
0 0.870349 0.753616 0.0241007 0.025092
0 0.182813 0.867895 0.0348197 0.0271204
0 0.624804 0.594824 0.0244087 0.031829
0 0.0847255 0.386624 0.0241181 0.0262675
0 0.758594 0.101369 0.0334466 0.0312418
0 0.983861 0.363254 0.0283585 0.0259879
0 0.367489 0.484553 0.0344707 0.0327492
0 0.249645 0.465678 0.0311735 0.0270248
0 0.436704 0.886577 0.0208379 0.0239322
0 0.543365 0.979931 0.0256274 0.0214713
0 0.782674 0.859131 0.0342126 0.0303876
0 0.283436 0.251853 0.0179804 0.0290005
0 0.324966 0.92721 0.0313568 0.0302441
0 0.850665 0.530232 0.0297072 0.0299656
0 0.950759 0.427083 0.0220157 0.023349
0 0.581771 0.234812 0.0307969 0.0281009
0 0.253081 0.5414 0.0235643 0.0298563
0 0.650499 0.251181 0.0265331 0.0270833
0 0.832695 0.936665 0.0280914 0.0301123
0 0.995481 0.243896 0.0089848 0.023935
0 0.670572 0.615996 0.0236098 0.0289993
0 0.642163 0.273587 0.0324104 0.0272244
0 0.175201 0.74529 0.0305701 0.0307074
0 0.714982 0.910336 0.0272273 0.0293161
0 0.518204 0.241649 0.0240557 0.0204484
0 0.714237 0.991166 0.0253226 0.017668
0 0.526364 0.212864 0.0330088 0.033301
0 0.278815 0.885356 0.0252377 0.0323443
0 0.832192 0.643373 0.0263656 0.0240017
0 0.904749 0.982661 0.030149 0.0282516
0 0.499995 0.168061 0.0307498 0.0324685
0 0.699262 0.826738 0.0286416 0.0264874
0 0.472617 0.828458 0.0289865 0.0301794
0 0.0895643 0.145027 0.0264464 0.0312313
0 0.29643 0.142502 0.0385871 0.0327552
0 0.422829 0.421102 0.0262642 0.0273222
0 0.708287 0.0742504 0.0282895 0.0294858
0 0.0639772 0.122783 0.0260371 0.0228254
0 0.709043 0.381265 0.0237026 0.0294403
0 0.508435 0.0677874 0.035917 0.0344205
0 0.823805 0.963411 0.0287421 0.0272046
0 0.923126 0.643567 0.0208194 0.0274627
0 0.991332 0.667712 0.0173361 0.0170797
0 0.00826101 0.572966 0.016522 0.0215322
0 0.781958 0.175124 0.0406888 0.0353779
0 0.0502333 0.509268 0.0271278 0.0274289
0 0.474353 0.477512 0.0315022 0.0337611
0 0.18451 0.91377 0.0238018 0.0249496
0 0.99371 0.722346 0.0125449 0.0247211
0 0.938753 0.39892 0.0302582 0.0274179
0 0.498142 0.374481 0.022539 0.0223923
0 0.156902 0.713142 0.0303202 0.0220864
0 0.756178 0.448603 0.0376572 0.0285886
0 0.312336 0.0865002 0.0240682 0.0240963
0 0.805901 0.985997 0.0320383 0.0279312
0 0.219676 0.272517 0.0339034 0.0272971
0 0.559723 0.219332 0.0418135 0.0396765
0 0.269224 0.913135 0.0305242 0.0281122
0 0.757161 0.108076 0.03728 0.0409353
0 0.595968 0.845283 0.0329573 0.0272735
0 0.707644 0.126348 0.0378684 0.0383793
0 0.990782 0.857967 0.0183655 0.0262393
0 0.108115 0.238337 0.0356409 0.0324991
0 0.682589 0.992475 0.0309536 0.0130786
0 0.836218 0.336725 0.028551 0.0297742
0 0.348302 0.940762 0.0307932 0.0343959
0 0.861196 0.990191 0.0271969 0.0196172
0 0.681225 0.975484 0.03121 0.0309243
0 0.372587 0.599884 0.0333293 0.0285916
0 0.86457 0.359892 0.0349618 0.026682
0 0.235616 0.854825 0.032579 0.021471
0 0.161085 0.398013 0.0264378 0.0205177
0 0.522849 0.215552 0.0268906 0.0354232
0 0.15995 0.341611 0.0261086 0.0291828
0 0.881677 0.0751041 0.0306981 0.0449227
0 0.0876618 0.795993 0.0308451 0.0292133
0 0.013035 0.0384929 0.0260701 0.0316667
0 0.00512367 0.735938 0.0102473 0.0280203
0 0.781823 0.874588 0.0331354 0.026095
0 0.725002 0.931119 0.0259576 0.0269423
0 0.247137 0.694776 0.0294279 0.0275835
0 0.750475 0.296973 0.0348932 0.0363837
0 0.830494 0.251202 0.0384104 0.0380283
0 0.0328035 0.447324 0.0243655 0.0284842
0 0.0613546 0.99302 0.0293083 0.0139593
0 0.517508 0.73199 0.0303897 0.0250786
0 0.279288 0.987797 0.0296706 0.0244054
0 0.306308 0.728845 0.0266675 0.0246634
0 0.484805 0.29581 0.0319852 0.0289336
0 0.76356 0.52801 0.029664 0.0328482
0 0.565869 0.210854 0.0331604 0.0260022
0 0.303315 0.250238 0.0265566 0.0266612
0 0.68019 0.757632 0.0300706 0.0286725
0 0.0384979 0.484849 0.0271412 0.0268572
0 0.663761 0.290521 0.0253987 0.0264646
0 0.920528 0.224223 0.0295657 0.030462
0 0.0502341 0.0805976 0.0318479 0.0311397
0 0.38955 0.0745942 0.0203037 0.0251131
0 0.705841 0.12203 0.0341012 0.0295352
0 0.70528 0.992329 0.0231845 0.015341
0 0.175293 0.657219 0.0290264 0.0259375
0 0.386148 0.569009 0.0305125 0.0287642
0 0.180725 0.282325 0.0282205 0.0302371
0 0.599982 0.845759 0.0259392 0.021699
0 0.0541125 0.341122 0.0360714 0.0326491
0 0.986216 0.978943 0.0275677 0.0314938
0 0.336528 0.251894 0.0339468 0.0363805
0 0.894209 0.88443 0.029035 0.0305862
0 0.849142 0.557079 0.0241611 0.0256668
0 0.700545 0.743635 0.0285599 0.0240723
0 0.354439 0.574665 0.0315794 0.0273578
0 0.0193791 0.347265 0.0351697 0.0348611
0 0.481751 0.282795 0.0249979 0.0244038
0 0.168397 0.487821 0.03015 0.0309741
0 0.0795578 0.280386 0.0208969 0.0197808
0 0.593151 0.853893 0.0355117 0.0318875
0 0.450066 0.655278 0.0310341 0.0248538
0 0.0160824 0.110151 0.0225269 0.0218777
0 0.765305 0.368765 0.029824 0.0274895
0 0.849686 0.919063 0.0275308 0.027037
0 0.104935 0.106923 0.0344361 0.0331212
0 0.623591 0.244181 0.0318846 0.0300741
0 0.103506 0.206021 0.029662 0.0292999
0 0.5025 0.861433 0.0237521 0.0289099
0 0.296793 0.568699 0.0353923 0.0408581
0 0.138429 0.235592 0.0313492 0.0263575
0 0.94973 0.602168 0.0247217 0.0271429
0 0.67298 0.413092 0.0292853 0.0281686
0 0.992562 0.992759 0.0148752 0.0144811
0 0.484534 0.287543 0.0307922 0.0339513
0 0.995517 0.393886 0.00876462 0.0220622
0 0.993593 0.104519 0.0126883 0.0316568
0 0.592309 0.859596 0.036177 0.0353699
0 0.00943352 0.436472 0.018867 0.0170525
0 0.85183 0.48313 0.0336927 0.028636
0 0.770225 0.367169 0.0381622 0.031252
0 0.530085 0.791881 0.0280873 0.0294435
0 0.357633 0.822067 0.0275782 0.0245429
0 0.960401 0.713816 0.0282972 0.0313888
0 0.370223 0.332388 0.0252765 0.0322824
0 0.443518 0.373531 0.0258844 0.028286
0 0.223321 0.00717575 0.0191502 0.0143515
0 0.704019 0.831691 0.020618 0.0211872
0 0.489919 0.966683 0.0201851 0.0245261
0 0.148166 0.306496 0.0285045 0.0248218
0 0.994505 0.307475 0.0108423 0.027836
0 0.0118861 0.426218 0.0237722 0.0236029
0 0.432226 0.486973 0.0261073 0.0319992
0 0.630862 0.448301 0.0340475 0.0318336
0 0.849074 0.924835 0.0266101 0.0261441
0 0.766434 0.414337 0.0320819 0.0225398
0 0.986099 0.970072 0.0277487 0.0309305
0 0.308861 0.898705 0.0301701 0.0272893
0 0.00540678 0.3477 0.0108136 0.0231199
0 0.350903 0.535139 0.0353157 0.0322204
0 0.0324081 0.734221 0.0284164 0.0252337
0 0.592801 0.0334246 0.0237987 0.020291
0 0.596312 0.595198 0.0271031 0.0323802
0 0.0251951 0.268806 0.0259049 0.0261511
0 0.82725 0.0215038 0.022211 0.0397461
0 0.316484 0.371 0.0306513 0.038682
0 0.902546 0.250492 0.0250757 0.0249286
0 0.0836642 0.476045 0.0370581 0.0298067
0 0.179408 0.871855 0.029559 0.0215909
0 0.523122 0.37007 0.0209892 0.0269953
0 0.86303 0.353861 0.0354702 0.0308774
0 0.767714 0.951209 0.0261179 0.0253381
0 0.470632 0.820317 0.0251955 0.0237024
0 0.79755 0.114011 0.0252066 0.0288655
0 0.485811 0.589997 0.0314482 0.0280616
0 0.015347 0.300081 0.030694 0.0438238
0 0.708703 0.658854 0.0268613 0.0309714
0 0.758632 0.441712 0.0293579 0.0285509
