0 0.0102297 0.894611 0.0204595 0.0234971
0 0.0159291 0.978647 0.0289857 0.0217422
0 0.251329 0.899347 0.0296738 0.0231739
0 0.847728 0.991119 0.034044 0.017763
0 0.382796 0.621385 0.0290745 0.0317244
0 0.236738 0.119394 0.0273529 0.0286038
0 0.013106 0.607798 0.0262119 0.0249915
0 0.813717 0.342901 0.0266469 0.0250466
0 0.606579 0.981844 0.0267324 0.0266352
0 0.0561004 0.398476 0.0308719 0.026856
0 0.212791 0.660934 0.0299034 0.0262451
0 0.238992 0.351807 0.0317587 0.0298584
0 0.342217 0.239963 0.0278954 0.0245899
0 0.989599 0.332232 0.0207483 0.0256603
0 0.894096 0.327381 0.0275433 0.0226731
0 0.843844 0.94171 0.0291875 0.0255107
0 0.447639 0.457914 0.0262333 0.0232688
0 0.613096 0.983035 0.0395384 0.0291129
0 0.51079 0.252351 0.0252884 0.0248198
0 0.00837388 0.264364 0.0167478 0.0241227
0 0.219681 0.589149 0.0243182 0.0233191
0 0.51382 0.385448 0.028038 0.0238806
0 0.313019 0.6595 0.0277995 0.0258607
0 0.387816 0.695833 0.0316918 0.0246234
0 0.450174 0.217072 0.0290022 0.0251666
0 0.329955 0.466904 0.0293604 0.0238243
0 0.521401 0.029736 0.0250737 0.022792
0 0.693498 0.524678 0.0271522 0.0258417
0 0.891396 0.462897 0.0423676 0.0262987
0 0.502178 0.51147 0.0333517 0.0251782
0 0.609369 0.501058 0.0324779 0.0277278
0 0.0183949 0.712805 0.0367897 0.0282986
0 0.227541 0.435869 0.0297739 0.0257621
0 0.988131 0.120984 0.0237387 0.0293266
0 0.582178 0.461604 0.0414453 0.0271101
0 0.818526 0.110749 0.0295309 0.0228419
0 0.113546 0.356418 0.0252428 0.0241727
0 0.749271 0.337794 0.0268598 0.0264422
0 0.578166 0.432221 0.0321683 0.0245562
0 0.499098 0.837947 0.0328161 0.0277783
0 0.0485225 0.580972 0.0250395 0.0245129
0 0.405496 0.788884 0.023138 0.0203392
0 0.447438 0.553367 0.0262477 0.0221521
0 0.934397 0.321962 0.0278943 0.0238334
0 0.232792 0.724359 0.0262193 0.0198578
0 0.10011 0.840465 0.0250843 0.0239318
0 0.958781 0.330659 0.0259578 0.0260423
0 0.911514 0.125302 0.0297653 0.0294193
0 0.848378 0.324911 0.026982 0.0245621
0 0.260023 0.261434 0.0247141 0.0235095
0 0.904445 0.170257 0.0266282 0.0253845
0 0.434668 0.438022 0.0249315 0.0219556
0 0.540776 0.402871 0.0274638 0.0247236
0 0.136834 0.932933 0.032929 0.0247498
0 0.909643 0.366131 0.0295719 0.0238616
0 0.765967 0.645695 0.0304846 0.0304371
0 0.983145 0.983881 0.0337095 0.0322377
0 0.323976 0.349324 0.0307236 0.0255342
0 0.194928 0.978093 0.028121 0.0230884
0 0.96995 0.392489 0.0266037 0.0257325
0 0.148095 0.43858 0.0320772 0.0232117
0 0.0859488 0.601421 0.0257663 0.0232287
0 0.248256 0.390448 0.0290964 0.025214
0 0.0628368 0.500211 0.0309446 0.0225752
0 0.536114 0.482639 0.0390294 0.0347569
0 0.470072 0.253182 0.027135 0.0265578
0 0.565796 0.224194 0.0268579 0.0265883
0 0.0564835 0.372661 0.0279316 0.0230007
0 0.606202 0.585877 0.0260869 0.0222248
0 0.484342 0.700154 0.0298308 0.0249758
0 0.404568 0.346791 0.024326 0.0238035
0 0.250915 0.281435 0.0242613 0.020446
0 0.459735 0.190404 0.02622 0.0245401
0 0.85042 0.748159 0.0400435 0.0315585
0 0.0150574 0.667408 0.0301148 0.0359969
0 0.588935 0.657814 0.0243948 0.0227841
0 0.761548 0.716176 0.0294297 0.0238559
0 0.631227 0.321439 0.0254109 0.0220931
0 0.389056 0.159737 0.0292594 0.0252013
0 0.472416 0.228534 0.0258046 0.0222895
0 0.38263 0.91469 0.0354814 0.0270703
0 0.137109 0.246713 0.0247433 0.0229502
0 0.0814855 0.0916925 0.0288937 0.0263286
0 0.81993 0.247719 0.0290438 0.0242436
0 0.417486 0.0461957 0.0255846 0.023618
0 0.411318 0.248562 0.0275675 0.0226017
0 0.422072 0.680199 0.0273679 0.0244715
0 0.230251 0.301654 0.033233 0.0269855
0 0.580931 0.369676 0.0301411 0.0245767
0 0.722203 0.887578 0.0266169 0.0222561
0 0.0182657 0.460456 0.0305356 0.0306121
0 0.769376 0.0692894 0.0306077 0.0229832
0 0.0961075 0.420778 0.0256148 0.0241495
0 0.590258 0.561129 0.0290833 0.0268922
0 0.867808 0.0937794 0.0296185 0.0258342
0 0.121703 0.4262 0.0339515 0.0267522
0 0.402524 0.0261449 0.0234843 0.0229869
0 0.84613 0.0534833 0.0282049 0.0242987
0 0.251449 0.196547 0.0331033 0.0273468
0 0.663244 0.0304129 0.0363665 0.0296646
0 0.790608 0.70845 0.0246495 0.0250092
0 0.0974223 0.194878 0.0296563 0.0240018
0 0.819506 0.104947 0.0325912 0.0318099
0 0.98363 0.359416 0.032739 0.0269814
0 0.156409 0.621659 0.0326063 0.027262
0 0.395593 0.374183 0.0290746 0.0285816
0 0.0435525 0.320869 0.0287476 0.0235109
0 0.728458 0.728009 0.0314593 0.0239776
0 0.960893 0.421875 0.0372226 0.0312309
0 0.762624 0.986509 0.0341265 0.0269825
0 0.942955 0.0686123 0.0282769 0.0268306
0 0.937701 0.0328362 0.0298799 0.0231092
0 0.10665 0.103985 0.0277731 0.0304249
0 0.10518 0.393813 0.0285784 0.0270438
0 0.0856385 0.457216 0.025939 0.0231462
0 0.0942882 0.580647 0.029394 0.0225852
0 0.580732 0.686652 0.0318798 0.0284663
0 0.0616687 0.467397 0.0309176 0.0209367
0 0.469398 0.993091 0.0305331 0.013818
0 0.219126 0.375744 0.025025 0.0229284
0 0.266374 0.824555 0.029035 0.0235801
0 0.584196 0.337253 0.0276467 0.0239167
0 0.604664 0.830829 0.0254109 0.0368837
0 0.77412 0.335612 0.0259229 0.0235209
0 0.348737 0.934779 0.0275415 0.0210868
0 0.108646 0.803706 0.0292955 0.0283778
0 0.685358 0.663654 0.0261534 0.0214269
0 0.226313 0.172667 0.0316547 0.0237272
0 0.470364 0.0457007 0.0263095 0.0236313
0 0.140253 0.580304 0.0249844 0.0268322
0 0.925353 0.459821 0.0260592 0.0254076
0 0.712516 0.919616 0.028074 0.0279288
0 0.777427 0.506983 0.0262228 0.0231291
0 0.487164 0.608659 0.0263848 0.0253614
0 0.0921537 0.739625 0.0211957 0.0236377
0 0.863103 0.164698 0.0370761 0.0283713
0 0.70991 0.355418 0.0297667 0.0263803
0 0.544381 0.538627 0.0254028 0.0235656
0 0.0396441 0.944655 0.0344603 0.0212894
0 0.0356545 0.294439 0.0227226 0.0250855
0 0.0436412 0.839095 0.0263829 0.0250234
0 0.381949 0.0165436 0.0257521 0.0228015
0 0.886533 0.987668 0.0462486 0.0246638
0 0.52457 0.051905 0.0285791 0.0252661
0 0.771421 0.0888527 0.027013 0.0229032
0 0.381777 0.251315 0.030147 0.0278605
0 0.313967 0.218163 0.0270514 0.0256762
0 0.74428 0.748847 0.0266374 0.0225296
0 0.194473 0.0326384 0.029475 0.0259394
0 0.339156 0.654047 0.0266855 0.0246074
0 0.14674 0.660575 0.0323483 0.0305368
0 0.697866 0.644925 0.0273659 0.0219706
0 0.919471 0.424465 0.0335545 0.0285782
0 0.675205 0.946835 0.0287483 0.0239631
0 0.872566 0.362986 0.0409129 0.0302433
0 0.0689833 0.889078 0.0332728 0.0205709
0 0.994121 0.596656 0.0117517 0.0232323
0 0.87837 0.287461 0.024812 0.0198583
0 0.392453 0.739495 0.0267457 0.0265141
0 0.126673 0.504729 0.0258162 0.0210417
0 0.773955 0.42573 0.0215827 0.0190789
0 0.576719 0.539368 0.029287 0.0231715
0 0.103956 0.137332 0.0259298 0.0212356
0 0.593314 0.795764 0.0346994 0.0196142
0 0.145034 0.81902 0.0246278 0.0237066
0 0.994506 0.196051 0.0109131 0.0269887
0 0.770177 0.450081 0.0294939 0.0333686
0 0.964275 0.213476 0.031674 0.0265963
0 0.976301 0.721908 0.0327739 0.024038
0 0.562138 0.0336114 0.0343617 0.0234579
0 0.682257 0.735047 0.0243363 0.0233368
0 0.708523 0.746376 0.0262246 0.0331385
0 0.76385 0.0140088 0.0280157 0.0256005
0 0.330085 0.729924 0.0293136 0.0214297
0 0.00553839 0.148354 0.0110768 0.0272775
0 0.445192 0.771713 0.0299865 0.0215725
0 0.659943 0.218987 0.025484 0.0245759
0 0.0128159 0.973659 0.0256317 0.0272329
0 0.351455 0.799227 0.0284693 0.0245355
0 0.58014 0.121556 0.0262983 0.0246974
0 0.548358 0.257088 0.025846 0.0224336
0 0.868786 0.307689 0.0266513 0.0205075
0 0.64718 0.990906 0.0252656 0.0181882
0 0.80249 0.875858 0.0273558 0.0246907
0 0.329974 0.765101 0.0239934 0.0237511
0 0.164621 0.895453 0.0254813 0.0256938
0 0.821788 0.390402 0.0360931 0.0252956
0 0.50762 0.411028 0.0292984 0.0261017
0 0.0972347 0.935942 0.0330102 0.0290884
0 0.097763 0.332102 0.0248665 0.0232434
0 0.0401499 0.74756 0.0243945 0.0232594
0 0.168517 0.0315514 0.0266394 0.0259268
0 0.417151 0.739089 0.0255 0.0247449
0 0.0148354 0.861505 0.0296709 0.0265571
0 0.576661 0.0914617 0.0253266 0.0213168
0 0.674231 0.149871 0.0415826 0.0334858
0 0.597752 0.244085 0.0293739 0.0210221
0 0.298065 0.444581 0.0281397 0.0269969
0 0.600455 0.145321 0.0355933 0.0311757
0 0.00918967 0.442398 0.0183793 0.0301855
0 0.121446 0.523345 0.0267254 0.0216264
0 0.212084 0.101192 0.0296978 0.0221637
0 0.121147 0.597816 0.0315267 0.0269723
0 0.36291 0.759354 0.03201 0.0240908
0 0.866862 0.0640579 0.0265788 0.026556
0 0.993701 0.248579 0.01258 0.0224688
0 0.826531 0.315546 0.0260679 0.0259964
0 0.386129 0.668963 0.0262443 0.024335
0 0.21557 0.751835 0.0362672 0.0256652
0 0.00889095 0.107202 0.0177819 0.0247962
0 0.713154 0.908643 0.0328595 0.0278176
0 0.0227167 0.346794 0.0289322 0.0266997
0 0.0117331 0.294711 0.0234661 0.028762
0 0.486602 0.418125 0.0253994 0.0242147
0 0.455419 0.806519 0.0246409 0.0252689
0 0.841951 0.197907 0.0255461 0.026419
0 0.921039 0.296333 0.0259279 0.0221783
0 0.636245 0.570426 0.0279218 0.0245082
0 0.159507 0.892718 0.0370494 0.0309821
0 0.365454 0.75609 0.0349331 0.0306234
0 0.559177 0.041445 0.0371139 0.0355986
0 0.89232 0.231857 0.0299883 0.027693
0 0.353718 0.361552 0.0319231 0.0225733
0 0.630076 0.301868 0.0292535 0.0228458
0 0.653131 0.108296 0.0237041 0.0225791
0 0.708905 0.663229 0.0264819 0.0216599
0 0.743242 0.0337213 0.0249471 0.023352
0 0.783422 0.0368863 0.0239661 0.0220877
0 0.307873 0.129148 0.0309187 0.0321913
0 0.153141 0.311306 0.0254634 0.022627
0 0.331004 0.835593 0.0293318 0.0251528
0 0.925067 0.660992 0.0306634 0.0253886
0 0.178099 0.438206 0.0232287 0.022311
0 0.819313 0.0722694 0.0369577 0.0260711
0 0.200948 0.292738 0.0267825 0.0239547
0 0.37508 0.0699259 0.0234436 0.0207375
0 0.626514 0.825929 0.023823 0.0219141
0 0.875607 0.436023 0.0230259 0.0182065
0 0.477914 0.880231 0.0233493 0.0216315
0 0.14287 0.99351 0.0343792 0.0129798
0 0.759091 0.926933 0.03194 0.0264834
0 0.885482 0.820945 0.0305987 0.0225334
0 0.966851 0.606251 0.0315219 0.0237512
0 0.0572034 0.556692 0.0238311 0.023594
0 0.258808 0.432944 0.0251441 0.0216607
0 0.363614 0.116489 0.025157 0.0257644
0 0.813437 0.201385 0.0256267 0.0254792
0 0.486136 0.199015 0.0315948 0.0327349
0 0.936218 0.272412 0.0284151 0.0277237
0 0.189077 0.334066 0.0321249 0.0318987
0 0.670562 0.640959 0.0229516 0.0239595
0 0.525613 0.887874 0.0269543 0.0219404
0 0.152338 0.13428 0.0228119 0.0215279
0 0.863219 0.207128 0.0300446 0.0372999
0 0.101366 0.291289 0.0233867 0.0234156
0 0.934337 0.314184 0.0301457 0.0184847
0 0.133169 0.397071 0.0261703 0.0235982
0 0.568041 0.615067 0.0286552 0.0262038
0 0.198538 0.470821 0.0272804 0.0290805
0 0.733917 0.815707 0.0266605 0.0225856
0 0.943639 0.108675 0.0433434 0.0286999
0 0.152744 0.286373 0.0245195 0.0228356
0 0.326308 0.0404316 0.0273611 0.0237083
0 0.0665947 0.740561 0.0266977 0.0220904
0 0.517965 0.909504 0.0251355 0.0221971
0 0.256723 0.694032 0.031555 0.0246162
0 0.581966 0.894047 0.0272949 0.0311024
0 0.9703 0.677343 0.0327891 0.0289855
0 0.21448 0.568632 0.0308334 0.021292
0 0.968005 0.247273 0.0298181 0.0253648
0 0.672142 0.990788 0.033609 0.0184246
0 0.366576 0.666283 0.021314 0.0246769
0 0.667615 0.150602 0.0276463 0.0313728
0 0.991447 0.285617 0.0171066 0.0245645
0 0.0733459 0.87493 0.0418791 0.0337105
0 0.448944 0.74593 0.0271297 0.0290252
0 0.248777 0.583185 0.0306678 0.0271043
0 0.0495664 0.161232 0.0265876 0.0235829
0 0.407211 0.0274135 0.0309038 0.0255532
0 0.804087 0.423713 0.0336099 0.0338865
0 0.248381 0.945009 0.0276397 0.021601
0 0.248194 0.499845 0.0329076 0.0262084
0 0.0169282 0.814713 0.0338564 0.0232748
0 0.418368 0.740633 0.0300069 0.0304759
0 0.472079 0.251069 0.0335253 0.0287457
0 0.497263 0.873161 0.0264401 0.0213796
0 0.770612 0.54614 0.0244544 0.0321233
0 0.698492 0.326824 0.0364461 0.0288228
0 0.19817 0.986223 0.0373409 0.0275212
0 0.733675 0.795987 0.027295 0.0239832
0 0.527982 0.277746 0.0267909 0.0244486
0 0.0967609 0.683392 0.0268098 0.0240543
0 0.897793 0.258391 0.0311556 0.023641
0 0.655267 0.821444 0.0373566 0.0329579
0 0.0271862 0.585446 0.0246915 0.0227031
0 0.790122 0.476243 0.0297529 0.0292514
0 0.703235 0.71217 0.0371092 0.026
0 0.630216 0.309166 0.0280645 0.0352277
0 0.343362 0.0110029 0.0262487 0.0220059
0 0.0823211 0.977695 0.0267725 0.0225569
0 0.894447 0.321209 0.0271759 0.0324417
0 0.347531 0.324629 0.0361756 0.0262545
0 0.0675226 0.325428 0.027457 0.0273355
0 0.617471 0.941821 0.0275042 0.0249324
0 0.0074614 0.771599 0.0149228 0.0189313
0 0.165666 0.821195 0.0246065 0.0259479
0 0.804055 0.429705 0.0358008 0.0269451
0 0.659218 0.856454 0.0273603 0.0248626
0 0.101717 0.496663 0.0306234 0.0259759
0 0.435697 0.0924769 0.0293269 0.0261688
0 0.309672 0.0656804 0.0281484 0.0333086
0 0.27098 0.588958 0.0248959 0.0231645
0 0.0235048 0.843658 0.0273531 0.0241934
0 0.736916 0.546795 0.0291833 0.0249208
0 0.967718 0.458468 0.0275257 0.0256621
0 0.751168 0.331993 0.0314146 0.0320337
0 0.398846 0.647451 0.0297908 0.0247846
0 0.0204343 0.00553867 0.0236965 0.0110773
0 0.33864 0.112443 0.0256217 0.0227269
0 0.304112 0.257229 0.0310666 0.023588
0 0.804055 0.67635 0.0261286 0.0213891
0 0.373237 0.984813 0.0341471 0.0262718
0 0.370244 0.407709 0.0286978 0.0341264
0 0.224902 0.470837 0.0251279 0.0230313
0 0.554905 0.0450315 0.0288478 0.027606
0 0.780028 0.379916 0.0263119 0.020837
0 0.474099 0.920592 0.0381137 0.031502
0 0.146308 0.532701 0.0241665 0.0229855
0 0.14202 0.772322 0.0228889 0.0229766
0 0.0401851 0.874154 0.0290767 0.0210238
0 0.182745 0.186872 0.0299209 0.0281772
0 0.359594 0.261073 0.0232233 0.0178542
0 0.762678 0.297806 0.023731 0.0228569
0 0.794962 0.039734 0.0347202 0.0221601
0 0.78725 0.210855 0.027708 0.0258247
0 0.814007 0.541871 0.0255826 0.0263469
0 0.72751 0.106748 0.0315255 0.0252327
0 0.237034 0.792297 0.035763 0.0268617
0 0.301671 0.869776 0.0244905 0.0251433
0 0.452186 0.579139 0.0299504 0.0271433
0 0.744107 0.21639 0.0236971 0.0235231
0 0.796979 0.822983 0.0290989 0.0251507
0 0.847066 0.319241 0.0302192 0.0303867
0 0.762373 0.109956 0.0265806 0.0210299
0 0.522748 0.766348 0.029785 0.0265793
0 0.171179 0.364386 0.0266504 0.0221145
0 0.189326 0.256225 0.0232268 0.0213996
0 0.700926 0.140624 0.0262976 0.0220576
0 0.331503 0.462073 0.0284259 0.0300005
0 0.0147892 0.452932 0.0295785 0.0281181
0 0.361182 0.466141 0.0243679 0.0225202
0 0.695682 0.690096 0.0326011 0.0226681
0 0.946743 0.471086 0.027522 0.0243173
0 0.168599 0.744037 0.0268969 0.023624
0 0.339681 0.439377 0.0360658 0.0294898
0 0.154821 0.416276 0.0222161 0.0221343
0 0.0526725 0.0744475 0.0247582 0.0234146
0 0.305832 0.445269 0.0392774 0.026794
0 0.53539 0.729762 0.0332936 0.0366614
0 0.968605 0.46573 0.0275783 0.0327928
0 0.292606 0.340892 0.0274871 0.0272884
0 0.490565 0.247175 0.0209527 0.0211882
0 0.593997 0.224935 0.0244384 0.0241149
0 0.178001 0.123374 0.0376542 0.0255456
0 0.80502 0.433379 0.031987 0.0197889
0 0.341201 0.539738 0.0327029 0.0259817
0 0.811388 0.0815101 0.0249345 0.0229873
0 0.232193 0.645866 0.0257618 0.0260239
0 0.619389 0.168936 0.0326634 0.0238361
0 0.805776 0.988991 0.0257881 0.022017
0 0.935771 0.315697 0.0297773 0.0258706
0 0.707799 0.736261 0.0282527 0.0206618
0 0.614665 0.216688 0.024313 0.0237655
0 0.96645 0.210068 0.0341028 0.030716
0 0.96641 0.583751 0.0268478 0.021773
0 0.166111 0.842629 0.0287597 0.0241414
0 0.646892 0.948878 0.0269167 0.0255183
0 0.0364791 0.841304 0.0386586 0.0229727
0 0.0386408 0.433204 0.0448654 0.0338139
0 0.643882 0.673632 0.0354124 0.0244285
0 0.969623 0.474793 0.0258669 0.0226774
0 0.882737 0.0154193 0.0270691 0.0238141
0 0.0744934 0.869682 0.0405916 0.0240567
0 0.785678 0.57487 0.0285947 0.0257536
0 0.976286 0.0965514 0.0359214 0.0264337
0 0.989093 0.128877 0.0217429 0.0395306
0 0.732261 0.249004 0.0262768 0.031563
0 0.81903 0.7853 0.0318477 0.0285759
0 0.965891 0.224657 0.0345172 0.0241403
0 0.0262771 0.557527 0.0265152 0.0265614
0 0.976802 0.0585386 0.0280216 0.0232958
0 0.822499 0.0796663 0.0358365 0.0261841
0 0.212723 0.256952 0.0275651 0.0222282
0 0.310841 0.0247736 0.0269014 0.0243808
0 0.00822169 0.793876 0.0164434 0.0202332
0 0.588936 0.924104 0.0273477 0.0229667
0 0.607485 0.738062 0.0303055 0.0230048
0 0.352341 0.127675 0.0232816 0.016308
0 0.973583 0.550456 0.0264177 0.0206959
0 0.252751 0.273311 0.0280773 0.0203667
0 0.192158 0.492633 0.0361335 0.0259665
0 0.00819547 0.785043 0.0163909 0.0263412
0 0.797616 0.740057 0.0345686 0.0318445
0 0.886662 0.369872 0.0221337 0.0189784
0 0.797314 0.0901147 0.0280511 0.0338047
0 0.068618 0.811725 0.0462876 0.0295554
0 0.594558 0.221604 0.0271444 0.0250051
0 0.629192 0.0238062 0.0276344 0.0192054
0 0.396337 0.988785 0.0287173 0.0224305
0 0.983299 0.163685 0.0334015 0.0305491
0 0.79688 0.968266 0.0397201 0.023674
0 0.773641 0.326921 0.0251377 0.0258703
0 0.0138309 0.0421025 0.0276619 0.0228925
0 0.0478498 0.719719 0.0239414 0.0228494
0 0.625226 0.193799 0.0239402 0.0250761
0 0.0105479 0.0679145 0.0210958 0.0262575
0 0.178158 0.00780329 0.0231149 0.0156066
0 0.91614 0.0211011 0.0239836 0.0228164
0 0.916022 0.0641855 0.029182 0.0245978
0 0.852535 0.880742 0.0407855 0.029714
0 0.69798 0.704454 0.0367302 0.0325532
0 0.892144 0.424431 0.0237318 0.0217147
0 0.507495 0.278802 0.0253308 0.0248253
0 0.560781 0.769967 0.0249286 0.0239686
0 0.873983 0.430504 0.0279268 0.0270292
0 0.680171 0.646908 0.0278959 0.0229338
0 0.733961 0.932473 0.0270554 0.0280553
0 0.130859 0.898661 0.0277661 0.0262311
0 0.557236 0.877876 0.0257235 0.0231781
0 0.58676 0.119127 0.039175 0.0272341
0 0.71899 0.426256 0.0307415 0.0336514
0 0.761889 0.800321 0.0282961 0.024515
0 0.167577 0.16313 0.0237856 0.0231014
0 0.962451 0.755134 0.0265017 0.0299043
0 0.371793 0.0442567 0.0284632 0.0238206
0 0.990218 0.592998 0.0192271 0.0293089
0 0.710506 0.905969 0.0283353 0.0235361
0 0.676206 0.332722 0.0297492 0.0184066
0 0.979983 0.637931 0.0272506 0.0228716
0 0.809004 0.323205 0.0250081 0.0171875
0 0.986152 0.0047707 0.0276963 0.00954139
0 0.790077 0.821023 0.036665 0.0282938
0 0.685422 0.221231 0.0267391 0.022973
0 0.0955433 0.254066 0.0280228 0.0240794
0 0.00622549 0.143856 0.012451 0.0273331
0 0.751969 0.529363 0.0263236 0.0220623
0 0.340042 0.709127 0.0272661 0.0230534
0 0.185779 0.275465 0.0266897 0.0197893
0 0.263493 0.30748 0.028362 0.030399
0 0.115016 0.0424518 0.030305 0.0326269
0 0.231305 0.150488 0.0270478 0.0198528
0 0.9926 0.540404 0.0147862 0.0254361
0 0.773799 0.0676353 0.030053 0.0245018
0 0.375672 0.668147 0.0393661 0.0259238
0 0.895975 0.397116 0.0287107 0.0311818
0 0.146666 0.432297 0.0326414 0.0292991
0 0.702677 0.207407 0.0235454 0.0211614
0 0.0158232 0.853562 0.0316465 0.0270275
0 0.0500392 0.969905 0.0320329 0.0346652
0 0.779094 0.324332 0.0279773 0.0206419
0 0.0510113 0.516087 0.0292866 0.0243679
0 0.297949 0.988334 0.0265283 0.0233319
0 0.278343 0.0804203 0.0266473 0.0246288
0 0.959505 0.153357 0.0287371 0.0241536
0 0.61739 0.561247 0.023777 0.0280033
0 0.708862 0.613298 0.0320001 0.0264665
0 0.694997 0.685126 0.039023 0.0297438
0 0.622116 0.68981 0.0273826 0.0251793
0 0.129324 0.338021 0.0274766 0.0229931
0 0.559223 0.545585 0.0194439 0.0220985
0 0.71023 0.812333 0.0346597 0.025169
0 0.190399 0.789413 0.0403778 0.0347052
0 0.300504 0.840967 0.0350591 0.0288563
0 0.738242 0.458059 0.0282195 0.0270436
0 0.731555 0.186386 0.0491492 0.0313033
0 0.822355 0.415877 0.0281729 0.0213621
0 0.472428 0.224141 0.0279923 0.0266016
0 0.366165 0.546865 0.0276111 0.0343081
0 0.784171 0.207627 0.0339392 0.0321562
0 0.890518 0.479445 0.0429832 0.0352865
0 0.869899 0.526111 0.0289722 0.0210286
0 0.194687 0.47952 0.0366716 0.0413603
0 0.805685 0.176584 0.0353904 0.0270789
0 0.390938 0.629862 0.0319008 0.0409135
0 0.982209 0.366439 0.0351548 0.0295548
0 0.886813 0.435229 0.0334601 0.0211778
0 0.205745 0.424168 0.0254637 0.0200881
0 0.865444 0.299253 0.0308798 0.0298836
0 0.316196 0.447005 0.0218041 0.021546
0 0.758768 0.667619 0.0269569 0.0219465
0 0.469506 0.541909 0.0268993 0.030095
0 0.946241 0.29388 0.0263535 0.0249926
0 0.854253 0.479627 0.0257363 0.0231275
0 0.645753 0.36273 0.0274895 0.0306363
0 0.599481 0.265306 0.0278594 0.0231476
0 0.461077 0.200528 0.029788 0.02603
0 0.571245 0.184527 0.0320339 0.0314117
0 0.178871 0.935005 0.0274286 0.0291383
0 0.00821159 0.558339 0.0164232 0.0227567
0 0.322663 0.454153 0.0290591 0.0299996
0 0.770386 0.240633 0.0381092 0.0217727
0 0.837186 0.417415 0.0201309 0.0224437
0 0.944541 0.983716 0.0374258 0.0325685
0 0.374562 0.066007 0.0255061 0.0240287
0 0.983137 0.6301 0.0280657 0.0306364
0 0.244786 0.523341 0.0256147 0.0203799
0 0.773471 0.44538 0.0312114 0.0252283
0 0.651517 0.81672 0.0374939 0.0298301
0 0.964007 0.626575 0.0291957 0.0242354
0 0.74006 0.818685 0.0370425 0.0252513
0 0.208616 0.697008 0.031678 0.0272257
0 0.868346 0.427948 0.0316038 0.0261981
0 0.984475 0.766337 0.0260042 0.0256367
0 0.910211 0.00437953 0.0333701 0.00875906
0 0.0109389 0.876905 0.0218779 0.0316656
0 0.627143 0.862817 0.0283631 0.023474
0 0.639875 0.27591 0.0248769 0.0252405
0 0.152983 0.957643 0.0259929 0.0238491
0 0.353968 0.354763 0.0304734 0.0325357
0 0.932081 0.230372 0.0273084 0.0218073
0 0.621711 0.760291 0.0313407 0.0203325
0 0.377259 0.584713 0.0291581 0.0284553
0 0.85741 0.413555 0.0271134 0.0304528
0 0.233686 0.256173 0.0222964 0.0187816
0 0.243335 0.0746765 0.023218 0.0229575
0 0.93311 0.372813 0.0254645 0.0175058
0 0.16625 0.816791 0.0246532 0.0231636
0 0.946589 0.479067 0.0305146 0.0370265
0 0.692931 0.501838 0.0279661 0.0195182
0 0.215709 0.563756 0.0337343 0.0297068
0 0.0679163 0.665529 0.026288 0.0246607
0 0.856122 0.326276 0.0190932 0.0240299
0 0.732905 0.905335 0.0298356 0.017177
0 0.552583 0.558213 0.0253296 0.0206392
0 0.725724 0.724984 0.0285843 0.0258589
0 0.943534 0.0758509 0.0329475 0.0329516
0 0.692918 0.680095 0.0386146 0.0241464
0 0.211814 0.414595 0.0341598 0.0299363
0 0.794745 0.701562 0.0316437 0.031853
0 0.21203 0.691044 0.0333079 0.0286688
0 0.994145 0.563969 0.0115991 0.0231386
0 0.0815402 0.75935 0.025025 0.0196644
0 0.968086 0.29679 0.0257853 0.0228678
0 0.00575648 0.756402 0.011513 0.0279005
0 0.937093 0.0368888 0.0332574 0.0272729
0 0.221222 0.983202 0.0340089 0.023928
0 0.933871 0.276917 0.0261423 0.0266218
0 0.759999 0.305347 0.0250896 0.0217357
0 0.900273 0.261012 0.0321013 0.0231544
0 0.164776 0.725507 0.0275119 0.0236031
0 0.907 0.508024 0.0286705 0.0272112
0 0.301344 0.867318 0.0302866 0.0282599
0 0.113558 0.716404 0.0264151 0.023003
0 0.75147 0.574832 0.0325509 0.0291814
0 0.618374 0.550438 0.0275032 0.0259592
0 0.982899 0.15766 0.0326641 0.0216785
0 0.888672 0.227863 0.0368773 0.0308217
0 0.515025 0.567489 0.0280212 0.0286703
0 0.327161 0.0922987 0.0315854 0.0263702
0 0.654589 0.830537 0.0364304 0.0275616
0 0.94582 0.717972 0.0265828 0.0325512
0 0.846106 0.50069 0.0290355 0.0238073
0 0.307146 0.987868 0.0458623 0.0242633
0 0.52282 0.0297076 0.0310604 0.028495
