0 0.852827 0.921813 0.0265302 0.0225599
0 0.692456 0.409817 0.0325561 0.0285234
0 0.603658 0.835126 0.0312319 0.0216772
0 0.897081 0.926057 0.0303786 0.022463
0 0.338401 0.882752 0.0315464 0.025346
0 0.0467609 0.899099 0.0329081 0.0282077
0 0.703042 0.737422 0.0340652 0.0256685
0 0.936012 0.8178 0.0283725 0.0220142
0 0.80506 0.0742721 0.0293742 0.0238656
0 0.906557 0.983417 0.0291752 0.0236614
0 0.354394 0.854495 0.0267743 0.0270622
0 0.187108 0.940607 0.0278414 0.0302851
0 0.413344 0.992043 0.0330664 0.0159147
0 0.889359 0.252717 0.0243596 0.0235281
0 0.624253 0.328073 0.0358208 0.0234006
0 0.963583 0.774388 0.0295657 0.0284371
0 0.88143 0.304825 0.0276572 0.0260252
0 0.262075 0.936429 0.0288332 0.0257239
0 0.344537 0.988769 0.0344234 0.0224627
0 0.600855 0.245165 0.0353203 0.0246793
0 0.86843 0.173044 0.0255898 0.0259145
0 0.591604 0.958996 0.0259287 0.0239615
0 0.131019 0.00929172 0.0532769 0.0185834
0 0.899135 0.185875 0.029025 0.0233099
0 0.270735 0.0440203 0.025966 0.0241035
0 0.621038 0.462793 0.0299815 0.0242736
0 0.168801 0.872559 0.0282745 0.0253164
0 0.901303 0.984524 0.0409319 0.0260403
0 0.893377 0.949467 0.0332865 0.0229586
0 0.777407 0.106677 0.0258476 0.0217231
0 0.0366336 0.477925 0.0225722 0.0222332
0 0.663538 0.500835 0.0291299 0.0241215
0 0.239042 0.132946 0.0493859 0.0347439
0 0.129844 0.874424 0.0272031 0.0231596
0 0.892535 0.595098 0.026835 0.0228943
0 0.631728 0.708729 0.0414163 0.0388013
0 0.794109 0.98917 0.0352874 0.0216594
0 0.534021 0.700283 0.0382186 0.024345
0 0.819318 0.267944 0.0306447 0.022402
0 0.656485 0.724529 0.0299994 0.0251425
0 0.27983 0.210344 0.028272 0.0248807
0 0.608575 0.787617 0.0321398 0.0251092
0 0.899613 0.806007 0.0366006 0.0255117
0 0.495411 0.836601 0.0370224 0.0307314
0 0.310139 0.884173 0.0198624 0.0231448
0 0.865979 0.131673 0.026157 0.0281251
0 0.0671014 0.107877 0.0314215 0.0283435
0 0.399454 0.769856 0.0300541 0.025749
0 0.172134 0.966974 0.0269696 0.0289433
0 0.331512 0.109446 0.0339477 0.032351
0 0.0602389 0.0281997 0.0360851 0.0290122
0 0.717274 0.884252 0.024307 0.0199609
0 0.368346 0.744628 0.0275962 0.0234255
0 0.568983 0.92449 0.030152 0.0257058
0 0.768174 0.975971 0.0279761 0.0232673
0 0.736414 0.546933 0.032319 0.0249819
0 0.742977 0.418621 0.0265146 0.0222974
0 0.611296 0.93765 0.0259454 0.0242958
0 0.572765 0.486334 0.0238264 0.0239471
0 0.214249 0.185688 0.0330172 0.0240607
0 0.168375 0.543917 0.029185 0.0259448
0 0.573578 0.797226 0.0387539 0.0292097
0 0.987619 0.637883 0.0247626 0.0213563
0 0.98721 0.800272 0.0254984 0.0286867
0 0.00884753 0.78768 0.0176951 0.0177311
0 0.448973 0.0211881 0.0289473 0.0234892
0 0.206324 0.0596602 0.03292 0.0300835
0 0.455215 0.805205 0.029203 0.0218413
0 0.876275 0.769672 0.0247114 0.0223939
0 0.395512 0.906912 0.0310964 0.028383
0 0.764239 0.519536 0.031248 0.0267953
0 0.550839 0.0876959 0.0438121 0.0368329
0 0.700471 0.938126 0.030234 0.0188938
0 0.829872 0.925582 0.0221314 0.0276724
0 0.221942 0.767202 0.0337612 0.0229328
0 0.627622 0.301401 0.0329746 0.0277576
0 0.343455 0.0118919 0.029371 0.0236802
0 0.292929 0.431627 0.0291236 0.0244962
0 0.566953 0.369098 0.0256532 0.026728
0 0.400165 0.134612 0.0248683 0.0236614
0 0.902588 0.688503 0.0232534 0.0235001
0 0.440707 0.836599 0.0291834 0.0259219
0 0.869513 0.856823 0.0269679 0.0290787
0 0.248361 0.482066 0.0297975 0.0314938
0 0.238825 0.120405 0.0510396 0.0532805
0 0.142271 0.70718 0.0231232 0.0239553
0 0.57993 0.554506 0.0265019 0.0258773
0 0.895284 0.446232 0.0263042 0.0286711
0 0.239804 0.860847 0.0262664 0.0303044
0 0.3703 0.689156 0.0313072 0.0290086
0 0.136943 0.078128 0.0315655 0.0298472
0 0.387308 0.505033 0.028258 0.0329018
0 0.681192 0.820957 0.0253401 0.0281029
0 0.897283 0.11503 0.0288034 0.0305417
0 0.255269 0.772267 0.0329432 0.0266071
0 0.258938 0.245437 0.0410504 0.0236133
0 0.0463745 0.699629 0.0218809 0.0246572
0 0.277509 0.111138 0.0307411 0.0256648
0 0.343526 0.276045 0.0267954 0.0290795
0 0.699046 0.176865 0.0234216 0.0244853
0 0.556607 0.130996 0.0300953 0.0197041
0 0.172457 0.768353 0.0255272 0.0257958
0 0.945681 0.184869 0.0220726 0.0228748
0 0.94739 0.427067 0.0284805 0.0263425
0 0.947049 0.0659203 0.0269839 0.0236175
0 0.122163 0.991256 0.0340348 0.017489
0 0.913055 0.126774 0.0243924 0.022499
0 0.907377 0.384659 0.0315174 0.0329214
0 0.659392 0.967769 0.0354733 0.0338885
0 0.968247 0.678375 0.0268703 0.0214431
0 0.987752 0.757614 0.0244755 0.0271719
0 0.989031 0.72874 0.0219379 0.0232838
0 0.241891 0.962563 0.0308699 0.0149765
0 0.160604 0.674469 0.0286528 0.0234265
0 0.488938 0.0326847 0.0261311 0.0244523
0 0.277038 0.838373 0.0559529 0.0428417
0 0.394953 0.132687 0.0339467 0.0264319
0 0.13122 0.229684 0.0272032 0.0213569
0 0.597281 0.242307 0.0445285 0.0334449
0 0.620098 0.0200621 0.0306584 0.0255231
0 0.196393 0.0317289 0.0272263 0.0233359
0 0.642179 0.0612877 0.0313048 0.0268045
0 0.562452 0.664826 0.0267076 0.0239373
0 0.642498 0.107797 0.029269 0.0247316
0 0.528649 0.123032 0.0359088 0.0246312
0 0.462652 0.805353 0.0322336 0.0198194
0 0.0804746 0.987911 0.0344753 0.0241786
0 0.823558 0.291668 0.0341845 0.0235942
0 0.203196 0.0316116 0.0414452 0.0285341
0 0.0142867 0.043897 0.0285735 0.0229682
0 0.752899 0.949633 0.0257877 0.0209226
0 0.34919 0.806363 0.0241786 0.0197519
0 0.674669 0.475195 0.0279633 0.0247803
0 0.559786 0.16872 0.0385049 0.0241322
0 0.271096 0.0441355 0.0339163 0.0269958
0 0.408268 0.814143 0.0419022 0.0433968
0 0.418707 0.0883173 0.0248281 0.0233254
0 0.484733 0.545865 0.0336705 0.0244185
0 0.743274 0.343799 0.0279064 0.0238643
0 0.513306 0.798286 0.021627 0.0229623
0 0.511877 0.661825 0.0395208 0.0288297
0 0.506822 0.991361 0.0349292 0.0172788
0 0.586064 0.771513 0.0287982 0.0252115
0 0.990235 0.194871 0.0194553 0.0206306
0 0.329981 0.0557709 0.0258142 0.0230322
0 0.76652 0.389021 0.0312651 0.0223547
0 0.777388 0.101699 0.0265359 0.0281534
0 0.912418 0.615792 0.0283043 0.0203044
0 0.455886 0.743993 0.0330335 0.0235969
0 0.068847 0.0074093 0.0414081 0.0148186
0 0.20289 0.0491953 0.0331683 0.0172416
0 0.190184 0.427058 0.0453203 0.0412039
0 0.456401 0.453704 0.0247244 0.0210077
0 0.515411 0.910679 0.0290234 0.0263435
0 0.90631 0.0703435 0.0280095 0.0215034
0 0.479055 0.771661 0.0265465 0.0245876
0 0.562165 0.898627 0.0255803 0.0236539
0 0.728587 0.0983391 0.0377365 0.0229072
0 0.991108 0.988069 0.0177831 0.0238625
0 0.262484 0.676029 0.0318999 0.0196991
0 0.486759 0.264045 0.0296948 0.0259162
0 0.726465 0.925774 0.0270406 0.0220373
0 0.23849 0.960041 0.037213 0.0204709
0 0.510536 0.0459421 0.0227485 0.0233343
0 0.49931 0.192771 0.0297855 0.0255568
0 0.704091 0.802997 0.025999 0.0283944
0 0.952937 0.226771 0.0283068 0.0236686
0 0.617651 0.651556 0.0303552 0.0210989
0 0.263571 0.751078 0.0299521 0.0234341
0 0.23593 0.956806 0.0322106 0.0246538
0 0.398028 0.658168 0.0300318 0.0244383
0 0.085547 0.204009 0.0313976 0.0287558
0 0.545021 0.363065 0.0269216 0.0266658
0 0.366835 0.110508 0.0298807 0.0274366
0 0.402258 0.294034 0.0328354 0.0247357
0 0.452549 0.47252 0.0351349 0.0210269
0 0.948039 0.563898 0.0298659 0.0301132
0 0.0126455 0.492922 0.0252909 0.0365243
0 0.989551 0.863214 0.0208206 0.0184065
0 0.160575 0.170732 0.0283015 0.023059
0 0.307532 0.404667 0.0362622 0.0213915
0 0.69256 0.811448 0.023666 0.017772
0 0.976197 0.25839 0.0354289 0.0246013
0 0.717784 0.650425 0.049881 0.0429601
0 0.669481 0.179026 0.0306523 0.0270997
0 0.419575 0.451788 0.0309494 0.0311532
0 0.701546 0.800656 0.032048 0.0303532
0 0.24615 0.526382 0.0484882 0.0484368
0 0.061978 0.0237123 0.0399283 0.0356489
0 0.955879 0.185597 0.0419649 0.0248504
0 0.643628 0.643139 0.0330985 0.0218254
0 0.597728 0.594976 0.0254031 0.0256552
0 0.501303 0.978097 0.0425276 0.0246508
0 0.92867 0.1091 0.0319837 0.0190591
0 0.9943 0.0478784 0.0113766 0.0278013
0 0.363974 0.279675 0.0260963 0.0331832
0 0.053061 0.837967 0.104742 0.0952647
0 0.551223 0.587646 0.0357001 0.0297633
0 0.886282 0.984706 0.0300871 0.0178983
0 0.20267 0.991332 0.0293186 0.0173369
0 0.0215671 0.144871 0.0372082 0.0265195
0 0.645558 0.24409 0.025593 0.0209487
0 0.0183732 0.686116 0.0312177 0.0254011
0 0.220286 0.214352 0.033494 0.0338455
0 0.685608 0.321375 0.0235164 0.0204183
0 0.313362 0.93048 0.0254732 0.0230183
0 0.74931 0.164022 0.0223335 0.0260752
0 0.247042 0.582346 0.0253965 0.0203384
0 0.21144 0.839151 0.0282974 0.0317907
0 0.618037 0.871046 0.0252503 0.0253484
0 0.807958 0.794967 0.0254769 0.0283171
0 0.751386 0.222733 0.0311856 0.0326313
0 0.292899 0.924184 0.0237267 0.022414
0 0.474436 0.42909 0.0350964 0.0316186
0 0.815735 0.244839 0.0280399 0.0163093
0 0.742662 0.0427239 0.0252072 0.0212064
0 0.205809 0.0509308 0.0361243 0.0231625
0 0.288726 0.297689 0.0376202 0.0351677
0 0.441979 0.473149 0.0270582 0.0203283
0 0.434919 0.420009 0.029024 0.0215731
0 0.965381 0.186031 0.0309538 0.0269822
0 0.766561 0.667779 0.0239443 0.0264258
0 0.57673 0.793272 0.0441007 0.0344857
0 0.00898219 0.126553 0.0179644 0.02293
0 0.756872 0.324276 0.0305771 0.0236696
0 0.581611 0.841302 0.0225633 0.0278854
0 0.575593 0.321279 0.0332744 0.0340593
0 0.121922 0.341273 0.0341149 0.0291295
0 0.515079 0.938378 0.0303764 0.024132
0 0.366798 0.104135 0.0324104 0.0381054
0 0.800953 0.446844 0.0427845 0.0261985
0 0.538145 0.293574 0.0267946 0.0233298
0 0.994387 0.615177 0.0112268 0.0266942
0 0.0479348 0.780053 0.0188241 0.020092
0 0.755502 0.0938063 0.0315208 0.02493
0 0.0977511 0.133572 0.0364955 0.0206909
0 0.196161 0.12036 0.0259188 0.0228668
0 0.516437 0.967232 0.0315216 0.0331658
0 0.0486739 0.699081 0.0287542 0.0295753
0 0.449321 0.218301 0.0238948 0.0284003
0 0.0312505 0.72398 0.0354816 0.0266847
0 0.803703 0.149479 0.0288283 0.0234538
0 0.629459 0.241873 0.0172587 0.0256051
0 0.635332 0.880316 0.024135 0.0278509
0 0.290198 0.302741 0.0358149 0.0311751
0 0.18689 0.336938 0.0360901 0.0282955
0 0.762324 0.432783 0.0281166 0.0221666
0 0.299522 0.433849 0.0404659 0.0267408
0 0.0579622 0.579591 0.0399218 0.0332972
0 0.33216 0.833816 0.026462 0.0283059
0 0.481701 0.548815 0.0381986 0.0288284
0 0.859496 0.348302 0.0228183 0.0243662
0 0.814282 0.876854 0.0282032 0.0301408
0 0.231242 0.601774 0.0263939 0.0220297
0 0.635488 0.176805 0.0252346 0.0195261
0 0.0990592 0.447449 0.0257664 0.0217726
0 0.478661 0.71126 0.0307597 0.0203883
0 0.0341572 0.976293 0.0617517 0.0470027
0 0.994173 0.303797 0.0116537 0.0196196
0 0.629912 0.238448 0.0197461 0.0262563
0 0.821338 0.221554 0.0335459 0.0268941
0 0.732534 0.801226 0.0280821 0.0281224
0 0.687365 0.855238 0.0305475 0.0300124
0 0.990518 0.228051 0.0189645 0.0174824
0 0.0461649 0.246874 0.0295978 0.0274817
0 0.819114 0.748738 0.0341666 0.030974
0 0.225719 0.764366 0.029194 0.0224219
0 0.328621 0.0522541 0.0279303 0.029979
0 0.786217 0.767477 0.0372433 0.0293608
0 0.349432 0.801441 0.0260374 0.0236375
0 0.24739 0.353127 0.0428989 0.0360845
0 0.475238 0.703092 0.0257894 0.0304615
0 0.694704 0.622701 0.0292817 0.0240061
0 0.023025 0.251817 0.0185642 0.0206998
0 0.609048 0.0477718 0.0384453 0.0230551
0 0.927897 0.102972 0.0372539 0.030422
0 0.463049 0.0615398 0.0287211 0.0189638
0 0.0740062 0.00627948 0.0349616 0.012559
0 0.360207 0.78283 0.0275452 0.0220805
0 0.0809676 0.742075 0.0260156 0.0218909
0 0.925729 0.0976291 0.0347605 0.033436
0 0.716519 0.860175 0.025888 0.0260749
0 0.0129751 0.0399562 0.0259501 0.0229505
0 0.103609 0.497544 0.0269359 0.0231937
0 0.397 0.545119 0.0296975 0.0288582
0 0.572425 0.403507 0.0338824 0.0212621
0 0.595461 0.238451 0.052549 0.0396843
0 0.0933808 0.538679 0.0283276 0.029891
0 0.661984 0.119472 0.0278816 0.0189642
0 0.992642 0.254318 0.0147156 0.0286527
0 0.132219 0.611503 0.0268019 0.0246825
0 0.717246 0.884356 0.0310488 0.023044
0 0.837675 0.620445 0.0272911 0.0250283
0 0.993929 0.61966 0.0117597 0.0247634
0 0.383279 0.40722 0.0438989 0.0396345
0 0.924136 0.588157 0.0258496 0.0232009
0 0.776434 0.580122 0.0295489 0.0219128
0 0.548918 0.193705 0.0233437 0.0173028
0 0.474647 0.697285 0.0242699 0.0208759
0 0.971644 0.090777 0.0484366 0.0452133
0 0.700326 0.0733156 0.0320856 0.0223699
0 0.922916 0.0885145 0.0308121 0.0221935
0 0.693796 0.597718 0.0333429 0.0285897
0 0.258045 0.935824 0.0350244 0.0311847
0 0.858769 0.605378 0.0200922 0.0297914
0 0.777189 0.176199 0.0283257 0.0213452
0 0.895415 0.986596 0.0497131 0.0209776
0 0.494028 0.97807 0.029908 0.0212631
0 0.536129 0.624127 0.0287439 0.0273092
0 0.60114 0.234108 0.0486832 0.0375522
0 0.385929 0.508675 0.0336998 0.0400469
0 0.838022 0.523835 0.0273189 0.0285301
0 0.769382 0.633229 0.0251488 0.0288486
0 0.415862 0.641169 0.0223835 0.021904
0 0.738199 0.865426 0.0254613 0.0218698
0 0.136009 0.424943 0.0302634 0.026116
0 0.053897 0.635752 0.0289168 0.0254195
0 0.711799 0.806798 0.0226623 0.0214934
0 0.76433 0.0373772 0.0270322 0.028886
0 0.988599 0.739104 0.0227766 0.0201717
0 0.790825 0.824383 0.0281906 0.0261062
0 0.287436 0.291705 0.036817 0.0252007
0 0.930982 0.615715 0.0192564 0.0204384
0 0.73499 0.838165 0.0258647 0.0330051
0 0.748522 0.947346 0.0302221 0.0198011
0 0.946649 0.249262 0.0220779 0.022761
0 0.923072 0.594087 0.0258893 0.0272663
0 0.753319 0.33106 0.036256 0.0248043
0 0.240581 0.112615 0.049097 0.0356438
0 0.773523 0.176787 0.021693 0.019873
0 0.0382921 0.478511 0.0287405 0.0258062
0 0.374209 0.647188 0.0217327 0.0244139
0 0.678481 0.0488795 0.0268316 0.0249285
0 0.905323 0.386737 0.038497 0.0416267
0 0.119798 0.336903 0.0297519 0.0306525
0 0.607837 0.0871717 0.0306694 0.0256338
0 0.235089 0.60039 0.0305338 0.0221511
0 0.511966 0.161308 0.0310713 0.0272034
0 0.988866 0.250449 0.0220355 0.0266014
0 0.30759 0.435487 0.0336158 0.0239496
0 0.640021 0.241612 0.0361858 0.0270863
0 0.807842 0.125394 0.0252464 0.0224852
0 0.981104 0.765013 0.0242856 0.0224537
0 0.414937 0.0190178 0.0258509 0.024538
