0 0.845957 0.299437 0.036116 0.0292772
0 0.583595 0.802902 0.035675 0.0337625
0 0.66627 0.344484 0.0257611 0.0282626
0 0.252123 0.0952121 0.0296008 0.0252551
0 0.87901 0.830477 0.0368833 0.0289918
0 0.310897 0.580789 0.0280355 0.0239192
0 0.503945 0.0648464 0.0346894 0.0357845
0 0.786858 0.804278 0.0236797 0.0296028
0 0.0509043 0.71391 0.0322721 0.0270071
0 0.0402881 0.933196 0.0352712 0.0360292
0 0.880988 0.444311 0.0310741 0.0351373
0 0.645165 0.605369 0.0226587 0.0247114
0 0.869762 0.727826 0.0257552 0.02624
0 0.521301 0.248291 0.0303608 0.0284876
0 0.548814 0.186597 0.0288346 0.0244654
0 0.503728 0.222145 0.0268073 0.0316347
0 0.982958 0.900063 0.032908 0.0302052
0 0.309959 0.624727 0.0360469 0.0370047
0 0.526837 0.832411 0.0317298 0.0318061
0 0.668875 0.616393 0.0281128 0.0302929
0 0.0980265 0.947217 0.0252854 0.0264069
0 0.800286 0.423702 0.0303848 0.0251983
0 0.114102 0.986081 0.0354274 0.0278376
0 0.174996 0.379651 0.0342708 0.0332316
0 0.986568 0.520398 0.0268643 0.0290124
0 0.421455 0.836264 0.0345643 0.0364874
0 0.636542 0.507312 0.0355841 0.0334158
0 0.0824345 0.477763 0.0366127 0.0302843
0 0.641931 0.272317 0.0328887 0.0271488
0 0.686736 0.896883 0.0314842 0.0349918
0 0.351483 0.923762 0.0291135 0.0265228
0 0.564546 0.210745 0.0317834 0.0272934
0 0.318417 0.820014 0.0295564 0.0285549
0 0.682705 0.980864 0.0332325 0.0380726
0 0.012685 0.18076 0.02537 0.0338662
0 0.836008 0.253753 0.0211594 0.0296572
0 0.279595 0.884972 0.029028 0.0381831
0 0.931223 0.0617222 0.0320294 0.0296811
0 0.702234 0.461998 0.0324827 0.0310514
0 0.73564 0.762123 0.0292168 0.0281107
0 0.988892 0.187183 0.0221186 0.0294996
0 0.152428 0.0563401 0.0390552 0.0346759
0 0.611464 0.760616 0.0234367 0.0314263
0 0.947843 0.675945 0.0268462 0.0321864
0 0.505083 0.660924 0.0241117 0.0264013
0 0.753863 0.991079 0.0330545 0.0178419
0 0.349553 0.0430992 0.0373574 0.0337976
0 0.654572 0.933996 0.031523 0.029072
0 0.664181 0.673879 0.0373883 0.0322113
0 0.621457 0.244839 0.029789 0.0312606
0 0.769453 0.91836 0.0258016 0.0235718
0 0.644826 0.254481 0.0368513 0.0298393
0 0.287177 0.987403 0.0472376 0.0251948
0 0.0123092 0.723843 0.0246185 0.0324497
0 0.00576363 0.498703 0.0115273 0.0315415
0 0.180282 0.870524 0.031271 0.0291073
0 0.534288 0.685358 0.0284699 0.0264204
