0 0.0276939 0.956345 0.0309119 0.0300137
0 0.00952303 0.991846 0.0190461 0.0163078
0 0.339505 0.988537 0.0461095 0.0229252
0 0.936391 0.666793 0.0288074 0.0220472
0 0.968401 0.502217 0.0279824 0.0259909
0 0.302309 0.321706 0.0294724 0.0266469
0 0.932225 0.48207 0.0231231 0.0227677
0 0.98648 0.332948 0.027039 0.0262521
0 0.93398 0.589206 0.0250999 0.0221373
0 0.0176352 0.381591 0.0352705 0.037509
0 0.161011 0.208632 0.0295896 0.0279696
0 0.0627289 0.775756 0.0304767 0.0304933
0 0.182889 0.593838 0.0266048 0.0235718
0 0.249611 0.598978 0.0253408 0.0259974
0 0.988886 0.24047 0.0218369 0.0274115
0 0.0525141 0.972959 0.0308792 0.0282778
0 0.922062 0.959087 0.0267338 0.0225858
0 0.186769 0.929162 0.0298954 0.0249425
0 0.722432 0.949331 0.0314692 0.0307481
0 0.265692 0.333279 0.0293704 0.0284087
0 0.986928 0.383466 0.0260606 0.0261917
0 0.878599 0.920066 0.0260674 0.0235865
0 0.31081 0.403399 0.0277675 0.0263281
0 0.101264 0.223729 0.0312953 0.0297608
0 0.94806 0.635226 0.0345706 0.0268626
0 0.854367 0.661358 0.0268591 0.0226194
0 0.970549 0.605167 0.0280513 0.0266837
0 0.301684 0.61514 0.0269547 0.023742
0 0.594419 0.707992 0.0277001 0.0268203
0 0.0306459 0.765547 0.0296511 0.0281329
0 0.159975 0.870826 0.0302805 0.0235097
0 0.826222 0.843297 0.0331614 0.0306051
0 0.214663 0.43283 0.0303425 0.0248907
0 0.88352 0.71985 0.0256835 0.0246857
0 0.353015 0.598294 0.0240165 0.0239253
0 0.265853 0.327053 0.0326873 0.0391792
0 0.461679 0.666675 0.0280721 0.022213
0 0.892426 0.234456 0.0282521 0.0282727
0 0.307111 0.614507 0.0383438 0.028187
0 0.084781 0.739865 0.0346801 0.026631
0 0.531586 0.991027 0.0300503 0.0179461
0 0.395382 0.897587 0.0311902 0.0289907
0 0.315033 0.636746 0.0254651 0.0204414
0 0.3229 0.376058 0.025116 0.0268946
0 0.239013 0.49571 0.0336178 0.0291744
0 0.481832 0.0582085 0.0242657 0.0236792
0 0.553826 0.77261 0.0265151 0.0275759
0 0.817158 0.582509 0.0270018 0.02404
0 0.249754 0.231041 0.0255287 0.024435
0 0.950519 0.096518 0.0312169 0.0268961
0 0.280413 0.593792 0.0303288 0.0263332
0 0.789254 0.213998 0.0272523 0.0267123
0 0.951029 0.114039 0.0300224 0.0282894
0 0.209002 0.400705 0.0308678 0.0301465
0 0.809309 0.808086 0.0292396 0.0294904
0 0.495618 0.252565 0.0246789 0.0283306
0 0.338956 0.0766589 0.0291312 0.0251131
0 0.31206 0.29295 0.0276616 0.0257452
0 0.877031 0.0829243 0.0413481 0.029585
0 0.607655 0.65945 0.028762 0.0232582
0 0.276145 0.753692 0.0283011 0.0291964
0 0.00599127 0.960032 0.0119825 0.0252481
0 0.80985 0.528809 0.0234084 0.0233851
0 0.353848 0.268397 0.0308746 0.02014
0 0.477804 0.840187 0.0275911 0.0211536
0 0.527738 0.0442489 0.0298274 0.0237653
0 0.905412 0.701368 0.026945 0.0252634
0 0.330574 0.534754 0.026867 0.024837
0 0.0753778 0.0936157 0.0288875 0.0288424
0 0.40361 0.614835 0.0187818 0.0217592
0 0.140836 0.757955 0.0251211 0.0254656
0 0.224102 0.331663 0.0306433 0.0285119
0 0.803783 0.0825649 0.0264739 0.0221848
0 0.533013 0.862461 0.0258333 0.0264515
0 0.850904 0.533607 0.0246736 0.0259626
0 0.10706 0.685326 0.0267989 0.0228486
0 0.0928383 0.0317111 0.0258886 0.0276303
0 0.331353 0.446336 0.0287336 0.0251356
0 0.371678 0.644513 0.0252536 0.0234061
0 0.860864 0.109557 0.0264212 0.0253332
0 0.0683751 0.306236 0.0296467 0.024913
0 0.386908 0.383495 0.0253679 0.0268537
0 0.864367 0.895388 0.028663 0.0269386
0 0.0793534 0.88115 0.029814 0.028493
0 0.0383506 0.526686 0.0245689 0.0207157
0 0.537276 0.0294193 0.028618 0.0254517
0 0.628784 0.800139 0.0374136 0.0314355
0 0.101073 0.93477 0.0287936 0.0281109
0 0.962821 0.552551 0.0271024 0.0302809
0 0.146976 0.242466 0.030531 0.0266677
0 0.940636 0.553724 0.0248574 0.0249854
0 0.0986132 0.309847 0.0273777 0.0251375
0 0.0278095 0.951454 0.0333091 0.0367543
0 0.529211 0.0408777 0.0345071 0.0299484
0 0.839283 0.611206 0.0218684 0.0202416
0 0.84575 0.821132 0.0251359 0.02332
0 0.208172 0.299015 0.0239711 0.0245893
0 0.757375 0.0511445 0.0277389 0.029021
0 0.968588 0.457985 0.0254737 0.0238453
0 0.576917 0.303158 0.0190857 0.0291391
0 0.0235541 0.190592 0.0277658 0.0246363
0 0.271914 0.532838 0.0240228 0.0283416
0 0.491023 0.965287 0.0319659 0.0273787
0 0.479101 0.702548 0.0284223 0.0222788
0 0.119076 0.610648 0.0277012 0.0247086
0 0.118598 0.558985 0.0280767 0.0263539
0 0.288111 0.812442 0.0271246 0.0258594
0 0.398058 0.819858 0.0298633 0.0243674
0 0.278827 0.841492 0.0264987 0.024397
0 0.712222 0.691033 0.0272562 0.024245
0 0.451249 0.604995 0.0265388 0.027945
0 0.420555 0.448629 0.0200698 0.0296108
0 0.767417 0.508378 0.031766 0.0273038
0 0.188044 0.847779 0.0274151 0.0258187
0 0.297067 0.444468 0.0246024 0.0243951
0 0.00749907 0.175829 0.0149981 0.0255744
0 0.952053 0.472789 0.0233415 0.0243729
0 0.759925 0.858001 0.0201775 0.0247031
0 0.111871 0.112793 0.0234161 0.0250636
0 0.960614 0.0321224 0.0282528 0.0270308
0 0.705262 0.754462 0.0247428 0.0273108
0 0.871903 0.012668 0.038412 0.025336
0 0.316308 0.211905 0.0290582 0.0298558
0 0.213039 0.4352 0.0372513 0.0295872
0 0.708933 0.718773 0.0249421 0.0218566
0 0.262262 0.795052 0.0291571 0.0274875
0 0.0957207 0.783235 0.0264143 0.0227463
0 0.890708 0.0554107 0.0274242 0.0283312
0 0.315864 0.612213 0.0268247 0.0270426
0 0.922176 0.570412 0.0247291 0.021031
0 0.740729 0.690239 0.0314629 0.0279171
0 0.367713 0.531599 0.0294046 0.0225794
0 0.267084 0.691831 0.0257286 0.0261275
0 0.419087 0.70634 0.028086 0.0281384
0 0.236909 0.572428 0.0249595 0.0270556
0 0.0858023 0.916011 0.0342476 0.0332325
0 0.0242065 0.149684 0.0229035 0.0222396
0 0.0344345 0.462715 0.0224858 0.0271739
0 0.461136 0.316957 0.0245333 0.0261106
0 0.771062 0.646872 0.0273848 0.0251856
0 0.695523 0.926358 0.0278491 0.0228025
0 0.661004 0.111114 0.0311729 0.0266665
0 0.0316803 0.458761 0.0273781 0.0245526
0 0.870737 0.956489 0.02802 0.0241988
0 0.840739 0.0189632 0.0235209 0.0244195
0 0.171541 0.279249 0.0248468 0.0248787
0 0.564866 0.752235 0.029445 0.0243574
0 0.219847 0.355906 0.0275944 0.0286945
0 0.721868 0.561841 0.028488 0.0267696
0 0.566289 0.727733 0.0264608 0.0245699
0 0.0748932 0.540593 0.022972 0.0195057
0 0.801841 0.457703 0.0264483 0.0236937
0 0.208118 0.45868 0.0243929 0.0236503
0 0.935774 0.0693083 0.0295145 0.0268304
0 0.156013 0.889906 0.0285662 0.0210086
0 0.38258 0.606677 0.027973 0.0273618
0 0.474978 0.714342 0.0336424 0.0300714
0 0.179444 0.153881 0.0416226 0.0375291
0 0.43658 0.317621 0.030985 0.0307349
0 0.338751 0.661016 0.0327855 0.0278724
0 0.530508 0.0360445 0.0397471 0.0365667
0 0.888667 0.658355 0.0254734 0.0244063
0 0.860367 0.464463 0.0279989 0.0270332
0 0.448388 0.158525 0.0250397 0.0230116
0 0.799622 0.0163282 0.0301381 0.0286748
0 0.00976498 0.236499 0.01953 0.0265953
0 0.150845 0.26438 0.0264707 0.0251355
0 0.0766461 0.168703 0.0384498 0.0307128
0 0.581609 0.363914 0.0373092 0.0353588
0 0.0591067 0.143973 0.0274754 0.0278824
0 0.762557 0.767248 0.023976 0.024558
0 0.0730577 0.990903 0.02204 0.0181937
0 0.801237 0.113846 0.0271143 0.0270716
0 0.271091 0.983918 0.0261623 0.0280422
0 0.443375 0.442686 0.0248106 0.0268673
0 0.222534 0.270938 0.0279558 0.024067
0 0.0199165 0.826324 0.0316318 0.0314987
0 0.131527 0.71375 0.0265739 0.024875
0 0.352167 0.560551 0.0290146 0.0252188
0 0.600549 0.794217 0.0239602 0.030696
0 0.0853622 0.521807 0.0320778 0.0216355
0 0.314082 0.618864 0.0299506 0.0279746
0 0.784872 0.436649 0.0246523 0.0244444
0 0.410004 0.194234 0.0308613 0.0294586
0 0.95822 0.579683 0.0234262 0.0191625
0 0.248529 0.384084 0.0337437 0.0253713
0 0.282691 0.677519 0.0273405 0.0242289
0 0.0837935 0.74571 0.0341311 0.0335247
0 0.24844 0.594643 0.0276052 0.0282403
0 0.522314 0.467006 0.0238421 0.0237115
0 0.993433 0.268893 0.0130577 0.0270052
0 0.831854 0.801157 0.026714 0.0285765
0 0.273879 0.271711 0.0294877 0.0320171
0 0.596513 0.881852 0.034842 0.0407982
0 0.172193 0.753778 0.0328428 0.0270173
0 0.408013 0.792806 0.0255141 0.0264134
0 0.0259076 0.892403 0.0238855 0.0265427
0 0.391161 0.645319 0.0182541 0.027853
0 0.351065 0.287132 0.037419 0.0222282
0 0.940617 0.748522 0.0288172 0.0284098
0 0.257736 0.109862 0.0310604 0.0269473
0 0.131667 0.486633 0.0357666 0.0314084
0 0.591105 0.236496 0.0213936 0.0297636
0 0.816641 0.442257 0.0245641 0.0250059
0 0.735436 0.768847 0.0313749 0.0291154
0 0.783617 0.987459 0.0413662 0.0243922
0 0.84741 0.931619 0.0236543 0.0311002
0 0.845013 0.767818 0.0267272 0.0233468
0 0.27097 0.284625 0.0288681 0.0224811
0 0.700561 0.754853 0.0323567 0.0291247
0 0.521902 0.665837 0.0383554 0.0356284
0 0.917689 0.876099 0.0261777 0.0246433
0 0.7096 0.0556271 0.0232124 0.025598
0 0.0437017 0.623699 0.0342466 0.0304608
0 0.363723 0.163241 0.0283178 0.0222927
0 0.00850105 0.259921 0.0170021 0.0199667
0 0.249299 0.635886 0.0239759 0.0285798
0 0.837086 0.0857903 0.0230799 0.0264074
0 0.148029 0.594579 0.0283785 0.0243681
0 0.790029 0.992198 0.0347388 0.0156045
0 0.00744295 0.347432 0.0148859 0.0251015
0 0.232202 0.895498 0.0293334 0.0272982
0 0.685695 0.0346824 0.0261759 0.0254913
0 0.801943 0.175588 0.0240786 0.0262745
0 0.244012 0.63531 0.0326904 0.0274106
0 0.207178 0.466988 0.022915 0.0374589
0 0.155161 0.836289 0.0281715 0.0271033
0 0.990166 0.253942 0.0192082 0.0461973
0 0.0420849 0.562287 0.0284526 0.0273054
0 0.628843 0.991475 0.0412248 0.0170493
0 0.629599 0.0202728 0.0289859 0.0291085
0 0.486219 0.658215 0.0297404 0.0300792
0 0.486193 0.963177 0.0416445 0.0301538
0 0.947946 0.632099 0.0376519 0.035395
0 0.920738 0.372781 0.0249542 0.0298687
0 0.674672 0.199028 0.0289423 0.0269041
0 0.533326 0.861855 0.0331493 0.030841
0 0.184689 0.232019 0.031544 0.0292788
0 0.708197 0.541432 0.0249134 0.0261876
0 0.545221 0.281801 0.0237517 0.0211776
0 0.317233 0.379515 0.0339173 0.0301622
0 0.806318 0.237782 0.0302967 0.0253914
0 0.0800747 0.188227 0.029529 0.0260118
0 0.672515 0.431124 0.0281687 0.0259586
0 0.392756 0.425978 0.0251862 0.0263409
0 0.0329317 0.558783 0.046851 0.0336199
0 0.0819705 0.527831 0.0342685 0.027935
0 0.250891 0.260719 0.0279312 0.0265698
0 0.237033 0.285998 0.0255454 0.0277856
0 0.0790813 0.176993 0.0365062 0.0410972
0 0.138736 0.973366 0.0227836 0.0272385
