0 0.897433 0.991429 0.0343606 0.0171422
0 0.614794 0.61895 0.040878 0.0352734
0 0.182603 0.935741 0.0334194 0.0264864
0 0.430769 0.455885 0.0342044 0.0307922
0 0.736152 0.662459 0.0320385 0.0363408
0 0.707273 0.840847 0.0358485 0.0326472
0 0.821048 0.557508 0.0278332 0.0363526
0 0.936302 0.284086 0.0312777 0.029765
0 0.839134 0.584362 0.0316577 0.0397465
0 0.687904 0.698964 0.0320148 0.0273111
0 0.150026 0.984772 0.0316804 0.0304552
0 0.307941 0.991364 0.0208687 0.0172713
0 0.472132 0.0439147 0.0301586 0.0300555
0 0.550992 0.0836624 0.0401009 0.0322604
0 0.977648 0.988444 0.0393737 0.023111
0 0.949425 0.243111 0.0347872 0.0340014
0 0.985196 0.160138 0.0296085 0.0322982
0 0.468045 0.506539 0.034981 0.0364917
0 0.780184 0.562404 0.0342331 0.0392673
0 0.0334885 0.901296 0.0375817 0.0317768
0 0.462189 0.989001 0.0372862 0.0219973
0 0.512908 0.533536 0.0281987 0.0409458
0 0.699143 0.674041 0.0280894 0.0318357
0 0.985371 0.297641 0.0291885 0.0387768
0 0.28086 0.624629 0.0300338 0.0228702
0 0.958968 0.908568 0.0406839 0.0369801
0 0.993372 0.970108 0.0130407 0.0551139
0 0.992951 0.960506 0.0140196 0.0376796
0 0.7851 0.524948 0.0443513 0.0348882
0 0.213163 0.548837 0.0318648 0.0323604
0 0.339971 0.879868 0.0281226 0.0292398
0 0.994402 0.982295 0.0111141 0.0354095
0 0.0295585 0.765926 0.0294759 0.0264012
0 0.54561 0.0858059 0.0500178 0.0367319
0 0.364605 0.881875 0.0274781 0.0303544
0 0.446509 0.545335 0.0266392 0.0378003
0 0.222155 0.389219 0.0341036 0.0377039
0 0.300273 0.856675 0.0405793 0.036468
0 0.242642 0.519067 0.0235854 0.0268294
0 0.624955 0.147331 0.0291767 0.0366012
0 0.762393 0.853026 0.0325821 0.0407281
0 0.164065 0.985355 0.0557256 0.0292892
0 0.213123 0.963373 0.0289857 0.0326932
0 0.935332 0.780986 0.0268005 0.0256265
0 0.477055 0.466877 0.0359694 0.033232
0 0.640615 0.989589 0.0307084 0.0208219
0 0.665192 0.883534 0.0351769 0.0343502
0 0.914941 0.805377 0.0447086 0.0317112
0 0.567558 0.0342384 0.0298364 0.0343715
0 0.175485 0.988623 0.0348551 0.0227539
0 0.394974 0.594561 0.0318476 0.0340872
0 0.807136 0.983601 0.0355501 0.0327988
0 0.985832 0.546053 0.0277409 0.0603848
0 0.336075 0.699411 0.0284016 0.035022
0 0.429975 0.581626 0.0402694 0.0372654
