0 0.800604 0.989943 0.0263634 0.0201142
0 0.589803 0.933384 0.0294018 0.0246201
0 0.794082 0.945141 0.0297933 0.0261468
0 0.934647 0.971539 0.027759 0.0218658
0 0.833613 0.920924 0.0278832 0.0275893
0 0.249403 0.057056 0.0281924 0.025648
0 0.700511 0.868682 0.0305487 0.0228426
0 0.499162 0.922803 0.0276567 0.0233471
0 0.193364 0.0270767 0.0372434 0.0249122
0 0.6202 0.958119 0.0278357 0.0240539
0 0.727468 0.645072 0.0323583 0.0295298
0 0.952191 0.892327 0.0372989 0.0347682
0 0.831277 0.858937 0.0302057 0.029126
0 0.671052 0.699161 0.0264136 0.0252231
0 0.0449067 0.186389 0.036444 0.0255819
0 0.486177 0.159876 0.0297494 0.0222223
0 0.249758 0.896853 0.0261921 0.0252509
0 0.858897 0.977683 0.0333055 0.0290844
0 0.93536 0.819362 0.0250313 0.0227617
0 0.608941 0.106623 0.035195 0.0229288
0 0.984413 0.977645 0.0262676 0.0250521
0 0.132434 0.903575 0.0332591 0.0268599
0 0.950356 0.794274 0.0294738 0.0253463
0 0.264426 0.30337 0.026214 0.0233449
0 0.215698 0.889059 0.0290625 0.0277308
0 0.0543687 0.991425 0.0281644 0.0171497
0 0.170979 0.261393 0.0263647 0.0250027
0 0.9657 0.514059 0.0290612 0.024549
0 0.010026 0.23551 0.020052 0.0294635
0 0.492925 0.647229 0.0327287 0.0275609
0 0.168395 0.239587 0.0275766 0.0237581
0 0.284314 0.313601 0.0256782 0.0248678
0 0.720835 0.488728 0.0290595 0.0252033
0 0.400186 0.994242 0.0316305 0.0115163
0 0.464222 0.594328 0.0324281 0.0281181
0 0.5298 0.589502 0.0285146 0.024466
0 0.145115 0.512099 0.0278009 0.0219511
0 0.222923 0.227373 0.0274221 0.0219123
0 0.240105 0.0985843 0.0254156 0.0209857
0 0.0647857 0.237757 0.0298901 0.0274158
0 0.764709 0.958557 0.0273232 0.0243592
0 0.127955 0.132982 0.0267699 0.0258516
0 0.674738 0.891112 0.0307391 0.0242028
0 0.0936026 0.152074 0.0295631 0.0259841
0 0.548302 0.158254 0.0279254 0.0240534
0 0.0170752 0.103321 0.0289111 0.0243423
0 0.543491 0.0987028 0.0319037 0.0255445
0 0.279219 0.908384 0.0343422 0.0286629
0 0.456044 0.319983 0.0237425 0.0249683
0 0.197959 0.919644 0.0253574 0.0238431
0 0.183814 0.391462 0.0255142 0.0236744
0 0.197809 0.426486 0.028748 0.0235972
0 0.184551 0.512581 0.0281452 0.0249707
0 0.118928 0.154726 0.0282985 0.0235623
0 0.346262 0.134678 0.0317553 0.0270602
0 0.685731 0.673693 0.025578 0.0258296
0 0.429226 0.463487 0.0441063 0.0297141
0 0.179704 0.886659 0.0245855 0.0227954
0 0.817441 0.379693 0.0319973 0.0217486
0 0.0604823 0.13819 0.02545 0.0257372
0 0.526504 0.986333 0.0316913 0.0273343
0 0.231216 0.29109 0.028923 0.0299043
0 0.317666 0.0541531 0.0266649 0.0266659
0 0.154716 0.971843 0.0419638 0.0358244
0 0.315538 0.751315 0.0356845 0.0328206
0 0.901476 0.765997 0.0331022 0.0241051
0 0.827159 0.00799117 0.0225971 0.0159823
0 0.403065 0.592297 0.0305196 0.0274084
0 0.128379 0.190558 0.0288591 0.0240507
0 0.188266 0.952514 0.0333416 0.0260664
0 0.792718 0.0216784 0.0274004 0.0261385
0 0.0167287 0.85617 0.0303965 0.0262979
0 0.775229 0.660854 0.0337197 0.0305513
0 0.668599 0.737559 0.0267073 0.0253634
0 0.0244565 0.0621207 0.0288851 0.0251887
0 0.67129 0.812783 0.0311988 0.0269315
0 0.291928 0.615713 0.0305437 0.0259951
0 0.519866 0.404821 0.0290957 0.023543
0 0.51932 0.222357 0.0390044 0.0268347
0 0.314433 0.782393 0.0264949 0.0237666
0 0.106101 0.111895 0.0280522 0.0229826
0 0.227052 0.32931 0.0270058 0.0214721
0 0.485399 0.0389757 0.0257062 0.0291267
0 0.276912 0.0445891 0.0284783 0.0248461
0 0.196688 0.348159 0.0251683 0.0239205
0 0.75883 0.232277 0.0339228 0.0320557
0 0.862761 0.776509 0.0262781 0.0246563
0 0.0139333 0.780681 0.0278666 0.0233961
0 0.46045 0.103079 0.0241036 0.0236801
0 0.316717 0.307401 0.0233725 0.0227041
0 0.883814 0.674981 0.0357228 0.0328618
0 0.590538 0.13427 0.0276439 0.0240105
0 0.228389 0.426804 0.0260923 0.0222971
0 0.409168 0.885571 0.0538505 0.0279573
0 0.0728901 0.703286 0.024771 0.0230948
0 0.912092 0.238903 0.0371414 0.031295
0 0.594026 0.495508 0.0359441 0.0313331
0 0.476493 0.728378 0.0284506 0.02616
0 0.779473 0.895059 0.0389115 0.0298711
0 0.631129 0.905131 0.0262602 0.0229318
0 0.576167 0.972276 0.0238757 0.0224067
0 0.60543 0.389069 0.0307456 0.0282515
0 0.132857 0.365634 0.0266287 0.0231201
0 0.735726 0.886814 0.0308071 0.019824
0 0.013659 0.285926 0.0273181 0.0299984
0 0.643534 0.973374 0.0263034 0.0261508
0 0.95787 0.440898 0.0294294 0.0247716
0 0.583148 0.156353 0.0265078 0.0217414
0 0.399191 0.216087 0.0325932 0.0219167
0 0.167294 0.369594 0.0244482 0.0238747
0 0.205587 0.0976705 0.0244914 0.0215885
0 0.0658541 0.292622 0.0272477 0.0229704
0 0.855085 0.752733 0.0271468 0.0261588
0 0.775043 0.988253 0.0262966 0.0227593
0 0.919134 0.162416 0.0295743 0.0282975
0 0.527601 0.137504 0.0248495 0.0234247
0 0.601605 0.220831 0.0301715 0.0236784
0 0.0724777 0.341447 0.0256796 0.0233278
0 0.101245 0.58096 0.0290364 0.0274836
0 0.982105 0.787014 0.0303887 0.0255879
0 0.454927 0.377173 0.0269402 0.0236895
0 0.144328 0.768232 0.0269849 0.0232692
0 0.0543346 0.483814 0.0267821 0.0215819
0 0.724269 0.54603 0.0280619 0.0289654
0 0.4861 0.295326 0.0280488 0.0227395
0 0.923861 0.471603 0.0293182 0.0274728
0 0.271882 0.574934 0.025331 0.0254115
0 0.571614 0.8807 0.0250325 0.0231969
0 0.317381 0.942584 0.0268982 0.0253958
0 0.368177 0.293727 0.0335599 0.0219065
0 0.24105 0.990477 0.0368918 0.0190454
0 0.388779 0.676814 0.0250046 0.022892
0 0.54593 0.206117 0.0379483 0.0262391
0 0.0881969 0.0406115 0.0249436 0.024928
0 0.681612 0.273323 0.0305166 0.0259989
0 0.167896 0.993421 0.0297922 0.0131571
0 0.0227352 0.621163 0.0301559 0.0236985
0 0.0890613 0.276457 0.025537 0.0225722
0 0.662261 0.654867 0.0293413 0.0260893
0 0.0911608 0.919796 0.022871 0.0245205
0 0.94808 0.0103665 0.0253233 0.0207329
0 0.0104199 0.827509 0.0208398 0.025238
0 0.485917 0.392451 0.0349796 0.0266586
0 0.45422 0.495122 0.0261502 0.0250098
0 0.897186 0.921213 0.0272149 0.0234508
0 0.777175 0.163664 0.0293478 0.0285574
0 0.30688 0.335403 0.0284661 0.0241096
0 0.860694 0.864152 0.0360308 0.0335784
0 0.763048 0.302415 0.0290606 0.0288292
0 0.301544 0.881686 0.0358072 0.0336187
0 0.594098 0.871285 0.0243599 0.0238708
0 0.955727 0.463394 0.0262861 0.0229145
0 0.441371 0.531625 0.0376901 0.0239227
0 0.247524 0.257127 0.026334 0.025741
0 0.636695 0.61983 0.0322841 0.0355724
0 0.546475 0.446573 0.0270314 0.0232984
0 0.89523 0.722436 0.0350402 0.031774
0 0.901566 0.0295739 0.0270275 0.0227109
0 0.986447 0.156766 0.0271059 0.0204564
0 0.973098 0.9212 0.0321288 0.029388
0 0.420581 0.307784 0.0373822 0.027048
0 0.142747 0.598714 0.0302861 0.0234777
0 0.455142 0.566907 0.0277771 0.0275546
0 0.556846 0.0254281 0.0285915 0.0231318
0 0.433814 0.207677 0.0360549 0.0266974
0 0.341439 0.370756 0.0259266 0.0230496
0 0.614753 0.916965 0.0307504 0.0251184
0 0.0164507 0.172324 0.0329013 0.0339743
0 0.853505 0.00524232 0.026325 0.0104846
0 0.050842 0.072245 0.0281832 0.0286211
0 0.808755 0.831686 0.0323511 0.0237079
0 0.192769 0.551609 0.0238444 0.0225233
0 0.583174 0.800137 0.0344002 0.0252085
0 0.391533 0.0962153 0.0252182 0.0226053
0 0.745194 0.413049 0.0269928 0.0269599
0 0.901128 0.436739 0.0439746 0.0328324
0 0.471084 0.908798 0.0298719 0.0277517
0 0.409095 0.659384 0.029531 0.0246426
0 0.816076 0.898393 0.0293605 0.0287076
0 0.895194 0.92622 0.0271767 0.0283613
0 0.879779 0.936707 0.030067 0.0220708
0 0.766243 0.85633 0.0327038 0.0295581
0 0.170938 0.158115 0.0281647 0.0274628
0 0.21829 0.978923 0.0297615 0.0247521
0 0.841523 0.89493 0.0276505 0.0274236
0 0.778227 0.373185 0.0405496 0.0281102
0 0.970802 0.0317252 0.0315745 0.0292598
0 0.20736 0.319492 0.022446 0.0220963
0 0.534494 0.246102 0.0314265 0.0248643
0 0.775179 0.416781 0.0262684 0.0263738
0 0.296406 0.0841666 0.026234 0.0236191
0 0.175068 0.923585 0.0269299 0.0220684
0 0.411605 0.847253 0.0371946 0.0271429
0 0.380257 0.977193 0.027101 0.0245594
0 0.0112621 0.0843766 0.0225242 0.0209008
0 0.542144 0.940958 0.0293446 0.0255406
0 0.424226 0.751623 0.0341289 0.0285106
0 0.472436 0.267733 0.0252537 0.0304907
0 0.466427 0.672812 0.0265119 0.0272697
0 0.0112167 0.684909 0.0224333 0.0240083
0 0.65725 0.247942 0.0356529 0.0421182
0 0.440821 0.567462 0.0382865 0.0246654
0 0.414031 0.823234 0.0332881 0.0304359
0 0.249272 0.321865 0.0230843 0.0189466
0 0.637252 0.412322 0.0320213 0.0290692
0 0.27612 0.169911 0.0296996 0.0248372
0 0.421491 0.491642 0.024997 0.0244947
0 0.180896 0.103628 0.0238601 0.0263541
0 0.261673 0.65056 0.0279608 0.0260339
0 0.553021 0.13732 0.0251232 0.0239263
0 0.0937099 0.871819 0.0308763 0.0327016
0 0.552747 0.966718 0.0260494 0.0240276
0 0.0498945 0.328091 0.0253255 0.0219187
0 0.356742 0.282842 0.0344675 0.0286822
0 0.366741 0.557571 0.0319479 0.0275301
0 0.656442 0.868487 0.0344935 0.0276287
0 0.877268 0.452305 0.0319535 0.0248099
0 0.331805 0.324366 0.0253497 0.023218
0 0.171492 0.307026 0.0266843 0.0266868
0 0.991673 0.833721 0.0166245 0.0259219
0 0.653816 0.92234 0.0270677 0.0253766
0 0.908136 0.0092422 0.0281479 0.0184844
0 0.753109 0.348292 0.0297239 0.0228927
0 0.18053 0.652413 0.029627 0.0280596
0 0.320891 0.70908 0.0310721 0.0323725
0 0.894173 0.473188 0.0291795 0.0213501
0 0.663216 0.57914 0.0339857 0.0196061
0 0.839263 0.501607 0.030749 0.0262618
0 0.810158 0.277372 0.0265883 0.022218
0 0.8832 0.40378 0.0282171 0.031258
0 0.900547 0.118643 0.0349231 0.0318892
0 0.0498439 0.581194 0.0295655 0.0282027
0 0.9375 0.770238 0.030157 0.023513
0 0.432243 0.332039 0.0304867 0.02607
0 0.625104 0.91155 0.0266364 0.0319081
0 0.249115 0.526886 0.0270785 0.0260361
0 0.67087 0.991779 0.0285992 0.0164412
0 0.407024 0.278098 0.0420197 0.0338947
0 0.0614258 0.138367 0.032531 0.0289306
0 0.320867 0.706175 0.0279886 0.0239019
0 0.524301 0.471684 0.0283755 0.0201405
0 0.560565 0.936802 0.023147 0.0274642
0 0.993983 0.929579 0.0120341 0.0246184
0 0.705514 0.632524 0.025224 0.0266607
0 0.551717 0.479676 0.0240952 0.0231687
0 0.0295439 0.00979593 0.0302316 0.0195919
0 0.570421 0.43966 0.0260628 0.0301711
0 0.946705 0.0986361 0.0312183 0.0244239
0 0.165066 0.568718 0.034889 0.0299175
0 0.487563 0.571622 0.0270953 0.0235977
0 0.262925 0.226491 0.0333477 0.0330477
0 0.411744 0.516866 0.0424505 0.0272466
0 0.520815 0.0192116 0.0258757 0.0212231
0 0.967842 0.494354 0.0273963 0.025602
0 0.861265 0.414165 0.0243847 0.0213373
0 0.465684 0.667877 0.0292488 0.0368207
0 0.135515 0.27981 0.0341298 0.0244971
0 0.434955 0.428603 0.0233498 0.0221628
0 0.889572 0.79131 0.0266724 0.0252665
0 0.329879 0.102782 0.0351503 0.0354569
0 0.643412 0.618498 0.0430272 0.0381508
0 0.025967 0.325755 0.0271292 0.0226072
0 0.26832 0.686231 0.0237211 0.022897
0 0.541183 0.613817 0.0300582 0.0247242
0 0.412077 0.83452 0.0397461 0.0488075
0 0.394097 0.994132 0.0428388 0.011737
0 0.14542 0.938088 0.0298091 0.0229319
0 0.258963 0.971266 0.0227471 0.0230781
0 0.612321 0.883766 0.0231681 0.0233106
0 0.86933 0.649793 0.0264288 0.0217714
0 0.388854 0.670721 0.0259808 0.0307692
0 0.0656259 0.647283 0.031337 0.037937
0 0.944133 0.308066 0.0276337 0.0246013
0 0.992106 0.629486 0.0157655 0.0275315
0 0.0558079 0.54437 0.0265071 0.0236929
0 0.895428 0.634763 0.025272 0.0270832
0 0.99449 0.949213 0.0105641 0.0227247
0 0.0957083 0.983026 0.026485 0.0269015
0 0.933819 0.336974 0.0326859 0.0254017
0 0.393749 0.0916602 0.0314341 0.0311802
0 0.960896 0.642046 0.0291294 0.0298393
0 0.0946612 0.424403 0.029095 0.0223459
0 0.712004 0.849257 0.0331376 0.0231175
0 0.314758 0.756775 0.0342214 0.0319552
0 0.890107 0.570163 0.0370823 0.0325511
0 0.666079 0.0953238 0.0396126 0.0256634
0 0.109141 0.835247 0.027284 0.0222605
0 0.31233 0.0155523 0.0324373 0.0282809
0 0.987429 0.993156 0.0249481 0.0136879
0 0.993826 0.940388 0.0121095 0.035503
0 0.856154 0.433204 0.0274335 0.0189542
0 0.287287 0.991563 0.0330696 0.0168737
0 0.69514 0.242285 0.0369313 0.0283626
0 0.942753 0.752489 0.0347033 0.0223459
0 0.247554 0.400995 0.0271991 0.0254291
0 0.545974 0.545845 0.0247833 0.0241643
0 0.488708 0.94779 0.0328062 0.0314698
0 0.626914 0.278012 0.0285612 0.0251813
0 0.567135 0.414474 0.0257967 0.022136
0 0.840153 0.524979 0.0267898 0.0248446
0 0.346044 0.883596 0.0271953 0.0369602
0 0.695883 0.514028 0.029739 0.0246094
0 0.865978 0.900958 0.0259628 0.0225338
0 0.4057 0.544968 0.0408834 0.0304539
0 0.149631 0.120285 0.0308168 0.0303298
0 0.207144 0.186696 0.0244735 0.0272413
0 0.992112 0.0775144 0.0157105 0.0210591
0 0.771221 0.477547 0.0252708 0.0229087
0 0.603294 0.223202 0.0337352 0.031293
0 0.819125 0.147151 0.0350077 0.0297773
0 0.530548 0.310793 0.0284054 0.0246473
0 0.34941 0.279469 0.035065 0.0230685
0 0.896482 0.893719 0.0285753 0.019047
0 0.147065 0.973598 0.0320717 0.0332537
0 0.356264 0.705126 0.0329136 0.0243108
0 0.0231096 0.853356 0.0419584 0.0312384
0 0.855153 0.621268 0.0259287 0.0217655
0 0.372407 0.515623 0.0303634 0.0251732
0 0.372016 0.658156 0.0266587 0.0218626
0 0.314001 0.771958 0.0335314 0.0214733
0 0.280048 0.378766 0.0296467 0.0228219
0 0.28212 0.170267 0.041719 0.0298262
0 0.733082 0.698966 0.032743 0.0290927
0 0.859915 0.818529 0.0306963 0.0253363
0 0.985067 0.710443 0.0267372 0.0211616
0 0.347277 0.0748245 0.0378597 0.0259577
0 0.0782373 0.750614 0.0351266 0.0266188
0 0.239225 0.786302 0.0270237 0.0260273
0 0.578736 0.246473 0.0355988 0.0287839
0 0.839096 0.920145 0.0346937 0.0281946
0 0.927323 0.371748 0.0290222 0.0308311
0 0.847885 0.37312 0.0249003 0.0229056
0 0.556632 0.733906 0.032018 0.0232843
0 0.128333 0.989804 0.0314401 0.0203928
0 0.687779 0.793387 0.0297614 0.0231643
0 0.590965 0.671205 0.0250806 0.0287228
0 0.0804722 0.543329 0.0262567 0.0259911
0 0.723008 0.427084 0.0306834 0.0277561
0 0.0836785 0.457114 0.0263319 0.0233482
0 0.813479 0.828783 0.0320967 0.0283677
0 0.181609 0.837628 0.0359293 0.0246299
0 0.719646 0.969332 0.027912 0.0309759
0 0.603232 0.980073 0.0288749 0.0290353
0 0.116549 0.349101 0.0318644 0.0268209
0 0.168016 0.185845 0.0233137 0.0232224
0 0.330948 0.192933 0.0256526 0.0220059
0 0.933909 0.340931 0.0353737 0.031036
0 0.0549157 0.820689 0.0257481 0.0216466
0 0.694825 0.431339 0.0248461 0.0229986
0 0.707032 0.865308 0.0404927 0.0235701
0 0.425737 0.487617 0.0370169 0.0327552
0 0.426026 0.331139 0.0427503 0.0243118
0 0.731049 0.606757 0.0263566 0.0236367
0 0.538465 0.365687 0.0318584 0.0230334
0 0.210551 0.643166 0.0349041 0.0222048
0 0.102163 0.190285 0.0301565 0.0304569
0 0.78456 0.261322 0.0417379 0.0290293
0 0.412253 0.237491 0.0373325 0.0247838
0 0.172965 0.074153 0.0296165 0.0327706
0 0.949966 0.93393 0.0306135 0.0327243
0 0.804951 0.361092 0.0287038 0.0204633
0 0.311676 0.417802 0.0286652 0.0368508
0 0.556162 0.343809 0.0296733 0.0228779
0 0.634595 0.18945 0.0282745 0.0274289
0 0.637936 0.678197 0.0435414 0.0315626
0 0.27354 0.940169 0.0242326 0.0238619
0 0.389627 0.346026 0.0430886 0.0237373
0 0.029643 0.809924 0.0271626 0.024484
0 0.993515 0.472717 0.012969 0.0241497
0 0.91939 0.310402 0.0248088 0.0257485
0 0.500954 0.482326 0.0293473 0.0199396
0 0.159633 0.623152 0.028885 0.0218089
0 0.671031 0.0973295 0.0426401 0.0280822
0 0.467112 0.44433 0.0241613 0.0230783
0 0.967409 0.279127 0.0294023 0.0305181
0 0.707176 0.406773 0.0267776 0.024749
0 0.232411 0.504144 0.0245218 0.0252864
0 0.957898 0.892608 0.0336589 0.0323002
0 0.989254 0.0562489 0.0212499 0.0279243
0 0.433912 0.390556 0.0245106 0.0198558
0 0.0447498 0.762012 0.0255581 0.0206832
0 0.969957 0.212075 0.028389 0.0279308
0 0.661256 0.870004 0.027832 0.025736
0 0.718999 0.421291 0.0374084 0.029331
0 0.729622 0.714504 0.0288921 0.0309539
0 0.812065 0.455504 0.026758 0.0238543
0 0.736449 0.109649 0.0380023 0.0358972
0 0.00904863 0.74381 0.0180973 0.0224994
0 0.86139 0.85468 0.0356227 0.0242575
0 0.145595 0.148654 0.0289217 0.0207131
0 0.895106 0.477277 0.0305814 0.0274843
0 0.00674329 0.0749106 0.0134866 0.0171864
0 0.568291 0.908501 0.0275983 0.0225127
0 0.175168 0.652314 0.0414233 0.0330388
0 0.150825 0.679243 0.0298062 0.0273829
0 0.910995 0.398086 0.0288708 0.0269366
0 0.855683 0.854487 0.0249108 0.0246351
0 0.0902139 0.645895 0.0331878 0.0346226
0 0.71553 0.120235 0.0284883 0.025659
0 0.216774 0.98069 0.0355684 0.0307637
0 0.393137 0.118643 0.0306063 0.0250695
0 0.00639802 0.55904 0.012796 0.0232927
0 0.0133768 0.351841 0.0242849 0.0225493
0 0.625296 0.588876 0.0306279 0.0271765
0 0.813031 0.460621 0.0293912 0.0316189
0 0.548281 0.949531 0.0347226 0.0269085
0 0.698283 0.0759014 0.0290238 0.0320388
0 0.201319 0.0922187 0.0341797 0.0290828
0 0.706524 0.637201 0.0301487 0.0388523
0 0.111739 0.362734 0.0280908 0.0285422
0 0.98076 0.577641 0.0380875 0.0326202
0 0.906788 0.848441 0.0257629 0.0205818
0 0.0727004 0.748893 0.0389202 0.0249316
0 0.7095 0.427984 0.027511 0.0244818
0 0.336325 0.00684644 0.0262781 0.0136929
0 0.424106 0.703336 0.0262404 0.0246634
0 0.61214 0.897553 0.0277898 0.020803
0 0.985034 0.982535 0.0293768 0.0349246
0 0.91601 0.954579 0.0240567 0.0241639
0 0.918481 0.957316 0.0285426 0.0298092
0 0.248881 0.00837964 0.0231669 0.0167593
0 0.851965 0.253173 0.0437695 0.0339439
0 0.421279 0.352161 0.0273514 0.0245447
0 0.446211 0.411076 0.0349511 0.0234729
0 0.209898 0.621846 0.0357096 0.0290608
0 0.988925 0.283357 0.0221499 0.0241201
0 0.518844 0.452098 0.0251202 0.0186328
0 0.177818 0.538612 0.0229828 0.0238972
0 0.981506 0.948581 0.0289947 0.0248739
0 0.738555 0.700757 0.0410504 0.0299916
0 0.0908094 0.0810311 0.0270538 0.0236154
0 0.704067 0.3662 0.028815 0.0337012
0 0.490807 0.272542 0.0234033 0.0217154
0 0.27905 0.641902 0.0270043 0.0287369
0 0.7117 0.153652 0.0274625 0.0232092
0 0.49344 0.194552 0.036775 0.0269598
0 0.0289919 0.664299 0.0287831 0.0247986
0 0.420931 0.403072 0.0243359 0.0216546
