0 0.0139505 0.852811 0.0279009 0.0297384
0 0.574304 0.700366 0.024053 0.025139
0 0.423021 0.435938 0.0286987 0.0263339
0 0.208669 0.0281448 0.0293335 0.0245782
0 0.486192 0.186742 0.0265395 0.0221462
0 0.176979 0.701659 0.0363146 0.0250953
0 0.0132971 0.904404 0.0265942 0.0290905
0 0.0132706 0.508337 0.0265412 0.0253822
0 0.858459 0.0301328 0.0331345 0.0285095
0 0.130148 0.967355 0.0306338 0.0219231
0 0.0821417 0.944995 0.0347826 0.027416
0 0.170135 0.961529 0.0304351 0.0271068
0 0.264638 0.753962 0.0301051 0.0268982
0 0.887311 0.449524 0.0386394 0.0288638
0 0.937182 0.762358 0.0288997 0.0246204
0 0.0122295 0.807037 0.024459 0.0250582
0 0.0604185 0.170655 0.024574 0.0224532
0 0.936043 0.0127214 0.0252256 0.0231161
0 0.422928 0.352273 0.0296026 0.0276424
0 0.872157 0.0696618 0.0278971 0.0241539
0 0.4401 0.305954 0.0260682 0.0251305
0 0.872355 0.901123 0.0327895 0.031657
0 0.330383 0.0380491 0.0264211 0.0235534
0 0.642485 0.433997 0.0298802 0.0272924
0 0.154641 0.763236 0.0246289 0.0236931
0 0.237755 0.0123067 0.0284961 0.0245763
0 0.516098 0.17186 0.0267083 0.0247727
0 0.0545361 0.380058 0.0287313 0.0267574
0 0.874201 0.226946 0.0349053 0.0280779
0 0.153059 0.31338 0.0403767 0.0310431
0 0.189325 0.0564118 0.03085 0.0258087
0 0.404878 0.169553 0.0300112 0.0246813
0 0.276412 0.618904 0.0303985 0.0287963
0 0.0213145 0.142362 0.0278653 0.0231369
0 0.758069 0.38278 0.0276349 0.0275763
0 0.0240263 0.951482 0.0360029 0.0286819
0 0.221038 0.760224 0.0326304 0.0292948
0 0.306216 0.108406 0.0294028 0.0272804
0 0.169747 0.00682253 0.0247876 0.0136451
0 0.247251 0.646022 0.0221072 0.0226611
0 0.528067 0.234562 0.0382875 0.0293384
0 0.747063 0.73653 0.0324163 0.0303259
0 0.628597 0.498895 0.0421582 0.0271433
0 0.303687 0.620816 0.0272821 0.0256502
0 0.994187 0.71683 0.0116264 0.0263652
0 0.384137 0.0112481 0.0290475 0.0224962
0 0.00779197 0.183242 0.0155839 0.0259548
0 0.607135 0.781803 0.0304015 0.0233706
0 0.408519 0.749664 0.0258113 0.0241043
0 0.199843 0.339268 0.031952 0.0298376
0 0.838235 0.131482 0.0291253 0.0268083
0 0.0552012 0.23017 0.0341585 0.0276259
0 0.0152322 0.665106 0.0304221 0.0250058
0 0.178479 0.473799 0.0274439 0.026201
0 0.986374 0.248717 0.0264702 0.0243371
0 0.120902 0.324631 0.0348822 0.0313212
0 0.923371 0.645468 0.0315851 0.0337183
0 0.298505 0.0236664 0.0273148 0.0282968
0 0.0539859 0.0989143 0.0318715 0.0246644
0 0.984032 0.68066 0.0319355 0.0284703
0 0.631012 0.921905 0.032719 0.0220156
0 0.551894 0.696645 0.0251265 0.0244542
0 0.821512 0.114448 0.0326299 0.0280518
0 0.217824 0.634258 0.0266382 0.0254751
0 0.444952 0.897983 0.028767 0.0252404
0 0.420407 0.289589 0.0279256 0.0231329
0 0.319397 0.432392 0.0319913 0.0237422
0 0.293765 0.710182 0.0300722 0.0239679
0 0.721026 0.688484 0.0272743 0.0249963
0 0.0491996 0.578875 0.0259283 0.0248704
0 0.319367 0.437952 0.0321714 0.032877
0 0.986224 0.637437 0.0273666 0.026572
0 0.104077 0.426272 0.026058 0.0227093
0 0.151423 0.0565231 0.0300193 0.025146
0 0.227671 0.0783945 0.0260721 0.0241084
0 0.0874499 0.050582 0.0389789 0.0279141
0 0.330411 0.298059 0.0270556 0.0239212
0 0.242351 0.99201 0.0250241 0.0159799
0 0.845608 0.782114 0.0317484 0.0253466
0 0.401903 0.717524 0.0309551 0.0262555
0 0.867103 0.93932 0.0482059 0.0316391
0 0.318579 0.0824162 0.0274035 0.0217575
0 0.949536 0.991569 0.0395708 0.0168626
0 0.21486 0.472969 0.0297839 0.0257046
0 0.797908 0.405965 0.0277788 0.0221225
0 0.992293 0.305552 0.0153889 0.031121
0 0.208885 0.873717 0.0278766 0.0233696
0 0.674554 0.76041 0.032396 0.0252236
0 0.153804 0.786303 0.0292087 0.0240423
0 0.413828 0.0516844 0.0292741 0.0244454
0 0.0170039 0.28605 0.0340079 0.0320256
0 0.0624837 0.861567 0.028425 0.025964
0 0.710273 0.451789 0.025381 0.021553
0 0.843573 0.96194 0.0280381 0.0294917
0 0.468782 0.452243 0.0271837 0.0253303
0 0.0226441 0.201979 0.0210996 0.0180702
0 0.385346 0.33288 0.0329147 0.028784
0 0.368619 0.698663 0.0294437 0.025676
0 0.103109 0.875133 0.0276076 0.0274337
0 0.27552 0.686919 0.0272817 0.024442
0 0.799516 0.577845 0.0287194 0.0265812
0 0.449534 0.355162 0.0271805 0.0258369
0 0.57922 0.342017 0.0270795 0.02479
0 0.352065 0.713517 0.025599 0.0249734
0 0.129319 0.756986 0.0265107 0.0240138
0 0.0780953 0.141794 0.0319109 0.0264296
0 0.25157 0.60104 0.0268953 0.0254458
0 0.506814 0.549201 0.026918 0.0250392
0 0.390449 0.890566 0.0268413 0.0244638
0 0.0958504 0.651286 0.0272728 0.0233141
0 0.0490602 0.834808 0.0254605 0.0243633
0 0.441427 0.241906 0.0241563 0.0214461
0 0.948789 0.740465 0.0250241 0.0236689
0 0.88813 0.410474 0.0276463 0.0266185
0 0.0737005 0.435813 0.0226463 0.021226
0 0.191526 0.982764 0.0205467 0.0207668
0 0.117252 0.905716 0.0270355 0.0266951
0 0.497586 0.968689 0.0291288 0.0257026
0 0.739852 0.0281921 0.0300826 0.0265028
0 0.955525 0.0448097 0.0441067 0.0249348
0 0.967234 0.760789 0.0272498 0.0274453
0 0.786267 0.675067 0.0302786 0.0235384
0 0.342491 0.874916 0.0265526 0.0231869
0 0.020446 0.435519 0.0260433 0.024184
0 0.47209 0.765302 0.0230609 0.0229989
0 0.522088 0.148431 0.0272434 0.0238936
0 0.498798 0.244575 0.0247397 0.0226579
0 0.33257 0.521408 0.0511461 0.0377728
0 0.544315 0.613912 0.0297287 0.0254205
0 0.318 0.452428 0.028104 0.0220717
0 0.510162 0.69123 0.0219714 0.0201958
0 0.828722 0.410442 0.0273022 0.0285558
0 0.776757 0.715212 0.0288053 0.0239477
0 0.0342451 0.555118 0.0247471 0.0240077
0 0.11588 0.471017 0.036486 0.0292457
0 0.568602 0.835135 0.0311143 0.022962
0 0.333231 0.00454757 0.0246167 0.00909514
0 0.68622 0.440358 0.027104 0.0221545
0 0.52925 0.58554 0.0310858 0.0237572
0 0.488577 0.681528 0.0294693 0.0242994
0 0.303256 0.277829 0.0278818 0.0245478
0 0.474643 0.284666 0.0267768 0.022446
0 0.473242 0.519882 0.0334288 0.0256982
0 0.469856 0.173399 0.0231431 0.0252275
0 0.599487 0.848967 0.0250677 0.0221314
0 0.671517 0.607718 0.023762 0.0209647
0 0.0258543 0.347298 0.0278021 0.023418
0 0.00915666 0.00535192 0.0183133 0.0107038
0 0.875709 0.942609 0.0415409 0.0297261
0 0.422067 0.204854 0.0329023 0.0265743
0 0.458911 0.599544 0.0470491 0.0316441
0 0.319087 0.358366 0.0438461 0.0288986
0 0.0652061 0.562847 0.0269013 0.0249469
0 0.293928 0.299613 0.0273481 0.0246733
0 0.144364 0.119719 0.0524447 0.0444275
0 0.0415152 0.301335 0.0255924 0.0243962
0 0.951601 0.704951 0.0421941 0.0274945
0 0.886828 0.0405079 0.0293491 0.0270479
0 0.606027 0.950806 0.0285063 0.0194883
0 0.619241 0.0547882 0.0272297 0.025361
0 0.510791 0.890961 0.0258128 0.0253239
0 0.580384 0.190752 0.0293198 0.0231936
0 0.384142 0.275095 0.0263105 0.0296896
0 0.453233 0.70934 0.0282502 0.0238762
0 0.359114 0.0295812 0.0311927 0.0220185
0 0.146137 0.194693 0.0271154 0.0259605
0 0.751544 0.446759 0.0253479 0.0252683
0 0.593422 0.934089 0.0240689 0.0201914
0 0.774714 0.611244 0.0301532 0.0270383
0 0.802333 0.386407 0.0272083 0.021679
0 0.0972736 0.283122 0.0304922 0.0253195
0 0.904111 0.053922 0.0227619 0.0213697
0 0.863761 0.106556 0.0335816 0.0255986
0 0.227393 0.558494 0.0283188 0.0225417
0 0.457835 0.786622 0.0276369 0.0271294
0 0.368969 0.123448 0.0301445 0.0249109
0 0.491167 0.0147407 0.025592 0.0277692
0 0.319337 0.830822 0.0278044 0.0238067
0 0.68077 0.400738 0.0262661 0.0247179
0 0.307838 0.8604 0.028296 0.0219008
0 0.101184 0.574009 0.0430006 0.0223405
0 0.774077 0.651907 0.0389889 0.0261841
0 0.501503 0.867658 0.030173 0.0224567
0 0.536673 0.262046 0.0201806 0.0198483
0 0.866734 0.433325 0.0237918 0.0233022
0 0.148115 0.400311 0.0293619 0.0217519
0 0.72401 0.797769 0.0275728 0.0260631
0 0.127359 0.501038 0.0272766 0.0251788
0 0.146815 0.499991 0.0325856 0.0256099
0 0.861356 0.992048 0.0287291 0.0159038
0 0.0212348 0.955631 0.0424697 0.0379209
0 0.450199 0.754858 0.0307824 0.0244018
0 0.242725 0.474254 0.0298811 0.026791
0 0.22536 0.172669 0.037288 0.0376266
0 0.160157 0.58498 0.0312475 0.0259281
0 0.905312 0.386594 0.0282549 0.0260579
0 0.332052 0.915883 0.0312215 0.0262046
0 0.541928 0.913492 0.0256215 0.0211961
0 0.441021 0.0640669 0.0239702 0.0234342
0 0.0740311 0.365404 0.0261979 0.0249045
0 0.51766 0.263845 0.0249475 0.0228656
0 0.989119 0.873598 0.0217614 0.0234206
0 0.982206 0.711357 0.0273233 0.0249389
0 0.177648 0.450209 0.0236965 0.0223359
0 0.88886 0.00880746 0.0258214 0.0176149
0 0.0661889 0.646069 0.0286328 0.0317243
0 0.0582884 0.571556 0.0284627 0.0209116
0 0.81312 0.994408 0.0299911 0.0111849
0 0.317616 0.20694 0.0360495 0.0305902
0 0.37051 0.579712 0.0312574 0.0206044
0 0.397767 0.771056 0.0253331 0.0247226
0 0.227121 0.269936 0.0278597 0.0255648
0 0.346688 0.278053 0.0258327 0.0245425
0 0.984356 0.713717 0.0311601 0.0312138
0 0.349019 0.620638 0.0230436 0.0224549
0 0.703123 0.410908 0.0356534 0.0315031
0 0.362028 0.425174 0.0286878 0.0221631
0 0.415171 0.269175 0.0246558 0.0223556
0 0.737421 0.555895 0.0313054 0.0367363
0 0.705245 0.732799 0.045634 0.0331373
0 0.0194741 0.470974 0.0201818 0.0227948
0 0.0503617 0.690814 0.0318492 0.0253343
0 0.439449 0.85944 0.026165 0.0223674
0 0.464968 0.0436251 0.029148 0.0224152
0 0.902963 0.51932 0.0255796 0.0223072
0 0.094439 0.553821 0.0260906 0.0213131
0 0.746987 0.00557408 0.0498924 0.0111482
0 0.987949 0.456863 0.0241014 0.0226786
0 0.6217 0.284561 0.0271416 0.0244623
0 0.666472 0.643183 0.0273421 0.0220039
0 0.27937 0.826814 0.0341947 0.0262375
0 0.920154 0.0410087 0.0257368 0.0259628
0 0.983166 0.570227 0.0307274 0.0232959
0 0.089988 0.769 0.0329506 0.0297691
0 0.744749 0.559756 0.0451729 0.0358143
0 0.22885 0.952531 0.0244262 0.0202229
0 0.508871 0.3119 0.024749 0.0235067
0 0.515409 0.84223 0.0512159 0.0303439
0 0.331479 0.916304 0.0362823 0.0323153
0 0.197516 0.392779 0.0310728 0.0254921
0 0.298184 0.567233 0.0285072 0.0278672
0 0.489395 0.793987 0.0294817 0.0264874
0 0.837154 0.815913 0.0275835 0.0261622
0 0.419179 0.0743343 0.026869 0.0214304
0 0.455758 0.0969846 0.0268924 0.023957
0 0.489683 0.586977 0.0293592 0.0251189
0 0.482793 0.229914 0.0286984 0.0234525
0 0.394897 0.860962 0.0280601 0.0237752
0 0.330702 0.332585 0.0295258 0.0261896
0 0.876692 0.806722 0.0269111 0.0256763
0 0.593228 0.821664 0.0275297 0.0234616
0 0.540432 0.987399 0.0270374 0.0252027
0 0.573113 0.555006 0.0242859 0.0279256
0 0.394564 0.952083 0.0251139 0.0217389
0 0.432464 0.029103 0.0422067 0.017959
0 0.263225 0.139811 0.0319113 0.0277476
0 0.264228 0.00467116 0.0280852 0.00934233
0 0.9619 0.657394 0.0301056 0.0372545
0 0.494757 0.494985 0.0237095 0.0256342
0 0.550179 0.379386 0.0326525 0.0296727
0 0.265927 0.268459 0.0295287 0.0214555
0 0.886511 0.185392 0.0328588 0.0233104
0 0.779475 0.668891 0.0398781 0.0163721
0 0.407832 0.691943 0.0253379 0.0237644
0 0.0179919 0.325401 0.0359838 0.0276625
0 0.338085 0.643807 0.0366049 0.0316122
0 0.73544 0.427661 0.0274152 0.0229131
0 0.891608 0.408272 0.030061 0.0261411
0 0.295867 0.790475 0.0351887 0.0303205
0 0.359038 0.971486 0.0352703 0.0285857
0 0.540798 0.0559805 0.0338616 0.0327554
0 0.50706 0.344596 0.0260628 0.0252
0 0.0144098 0.741856 0.0288196 0.0291509
0 0.687782 0.595169 0.0267613 0.0248494
0 0.556904 0.304565 0.0273508 0.0174256
0 0.867694 0.164456 0.0200611 0.0230554
0 0.572719 0.994607 0.0356263 0.0107862
0 0.260097 0.979497 0.0246955 0.0200802
0 0.96593 0.0932677 0.0375677 0.0259339
0 0.0866885 0.668277 0.0345655 0.0199223
0 0.446106 0.268336 0.0267285 0.0301242
0 0.624375 0.179551 0.029093 0.030017
0 0.722667 0.356404 0.0225308 0.0266267
0 0.457696 0.686251 0.0300823 0.0315033
0 0.674278 0.694606 0.031241 0.0247961
0 0.47017 0.177263 0.0264547 0.0326757
0 0.867094 0.716399 0.0297932 0.0279267
0 0.468564 0.478521 0.0236152 0.0236916
0 0.20643 0.874198 0.0372216 0.0276256
0 0.296592 0.157499 0.0346718 0.0246051
0 0.377627 0.745055 0.0293369 0.0211056
0 0.648931 0.559911 0.0255175 0.0258405
0 0.420695 0.598624 0.0292274 0.0328733
0 0.584728 0.279336 0.0265312 0.0275005
0 0.0495134 0.43425 0.022276 0.0214007
0 0.185512 0.587434 0.0308736 0.0240643
0 0.709025 0.777869 0.0302238 0.0294964
0 0.768806 0.987544 0.030005 0.0249121
0 0.261471 0.992337 0.0386642 0.0153264
0 0.945697 0.949573 0.0264736 0.0283747
0 0.271247 0.190212 0.0232888 0.0208349
0 0.359905 0.445106 0.0350722 0.0229166
0 0.556873 0.11602 0.0234875 0.0233995
0 0.0141281 0.809696 0.0282562 0.0315879
0 0.594381 0.937547 0.026625 0.0263022
0 0.245883 0.823312 0.0348173 0.0310429
0 0.44202 0.874329 0.0308267 0.0205733
0 0.952175 0.0738793 0.0258257 0.0231798
0 0.925795 0.241538 0.0409791 0.03589
0 0.215215 0.706562 0.0267778 0.0249216
0 0.163679 0.521471 0.0230699 0.0223599
0 0.464989 0.136097 0.0270446 0.023586
0 0.0498544 0.482328 0.0293323 0.0226738
0 0.275161 0.295312 0.0211494 0.0257668
0 0.675619 0.602655 0.0303431 0.025273
0 0.358336 0.336891 0.026659 0.0246567
0 0.434234 0.4143 0.0218618 0.0221925
0 0.32204 0.972354 0.0346376 0.0253284
0 0.951966 0.136049 0.0311641 0.0250622
0 0.386983 0.417266 0.0243224 0.0202441
0 0.28584 0.649085 0.0212044 0.0224198
0 0.353804 0.783158 0.0276647 0.0242465
0 0.234727 0.549099 0.0344466 0.0335422
0 0.402668 0.115305 0.0433256 0.0370538
0 0.710407 0.447253 0.0267969 0.0276144
0 0.0187205 0.142794 0.0374411 0.0266124
0 0.263097 0.558087 0.0260996 0.0213575
0 0.92981 0.144831 0.0266272 0.0180275
0 0.394918 0.616072 0.0300501 0.0228113
0 0.461199 0.399565 0.0251594 0.0214577
0 0.329878 0.762666 0.0304474 0.0219048
0 0.44395 0.062817 0.0313244 0.0271379
0 0.88362 0.492628 0.0313103 0.0336506
0 0.309924 0.732145 0.0333489 0.0237457
0 0.894552 0.110043 0.0284729 0.0234296
0 0.342879 0.522791 0.0707767 0.040793
0 0.190933 0.413337 0.0216723 0.020038
0 0.327458 0.993711 0.0233716 0.0125777
0 0.990724 0.868866 0.0185465 0.0297385
0 0.0490782 0.759036 0.027088 0.0258797
0 0.453275 0.76499 0.0311946 0.0174462
0 0.0939393 0.662804 0.0293849 0.0247548
0 0.728952 0.113261 0.0238812 0.0262039
0 0.702449 0.348244 0.0238553 0.0246521
0 0.270566 0.994337 0.0288815 0.0113264
0 0.751738 0.559186 0.0323201 0.0306614
0 0.423225 0.541025 0.0310085 0.0215892
0 0.0747846 0.834512 0.019996 0.0209373
0 0.919888 0.816316 0.0197051 0.0193521
0 0.795989 0.0695751 0.0254478 0.0258202
0 0.257806 0.838129 0.0213267 0.0174896
0 0.32506 0.563361 0.0248426 0.0249828
0 0.321562 0.586523 0.0277106 0.0212606
0 0.881667 0.990499 0.0298358 0.0190022
0 0.681928 0.0150803 0.0237008 0.0301444
0 0.831134 0.889391 0.0573624 0.0342948
0 0.472608 0.878623 0.0328416 0.0272644
0 0.694169 0.698331 0.0188819 0.0220993
0 0.283458 0.647057 0.0254362 0.0266909
0 0.240112 0.833295 0.0288417 0.0217379
0 0.571235 0.152387 0.02658 0.022654
0 0.456583 0.559639 0.0273623 0.0234618
0 0.378271 0.599367 0.0325687 0.0249405
0 0.425776 0.879724 0.0209835 0.0203676
0 0.391304 0.121129 0.0191306 0.025581
0 0.242642 0.688061 0.0263005 0.0241954
0 0.776073 0.429669 0.0309917 0.0240935
0 0.774484 0.432205 0.0255506 0.02491
0 0.95523 0.00569121 0.0274429 0.0113824
0 0.383629 0.365102 0.0268067 0.0198192
0 0.511746 0.549519 0.0298414 0.0254712
0 0.558685 0.930821 0.0299578 0.0172505
0 0.938638 0.808782 0.0294017 0.0231279
0 0.424769 0.00857273 0.0230094 0.0171455
0 0.33068 0.96421 0.0422393 0.0306471
0 0.249712 0.282648 0.0236875 0.0209334
0 0.416946 0.0556231 0.0325646 0.0320456
0 0.493727 0.928688 0.033258 0.0252452
0 0.0172277 0.991244 0.0344554 0.017512
0 0.490574 0.93093 0.0360554 0.0206404
0 0.638647 0.697842 0.0224382 0.0248236
0 0.904074 0.515059 0.0290389 0.0291921
0 0.960221 0.0870334 0.0308047 0.0154208
0 0.331714 0.951976 0.0456097 0.0247791
0 0.390821 0.390601 0.0265448 0.0288828
0 0.882277 0.0332534 0.0292386 0.0298505
0 0.507775 0.363316 0.0227056 0.0193071
0 0.0611319 0.853689 0.0265471 0.0168272
0 0.20806 0.993827 0.027942 0.0120628
0 0.492345 0.111323 0.0277078 0.0196028
0 0.341343 0.833736 0.0300177 0.032873
0 0.41733 0.271457 0.0297165 0.0287184
0 0.983339 0.923241 0.0333227 0.0281951
0 0.991036 0.0537313 0.0178837 0.0228568
0 0.706247 0.875897 0.0360491 0.0356506
0 0.195986 0.979506 0.0263108 0.0239073
0 0.350206 0.558404 0.0253176 0.0202838
0 0.345958 0.583998 0.0242893 0.0215607
0 0.591491 0.365723 0.0343243 0.0227065
0 0.479562 0.907036 0.0329672 0.0327606
0 0.0169143 0.43411 0.0338287 0.0247415
0 0.913635 0.811166 0.0311175 0.0277893
0 0.916099 0.990661 0.0345277 0.0186774
0 0.524675 0.710097 0.0270818 0.0265892
0 0.672609 0.731112 0.0278391 0.025389
0 0.0467988 0.334594 0.0322927 0.0260546
0 0.45832 0.877191 0.0225242 0.0212021
0 0.992995 0.0750396 0.0139138 0.0217524
0 0.522996 0.167383 0.032981 0.0223958
0 0.379383 0.834518 0.0291328 0.0239698
0 0.239848 0.708987 0.0279771 0.0229514
0 0.547965 0.516418 0.0264224 0.0242717
0 0.987334 0.848372 0.0250806 0.0263897
0 0.597051 0.830558 0.0295739 0.0213003
0 0.870325 0.71609 0.0390067 0.0320667
0 0.994799 0.447647 0.0103284 0.0321021
0 0.117766 0.0449844 0.0218309 0.0219751
0 0.531811 0.355699 0.0242916 0.0234554
0 0.887121 0.422199 0.0352581 0.0301158
0 0.688945 0.636233 0.0266549 0.0264428
0 0.469069 0.596472 0.0325647 0.0291451
0 0.466766 0.881409 0.0249287 0.0232857
0 0.67453 0.734342 0.0339634 0.0271903
0 0.678833 0.404669 0.0298175 0.0305052
0 0.873382 0.822788 0.0304253 0.0168642
0 0.889062 0.826398 0.0299379 0.0233734
0 0.521259 0.173022 0.0382679 0.0297147
0 0.504927 0.442448 0.0301518 0.02227
0 0.423433 0.502667 0.0363564 0.0276051
0 0.240241 0.374087 0.0350942 0.0249411
0 0.249431 0.818515 0.0295033 0.02215
0 0.386765 0.398695 0.0256412 0.024061
0 0.28895 0.394629 0.023401 0.0278272
