0 0.503591 0.919814 0.0323241 0.0276822
0 0.540762 0.486963 0.0289658 0.0279467
0 0.683488 0.991741 0.0333977 0.0165172
0 0.0735404 0.97378 0.0247852 0.0276756
0 0.513591 0.695164 0.0280877 0.0247388
0 0.242298 0.723266 0.0348732 0.0281748
0 0.2262 0.509986 0.0346494 0.0320985
0 0.107369 0.635344 0.0285226 0.0250029
0 0.239803 0.0515327 0.0295512 0.0239106
0 0.239451 0.62054 0.0262999 0.0235988
0 0.507519 0.472298 0.0250005 0.0253137
0 0.114713 0.725362 0.0310611 0.0274462
0 0.831057 0.792813 0.0310629 0.0259876
0 0.723945 0.274203 0.0262612 0.0239322
0 0.0108371 0.832956 0.0216743 0.0280902
0 0.984424 0.660161 0.0311526 0.0290526
0 0.824204 0.513963 0.0338044 0.0265906
0 0.421535 0.338283 0.0292354 0.0257411
0 0.851988 0.882842 0.0323173 0.0245839
0 0.274365 0.377916 0.0302081 0.0254692
0 0.234957 0.346055 0.0292896 0.0242634
0 0.687191 0.54579 0.0303569 0.0250946
0 0.269695 0.817131 0.0315753 0.0248381
0 0.214166 0.645404 0.0273666 0.0241623
0 0.958751 0.194244 0.0246483 0.0231888
0 0.962929 0.409153 0.0329207 0.0222995
0 0.393867 0.64465 0.0283675 0.0252305
0 0.326331 0.496564 0.0286425 0.0248624
0 0.346843 0.0620767 0.0250458 0.0230186
0 0.0498865 0.530357 0.0352086 0.0276776
0 0.0772767 0.201071 0.031818 0.031596
0 0.521233 0.990634 0.0327671 0.0187319
0 0.359002 0.822472 0.0318502 0.0247863
0 0.959104 0.905375 0.0301393 0.0260198
0 0.976543 0.979974 0.0320085 0.0307673
0 0.734336 0.949372 0.0279497 0.0273881
0 0.6356 0.319735 0.0307035 0.0264681
0 0.694319 0.304276 0.0328475 0.0291335
0 0.237756 0.670901 0.0270987 0.0279507
0 0.720611 0.248034 0.0283697 0.0245425
0 0.567081 0.466259 0.0309938 0.0249774
0 0.851273 0.961917 0.0266473 0.024237
0 0.591734 0.0645726 0.0276377 0.0206691
0 0.0960748 0.831989 0.0323937 0.0319816
0 0.160663 0.0679481 0.0276981 0.0244398
0 0.489129 0.744329 0.0263631 0.0204052
0 0.84356 0.336257 0.0278121 0.0260111
0 0.416091 0.991084 0.0259595 0.0178323
0 0.0820084 0.258438 0.0290165 0.0249803
0 0.847661 0.0551462 0.0258724 0.0260697
0 0.96013 0.30535 0.0360288 0.0269185
0 0.481156 0.199706 0.0261456 0.0222156
0 0.602477 0.918252 0.0277556 0.0200236
0 0.326604 0.73283 0.0320182 0.0279669
0 0.408563 0.499508 0.0255522 0.0245849
0 0.0436086 0.740073 0.027834 0.0241774
0 0.614308 0.0824593 0.0333672 0.0247274
0 0.21387 0.610248 0.0305118 0.0211019
0 0.947629 0.34585 0.0246618 0.0283037
0 0.485446 0.0243699 0.025857 0.0248312
0 0.0433034 0.149907 0.0282989 0.0290245
0 0.339184 0.0920193 0.0344298 0.0249778
0 0.488135 0.315253 0.0278693 0.0235003
0 0.933698 0.181105 0.0291878 0.0258891
0 0.666386 0.455537 0.0330217 0.0292391
0 0.0908041 0.556752 0.042821 0.0259857
0 0.513982 0.521798 0.0284016 0.0228993
0 0.288073 0.0579683 0.0317597 0.0326948
0 0.016022 0.86159 0.0320441 0.0214255
0 0.986988 0.777062 0.0260246 0.0282065
0 0.249926 0.289851 0.0232998 0.0233184
0 0.104833 0.373147 0.0253296 0.0220685
0 0.360589 0.494824 0.0268804 0.0244159
0 0.982253 0.927276 0.0329005 0.0239029
0 0.403537 0.313529 0.0242959 0.0229866
0 0.75608 0.523443 0.0305647 0.0272727
0 0.0403012 0.447519 0.0269979 0.0241158
0 0.523904 0.188481 0.0279744 0.0236105
0 0.410187 0.409697 0.0266178 0.0242165
0 0.363626 0.418688 0.0272042 0.0236318
0 0.352158 0.643076 0.0295441 0.0304753
0 0.638964 0.963243 0.025245 0.025124
0 0.295144 0.858717 0.0397619 0.0211149
0 0.129658 0.571057 0.0248005 0.0234159
0 0.0382944 0.405277 0.0298867 0.0230708
0 0.12383 0.336256 0.0246374 0.023504
0 0.286431 0.962244 0.0452844 0.0328263
0 0.128308 0.0466049 0.0273844 0.0232266
0 0.775129 0.745089 0.0259689 0.0226657
0 0.427539 0.385318 0.0369604 0.0262954
0 0.122298 0.205854 0.0302313 0.0218817
0 0.0080296 0.71818 0.0160592 0.0227105
0 0.372169 0.727178 0.0323154 0.0193477
0 0.186581 0.584278 0.0292444 0.0244117
0 0.199821 0.327212 0.0340454 0.0215828
0 0.0164644 0.887941 0.0329287 0.0245731
0 0.457966 0.101216 0.029336 0.0295043
0 0.336672 0.774615 0.0279208 0.0255383
0 0.186807 0.0639049 0.028664 0.0260761
0 0.888974 0.989575 0.0294473 0.0208492
0 0.279991 0.26839 0.0292435 0.022246
0 0.751052 0.0510869 0.0349727 0.0311082
0 0.722781 0.502587 0.0402988 0.0259126
0 0.463526 0.728954 0.0329367 0.0329164
0 0.362122 0.615349 0.0238799 0.0215366
0 0.157491 0.70209 0.0308792 0.0260546
0 0.367539 0.670749 0.0312695 0.0296547
0 0.85947 0.935025 0.0363432 0.0252505
0 0.374983 0.11291 0.0240985 0.0229969
0 0.864621 0.936496 0.0246028 0.0246486
0 0.699158 0.0842243 0.0248777 0.0211163
0 0.878776 0.219799 0.0274491 0.0223486
0 0.404357 0.575647 0.0289011 0.0271111
0 0.840573 0.984261 0.0261162 0.0274
0 0.687898 0.59115 0.0326082 0.0317673
0 0.221704 0.900479 0.0332011 0.0286683
0 0.302831 0.29355 0.0315968 0.0272805
0 0.854015 0.845426 0.031212 0.0239278
0 0.463302 0.810745 0.0301239 0.023656
0 0.805165 0.32818 0.0292429 0.0305961
0 0.630113 0.0771711 0.0218281 0.0295599
0 0.385663 0.00842541 0.026425 0.0168508
0 0.206312 0.742323 0.0249448 0.024943
0 0.588935 0.319869 0.0244153 0.021019
0 0.902882 0.0841012 0.0262511 0.0231224
0 0.532586 0.152017 0.0369868 0.027796
0 0.0533173 0.923128 0.0271034 0.0253535
0 0.154999 0.583751 0.0298068 0.0360171
0 0.305343 0.239681 0.0359263 0.0345613
0 0.537886 0.639769 0.032176 0.025627
0 0.196755 0.909133 0.0290361 0.0288727
0 0.0261737 0.332981 0.0258863 0.0219433
0 0.385828 0.212797 0.0274533 0.0227338
0 0.840928 0.364795 0.0339016 0.0254285
0 0.789683 0.0593162 0.024927 0.0224175
0 0.429268 0.509539 0.0198185 0.0218159
0 0.575023 0.503505 0.0422795 0.0291051
0 0.258405 0.694368 0.0262917 0.0265421
0 0.675469 0.72292 0.0364347 0.0272792
0 0.599337 0.948779 0.0266278 0.0254133
0 0.0777686 0.865268 0.0307698 0.0249785
0 0.608707 0.355423 0.0292774 0.0243028
0 0.107946 0.397607 0.0277843 0.0236545
0 0.469038 0.00673834 0.0257643 0.0134767
0 0.686427 0.276848 0.027455 0.0300016
0 0.413181 0.130251 0.0268571 0.024515
0 0.516015 0.231519 0.0284151 0.0240672
0 0.813367 0.907257 0.0288007 0.0284199
0 0.388464 0.751763 0.0309829 0.0260708
0 0.76345 0.267989 0.0325655 0.0296972
0 0.33964 0.392367 0.026358 0.0306293
0 0.809807 0.989289 0.0364715 0.0214217
0 0.987607 0.469836 0.024785 0.0242641
0 0.6793 0.208652 0.0337545 0.0382233
0 0.542575 0.706181 0.0259622 0.026674
0 0.265044 0.160052 0.028426 0.0279938
0 0.990082 0.398704 0.0197945 0.0254712
0 0.0553009 0.821258 0.0273295 0.0244721
0 0.140372 0.764954 0.0297052 0.0313839
0 0.991606 0.344244 0.0167887 0.0251069
0 0.223121 0.218449 0.0266797 0.0210186
0 0.0517969 0.847844 0.0275119 0.0246231
0 0.686586 0.417788 0.0273225 0.0200809
0 0.160977 0.953555 0.0291866 0.0240125
0 0.300691 0.574262 0.0260221 0.0247492
0 0.382765 0.405694 0.0262108 0.0235655
0 0.638942 0.486944 0.0278774 0.026522
0 0.722733 0.773351 0.0307386 0.0243589
0 0.489338 0.172448 0.0294217 0.0293484
0 0.469692 0.691089 0.039895 0.0248026
0 0.640829 0.286789 0.0266494 0.0238869
0 0.340023 0.716841 0.029034 0.0260656
0 0.599189 0.704572 0.0392156 0.0319791
0 0.105936 0.323072 0.0244579 0.0243989
0 0.160608 0.443798 0.0317841 0.0246654
0 0.948645 0.0942446 0.0403976 0.024295
0 0.536258 0.0918039 0.0299739 0.0247495
0 0.603644 0.119933 0.0287091 0.0256299
0 0.0216315 0.164697 0.0275355 0.0252228
0 0.552974 0.900266 0.0430338 0.0273225
0 0.533373 0.944513 0.0281063 0.0306557
0 0.434141 0.236096 0.0284081 0.0255745
0 0.441877 0.993603 0.0268635 0.0127945
0 0.65004 0.0150819 0.0308832 0.0280666
0 0.863712 0.479046 0.0307171 0.0259542
0 0.740377 0.375427 0.0337179 0.0265732
0 0.697106 0.241022 0.0229366 0.0224776
0 0.992716 0.684372 0.0141376 0.0306711
0 0.309465 0.395484 0.0316482 0.0284037
0 0.0969897 0.586007 0.0303382 0.0264473
0 0.275302 0.99045 0.0323828 0.0190994
0 0.337141 0.672137 0.0267143 0.0280443
0 0.263387 0.133974 0.0341893 0.0257129
0 0.291816 0.572441 0.0369242 0.0252675
0 0.670371 0.0820151 0.0302846 0.0243523
0 0.45979 0.0332657 0.0246883 0.0217218
0 0.162543 0.176281 0.0317092 0.0209633
0 0.0771372 0.161887 0.026705 0.0250159
0 0.793361 0.733632 0.0333826 0.0307688
0 0.853501 0.764201 0.026838 0.0299377
0 0.22245 0.90817 0.0326933 0.0360613
0 0.52626 0.620978 0.0271948 0.0237607
0 0.565454 0.704695 0.0263689 0.0249875
0 0.0334777 0.489716 0.0434319 0.0239818
0 0.433811 0.308386 0.0240968 0.0241996
0 0.628303 0.453654 0.0248756 0.0242059
0 0.00801625 0.182579 0.0160325 0.0154257
0 0.579507 0.880179 0.0315726 0.0319218
0 0.083973 0.055578 0.0302505 0.0238267
0 0.19171 0.637053 0.0251442 0.0232271
0 0.116717 0.794632 0.0227515 0.0237479
0 0.677964 0.110612 0.0228872 0.0229329
0 0.442355 0.598563 0.0228089 0.0256178
0 0.187714 0.293933 0.027455 0.0248336
0 0.245455 0.775661 0.028264 0.0248361
0 0.421646 0.457113 0.0332519 0.0254617
0 0.457303 0.0695885 0.0246945 0.022237
0 0.0057592 0.325209 0.0115184 0.0279269
0 0.607603 0.423855 0.0281675 0.0244385
0 0.532457 0.752378 0.0281737 0.0307991
0 0.266778 0.424701 0.0290522 0.0236247
0 0.106977 0.681913 0.0272269 0.0208867
0 0.355808 0.759777 0.0304237 0.0270928
0 0.617699 0.295283 0.0320007 0.0214709
0 0.136783 0.176962 0.0258485 0.0221198
0 0.813312 0.991753 0.0342277 0.0164933
0 0.667169 0.399646 0.0250107 0.0240982
0 0.806481 0.862866 0.0280876 0.0202109
0 0.691905 0.335186 0.0258343 0.0240783
0 0.231574 0.380943 0.0428114 0.0266438
0 0.318392 0.165479 0.0271676 0.0233297
0 0.863293 0.994739 0.0279477 0.0105228
0 0.0137609 0.361223 0.0275218 0.0332078
0 0.335978 0.128172 0.0274384 0.0255661
0 0.776655 0.488598 0.0289305 0.0277963
0 0.0700126 0.722838 0.026983 0.0250248
0 0.547213 0.334803 0.0235255 0.0225917
0 0.879383 0.966312 0.0335922 0.0269358
0 0.891271 0.305149 0.027455 0.023719
0 0.195342 0.875384 0.0296873 0.0249904
0 0.154677 0.578427 0.0275109 0.0277359
0 0.120493 0.607661 0.0311888 0.0262672
0 0.160259 0.633094 0.0276793 0.0331813
0 0.335189 0.188747 0.0250079 0.022503
0 0.47534 0.0537032 0.0262108 0.0252109
0 0.24297 0.312288 0.0277258 0.0221088
0 0.0770877 0.453276 0.0245325 0.019268
0 0.868756 0.791979 0.0287572 0.0211052
0 0.255932 0.540095 0.0321968 0.0274852
0 0.473188 0.686863 0.0420262 0.0315865
0 0.298093 0.485814 0.0261644 0.0289344
0 0.778782 0.101893 0.0267167 0.0203242
0 0.246378 0.409114 0.0261756 0.0243674
0 0.123502 0.266982 0.028957 0.0240262
0 0.494626 0.970355 0.0407881 0.0331543
0 0.911951 0.871668 0.0274606 0.0282243
0 0.603834 0.921446 0.0321733 0.0240296
0 0.489467 0.549312 0.0261572 0.0227855
0 0.0515307 0.665044 0.0240691 0.0223506
0 0.329226 0.836104 0.0300368 0.0240512
0 0.994128 0.22888 0.0116655 0.0278489
0 0.283203 0.967649 0.0472721 0.0389231
0 0.775311 0.42076 0.0239117 0.0211735
0 0.744007 0.828652 0.0323647 0.0262088
0 0.764832 0.325942 0.0380951 0.0319451
0 0.37754 0.329119 0.0305974 0.0231778
0 0.108274 0.508587 0.0279923 0.0227993
0 0.371457 0.413594 0.0243998 0.0276221
0 0.11441 0.286914 0.0235228 0.0245393
0 0.986359 0.0664114 0.027114 0.0411316
0 0.149559 0.930687 0.0261398 0.0214012
0 0.202083 0.74004 0.0342859 0.0307214
0 0.676513 0.251073 0.0266326 0.023839
0 0.882686 0.754392 0.0310745 0.0250978
0 0.43519 0.41892 0.024044 0.0270387
0 0.869623 0.524751 0.0306569 0.0293133
0 0.698242 0.258302 0.0228605 0.0167477
0 0.696944 0.237031 0.0235397 0.0196884
0 0.27084 0.644401 0.0271164 0.0271084
0 0.190979 0.556401 0.0237357 0.0243759
0 0.604931 0.451904 0.0324209 0.027675
0 0.462926 0.969027 0.0293139 0.0226189
0 0.882758 0.350059 0.0300896 0.026712
0 0.487218 0.993018 0.0329986 0.0139631
0 0.01837 0.461234 0.0264317 0.0294379
0 0.0787646 0.672179 0.0310268 0.0256665
0 0.727866 0.725107 0.0296344 0.025845
0 0.99301 0.136637 0.0139807 0.024862
0 0.524029 0.818367 0.033928 0.0271357
0 0.367907 0.263547 0.0348639 0.0332264
0 0.807666 0.418696 0.0293031 0.0256446
0 0.994119 0.970997 0.0116234 0.0240322
0 0.82462 0.0869552 0.023329 0.0232167
0 0.166816 0.411935 0.0259278 0.0221725
0 0.810423 0.081194 0.0375052 0.0290465
0 0.50544 0.66645 0.0253087 0.023612
0 0.611049 0.517843 0.0428967 0.0332124
0 0.805701 0.990832 0.0299213 0.0183364
0 0.842816 0.343116 0.0328341 0.0215281
0 0.433036 0.383539 0.0383963 0.0282164
0 0.0948191 0.740132 0.029782 0.0285071
0 0.604165 0.115241 0.0303436 0.0340441
0 0.179076 0.266299 0.025801 0.0216267
0 0.649321 0.749952 0.0257017 0.0279077
0 0.69925 0.164836 0.0280503 0.0274528
0 0.298776 0.542759 0.0422789 0.0212209
0 0.486419 0.272108 0.0251684 0.0240995
0 0.212529 0.556225 0.0327247 0.026061
0 0.215397 0.615063 0.0308636 0.029281
0 0.405425 0.0376481 0.0272841 0.0225332
0 0.176503 0.211135 0.0245766 0.0245755
0 0.892899 0.253168 0.024443 0.0206957
0 0.483773 0.248384 0.0272499 0.0215622
0 0.0512655 0.0716749 0.0372848 0.0244132
0 0.154715 0.59307 0.0304278 0.0215109
0 0.631368 0.37468 0.0276664 0.0238197
0 0.0137904 0.0765888 0.0275809 0.0288176
0 0.693929 0.669423 0.0349426 0.033844
0 0.770481 0.547812 0.0413453 0.0295597
0 0.476216 0.295666 0.0292389 0.0212671
0 0.589812 0.314833 0.0269185 0.0291617
0 0.764815 0.527978 0.0380069 0.024855
0 0.874608 0.913879 0.0268973 0.0236009
0 0.263616 0.626369 0.0256537 0.0192855
0 0.993707 0.988416 0.0123163 0.0212848
0 0.548242 0.776819 0.0244076 0.0200601
0 0.685299 0.369498 0.0275873 0.0304521
0 0.987246 0.594143 0.0250329 0.0270556
0 0.994033 0.521768 0.0118761 0.0267704
0 0.0295359 0.309531 0.0300709 0.0228571
0 0.158184 0.833814 0.0300598 0.0330129
0 0.308725 0.672148 0.0262773 0.0259068
0 0.953372 0.233502 0.0247164 0.0213054
0 0.461912 0.559664 0.0256301 0.0195423
0 0.161958 0.105116 0.0321052 0.0267144
0 0.734249 0.308354 0.0276527 0.0229848
0 0.634266 0.688235 0.0307481 0.0299433
0 0.842549 0.907727 0.0267726 0.0223244
0 0.589352 0.664301 0.0372102 0.0266549
0 0.0808145 0.0947817 0.0299109 0.0300608
0 0.7514 0.633018 0.027766 0.0240928
0 0.974188 0.516442 0.0264338 0.0218846
0 0.963012 0.426735 0.0352213 0.0250264
0 0.967263 0.0305081 0.0245624 0.0227409
0 0.904822 0.492974 0.0270691 0.0277278
0 0.382718 0.299185 0.0259478 0.0246678
0 0.10232 0.260627 0.0216801 0.0262374
0 0.753035 0.868296 0.0296839 0.0293832
0 0.0173549 0.893294 0.0347098 0.0368724
0 0.06979 0.726916 0.0287834 0.0275154
0 0.990448 0.39265 0.0190566 0.0231272
0 0.80408 0.031848 0.0223505 0.0228448
0 0.410277 0.622669 0.0275406 0.0236941
0 0.634754 0.984052 0.0281265 0.0209433
0 0.787562 0.127153 0.0300026 0.0238777
0 0.235134 0.438996 0.0268045 0.0235867
0 0.880599 0.989424 0.0467718 0.0211519
0 0.0524013 0.325818 0.0247017 0.0234348
0 0.0643821 0.332833 0.0230599 0.0230362
0 0.510827 0.792796 0.0311755 0.0268011
0 0.715915 0.748917 0.0345393 0.0315514
0 0.916776 0.838621 0.0265503 0.0265062
0 0.490925 0.222328 0.0265553 0.024683
0 0.902684 0.915603 0.0278063 0.023246
0 0.486192 0.415789 0.029577 0.0246821
0 0.661674 0.795795 0.0327772 0.0249485
0 0.562275 0.210529 0.0236509 0.0247266
0 0.361109 0.552627 0.0335225 0.0263146
0 0.348056 0.984315 0.0443136 0.0313696
0 0.508978 0.289884 0.0285695 0.0258317
0 0.0899453 0.576136 0.047 0.0313428
0 0.0532728 0.843512 0.0290897 0.024866
0 0.134186 0.583008 0.0255436 0.0194538
0 0.406507 0.991463 0.0288578 0.0170734
0 0.40688 0.316683 0.0270681 0.0210215
0 0.460507 0.171246 0.0339033 0.0312929
0 0.291204 0.543618 0.0274395 0.0207596
0 0.31451 0.318001 0.0281549 0.0245457
0 0.176861 0.660864 0.0234913 0.0245549
0 0.50437 0.0425791 0.0229084 0.0227687
0 0.700016 0.99275 0.0326529 0.0144998
0 0.0901617 0.654239 0.0290887 0.0232569
0 0.690524 0.368526 0.0393454 0.0335751
0 0.813309 0.763324 0.0241997 0.0258729
0 0.422904 0.795922 0.0482345 0.0321352
0 0.0300335 0.608528 0.0289928 0.028981
0 0.79288 0.26585 0.0290047 0.0255611
0 0.159213 0.950122 0.0330722 0.0274845
0 0.495822 0.623526 0.025158 0.0237091
0 0.489286 0.980454 0.0419729 0.0214621
0 0.993484 0.889377 0.0129381 0.02564
0 0.0947079 0.735414 0.0289093 0.0280536
0 0.125965 0.58678 0.0312824 0.015993
0 0.202683 0.791621 0.0354107 0.0284211
0 0.91283 0.770902 0.0384538 0.0256645
0 0.0949383 0.581913 0.0371276 0.026211
0 0.825237 0.471656 0.0315499 0.0235606
0 0.823548 0.380686 0.0266898 0.0181535
0 0.081662 0.623257 0.0252002 0.0210931
0 0.357321 0.486909 0.0346282 0.0355734
0 0.721107 0.993054 0.0277529 0.0138924
0 0.519168 0.577514 0.0307039 0.0362357
0 0.384915 0.985887 0.0335 0.0282266
0 0.0419794 0.772424 0.030299 0.0331129
0 0.773973 0.712157 0.0277901 0.0313926
0 0.113899 0.770177 0.0334371 0.0234595
0 0.438599 0.600136 0.0312881 0.0289612
0 0.148079 0.399836 0.0272975 0.0236996
0 0.727678 0.691036 0.0254345 0.0222382
0 0.66746 0.397197 0.0319142 0.0287939
0 0.993919 0.978812 0.0121626 0.0333337
0 0.641605 0.612275 0.0372159 0.0273122
0 0.654661 0.358368 0.026486 0.0237119
0 0.345919 0.59017 0.0270154 0.0246249
0 0.330526 0.256921 0.0336738 0.0240359
0 0.929515 0.255811 0.0337866 0.0259335
0 0.203178 0.783918 0.0394881 0.03709
0 0.0270965 0.791722 0.0292801 0.0239738
0 0.954078 0.552393 0.0310091 0.0226411
0 0.80587 0.00919147 0.030322 0.0183829
0 0.428472 0.952139 0.0393667 0.0311636
0 0.119382 0.334948 0.0317268 0.0251073
0 0.165625 0.107136 0.0232756 0.0221431
0 0.578297 0.186437 0.0378677 0.0291121
0 0.0922168 0.339207 0.0268877 0.0181756
0 0.981734 0.942641 0.0363007 0.0199834
0 0.478108 0.994242 0.0362937 0.0115151
0 0.759905 0.0179498 0.0304598 0.0248243
0 0.33959 0.564169 0.0208043 0.0237426
0 0.384556 0.37707 0.0251375 0.0222629
0 0.604872 0.514472 0.0289812 0.0276132
0 0.990716 0.419614 0.0183507 0.0191879
0 0.770822 0.288306 0.0231199 0.0208089
0 0.174247 0.766212 0.0317031 0.0321326
0 0.905427 0.366695 0.0323968 0.0257119
0 0.292341 0.20199 0.0399036 0.0249139
0 0.357933 0.555202 0.0286328 0.0255563
0 0.482797 0.39596 0.0299084 0.0225137
0 0.12681 0.422909 0.0396383 0.0278953
0 0.4124 0.735936 0.0287279 0.0230787
0 0.351499 0.23103 0.0293646 0.0276835
0 0.735868 0.0894074 0.0331485 0.0256348
0 0.582692 0.189671 0.0280634 0.0219413
0 0.948849 0.571871 0.0277871 0.0222793
0 0.0087441 0.273024 0.0174882 0.0244031
0 0.296583 0.204821 0.0362302 0.0279064
0 0.291935 0.563295 0.0338722 0.0229254
0 0.402535 0.600456 0.0268438 0.0228415
0 0.433441 0.651194 0.0352379 0.0245631
0 0.610091 0.0941881 0.0376926 0.0257208
0 0.838488 0.419891 0.0339199 0.0294755
0 0.0560326 0.328269 0.0328067 0.0309071
0 0.97542 0.452905 0.0251662 0.0214798
0 0.321027 0.476818 0.0258654 0.0205763
0 0.304849 0.560336 0.0306129 0.0172575
0 0.639302 0.0728467 0.0377398 0.0276679
0 0.609744 0.769179 0.0288859 0.0219144
0 0.205549 0.774782 0.0361177 0.0234957
0 0.805367 0.0797768 0.0278736 0.0286679
0 0.344375 0.0290511 0.0309271 0.0282717
0 0.25003 0.41113 0.0259481 0.0281816
0 0.339617 0.722037 0.0302415 0.0296785
0 0.685947 0.967965 0.0314378 0.0300713
0 0.300304 0.123803 0.0277813 0.0319634
0 0.764711 0.216741 0.0263671 0.0236482
0 0.100813 0.263691 0.0216412 0.0226435
0 0.974736 0.176055 0.0371619 0.0218876
0 0.990907 0.438532 0.0181333 0.019581
0 0.172872 0.0209356 0.0288517 0.0249181
0 0.293572 0.559983 0.0367182 0.0172706
