0 0.367013 0.289657 0.0280449 0.023091
0 0.892853 0.147796 0.0255594 0.0241698
0 0.627713 0.738379 0.0335196 0.0259728
0 0.989603 0.597869 0.0207939 0.0282481
0 0.182425 0.994129 0.040081 0.0117415
0 0.973575 0.993002 0.030237 0.0139952
0 0.371822 0.797907 0.0275289 0.0238845
0 0.609594 0.812273 0.0350268 0.0288752
0 0.754901 0.0407178 0.0291145 0.0257105
0 0.0440675 0.0097994 0.0287349 0.0195988
0 0.025206 0.977678 0.0339552 0.0264447
0 0.71398 0.708194 0.0276656 0.0229054
0 0.885863 0.005823 0.0327371 0.011646
0 0.301696 0.333446 0.0248982 0.0224134
0 0.81924 0.132234 0.0268748 0.0241347
0 0.93999 0.994052 0.0302481 0.0118966
0 0.0936755 0.110012 0.0266682 0.0217004
0 0.164459 0.201958 0.0273187 0.0233033
0 0.862906 0.867996 0.0269305 0.0234598
0 0.989757 0.345118 0.0204852 0.0262083
0 0.951071 0.961346 0.0273642 0.0233319
0 0.993022 0.130467 0.0139566 0.0256499
0 0.672595 0.488345 0.0258469 0.0241598
0 0.434342 0.535674 0.0315749 0.0275365
0 0.301688 0.406738 0.027842 0.0265848
0 0.740147 0.757864 0.0257556 0.0263411
0 0.889553 0.0411933 0.0259441 0.0233473
0 0.834257 0.058688 0.0284952 0.0223634
0 0.451378 0.971828 0.0290471 0.0244998
0 0.343202 0.505855 0.0316216 0.0294272
0 0.145271 0.828785 0.0296648 0.0261282
0 0.768061 0.822998 0.0336961 0.0266388
0 0.617567 0.407017 0.0336103 0.0270999
0 0.839713 0.407941 0.0315241 0.0260068
0 0.501978 0.510761 0.0329234 0.0271135
0 0.276195 0.0570342 0.0292146 0.0238624
0 0.133892 0.983269 0.032158 0.0272912
0 0.683521 0.15628 0.0248645 0.0217405
0 0.858683 0.130454 0.024205 0.0238653
0 0.26371 0.199922 0.0244386 0.0225375
0 0.706832 0.976607 0.0367618 0.0271816
0 0.392188 0.503251 0.0257622 0.0217387
0 0.730042 0.461744 0.030177 0.0259162
0 0.70775 0.646359 0.0341849 0.0291505
0 0.473533 0.800897 0.0336747 0.0305787
0 0.131629 0.757941 0.0268078 0.0245144
0 0.906047 0.216574 0.0297174 0.0265081
0 0.130459 0.432745 0.0257996 0.0229697
0 0.489557 0.111367 0.0262578 0.0251463
0 0.7486 0.561231 0.0284088 0.0232603
0 0.717457 0.0472088 0.0315048 0.0233242
0 0.840982 0.190175 0.0270181 0.0209638
0 0.0845645 0.267356 0.028176 0.0231951
0 0.478134 0.300107 0.0260848 0.0233378
0 0.401077 0.784848 0.0310016 0.0275218
0 0.678294 0.353468 0.0342294 0.0287082
0 0.344646 0.144804 0.0286018 0.0222696
0 0.138443 0.894554 0.0366324 0.0275916
0 0.812243 0.782737 0.0254323 0.0216168
0 0.985842 0.876788 0.0278088 0.0251963
0 0.985144 0.301608 0.0297123 0.0232029
0 0.244759 0.49376 0.0277943 0.0225523
0 0.76468 0.31196 0.0325818 0.0291911
0 0.951749 0.44968 0.0266971 0.0221398
0 0.895059 0.851153 0.0323602 0.0307222
0 0.905367 0.4978 0.0347559 0.0239094
0 0.96981 0.0967292 0.0264896 0.0243624
0 0.0279311 0.925494 0.0379151 0.0300922
0 0.990093 0.374118 0.0198145 0.0244835
0 0.937422 0.0449855 0.0315201 0.028676
0 0.268565 0.673787 0.0279834 0.0240625
0 0.0679358 0.933703 0.0304005 0.0250977
0 0.176171 0.782004 0.0276013 0.0250519
0 0.47422 0.490679 0.0340256 0.0289872
0 0.182485 0.144598 0.0283693 0.0187885
0 0.907276 0.980252 0.0403317 0.031568
0 0.365025 0.362826 0.030544 0.0221058
0 0.358885 0.676881 0.0326215 0.026758
0 0.823679 0.712514 0.0282156 0.0236737
0 0.759171 0.235654 0.0330134 0.0262356
0 0.665509 0.611171 0.0327212 0.0286173
0 0.0142942 0.226625 0.0285884 0.029616
0 0.69149 0.699469 0.0239931 0.023132
0 0.820205 0.16285 0.0226909 0.0198708
0 0.235754 0.144889 0.0317615 0.022725
0 0.742285 0.924085 0.0279559 0.0262181
0 0.829944 0.576061 0.0278323 0.0249364
0 0.829519 0.652377 0.0262685 0.0233124
0 0.726029 0.515605 0.0293457 0.0240396
0 0.0669502 0.685725 0.0324211 0.0247748
0 0.121846 0.61838 0.0311389 0.0252876
0 0.0805426 0.462093 0.0327419 0.0274744
0 0.0541906 0.218895 0.0382224 0.0243392
0 0.97235 0.190756 0.0314236 0.0286441
0 0.59126 0.627901 0.0314892 0.0274605
0 0.478833 0.720631 0.0278646 0.0267048
0 0.54969 0.0304365 0.0323883 0.026801
0 0.717002 0.566602 0.030552 0.0298788
0 0.876731 0.0932101 0.0255069 0.0206808
0 0.46423 0.690447 0.0312912 0.028581
0 0.981575 0.729142 0.0321288 0.0289282
0 0.0494695 0.112821 0.0232792 0.0222186
0 0.699353 0.612265 0.0244983 0.0218647
0 0.567388 0.470125 0.0331328 0.0277582
0 0.504853 0.0200922 0.030215 0.0263034
0 0.598907 0.866215 0.0327023 0.0274933
0 0.0186391 0.172275 0.0282611 0.0232911
0 0.863124 0.782731 0.0286636 0.0252881
0 0.405904 0.62958 0.0298088 0.0272253
0 0.265253 0.117724 0.0338529 0.0306616
0 0.966087 0.769387 0.0305969 0.0260693
0 0.963014 0.897875 0.028255 0.0259288
0 0.369903 0.400236 0.0270819 0.0256074
0 0.141182 0.10884 0.0247197 0.0206865
0 0.72431 0.145762 0.0291888 0.0276368
0 0.387047 0.16913 0.0279521 0.0239435
0 0.592302 0.914421 0.0264342 0.0256124
0 0.965679 0.625107 0.0282585 0.0227222
0 0.75974 0.500595 0.0267761 0.0290453
0 0.934751 0.528382 0.0376227 0.0283638
0 0.776121 0.968823 0.0318393 0.0265799
0 0.363749 0.0923351 0.0261343 0.0248044
0 0.958564 0.824821 0.0282977 0.0270856
0 0.953964 0.655213 0.0292061 0.0293487
0 0.010891 0.684812 0.0217821 0.0272299
0 0.621291 0.54644 0.0266355 0.0315413
0 0.447731 0.326472 0.0369687 0.0334514
0 0.547762 0.654618 0.0342114 0.0320927
0 0.389552 0.101788 0.0260954 0.0236431
0 0.113745 0.744885 0.0284734 0.0235831
0 0.836947 0.892266 0.0282953 0.0266321
0 0.872395 0.819529 0.0292062 0.0264894
0 0.0449522 0.713012 0.0297643 0.0248886
0 0.908149 0.387183 0.0300106 0.0219964
0 0.106252 0.369708 0.0296871 0.027984
0 0.81023 0.055536 0.022862 0.0214025
0 0.117479 0.959093 0.0225899 0.0235989
0 0.465568 0.653327 0.0305893 0.0255744
0 0.397847 0.397034 0.0223445 0.0331293
0 0.568773 0.549997 0.0295778 0.0256441
0 0.118735 0.574373 0.0355537 0.0326799
0 0.681781 0.956326 0.0289903 0.0260894
0 0.576004 0.517209 0.0305905 0.0242254
0 0.43515 0.386163 0.0283585 0.0263043
0 0.825433 0.543506 0.0328943 0.0273714
0 0.33861 0.402502 0.0288951 0.0242084
0 0.252721 0.169326 0.0240864 0.021367
0 0.213692 0.618448 0.0261458 0.0225326
0 0.171109 0.843511 0.0295657 0.0254654
0 0.752135 0.352644 0.0301361 0.0212813
0 0.145699 0.625783 0.0313235 0.0203086
0 0.991559 0.767198 0.0168465 0.0224609
0 0.639729 0.440215 0.0285925 0.02821
0 0.135883 0.196066 0.0284709 0.0226116
0 0.773693 0.00763869 0.0238269 0.0152774
0 0.868093 0.370425 0.0388158 0.0292453
0 0.92714 0.882164 0.0251843 0.0208905
0 0.44429 0.642174 0.0302971 0.0279901
0 0.980838 0.651357 0.0274267 0.0254398
0 0.901594 0.0846602 0.0319017 0.0242692
0 0.83512 0.604599 0.0360054 0.0280935
0 0.871032 0.413506 0.0255238 0.0231819
0 0.942248 0.916719 0.0240387 0.0230609
0 0.522312 0.0550191 0.0317622 0.0292994
0 0.531664 0.602187 0.0294576 0.0255418
0 0.298868 0.193448 0.0318011 0.0219323
0 0.237437 0.273135 0.0442532 0.026564
0 0.831678 0.209096 0.0282547 0.0253371
0 0.234418 0.627367 0.0276254 0.0204421
0 0.961389 0.923418 0.0230801 0.0224072
0 0.0808737 0.303254 0.0260385 0.0211392
0 0.9639 0.363299 0.0369186 0.0235855
0 0.916902 0.434174 0.0308194 0.0220894
0 0.944613 0.861875 0.0244135 0.0215685
0 0.270092 0.991587 0.0314289 0.0168266
0 0.988831 0.827976 0.0223389 0.024089
0 0.0870291 0.493677 0.0301938 0.0257634
0 0.371001 0.213221 0.0271515 0.0250422
0 0.390077 0.140071 0.0335451 0.0297102
0 0.392908 0.547142 0.0289064 0.0231024
0 0.224614 0.219978 0.0350017 0.0233617
0 0.0415276 0.378708 0.02725 0.0229773
0 0.140258 0.310027 0.0422173 0.0220567
0 0.900054 0.111805 0.0400725 0.0228761
0 0.991869 0.282592 0.0162624 0.022622
0 0.329038 0.611902 0.033989 0.0304474
0 0.21545 0.493968 0.0269672 0.0230808
0 0.41859 0.390405 0.0202953 0.0224909
0 0.018346 0.850447 0.030309 0.0244626
0 0.243423 0.71217 0.0279144 0.0250128
0 0.0778103 0.204049 0.0317262 0.024947
0 0.659694 0.911436 0.0363248 0.0342732
0 0.869919 0.24662 0.0292184 0.0186953
0 0.571657 0.822365 0.0415979 0.0273413
0 0.201978 0.736576 0.032151 0.0280406
0 0.668379 0.854873 0.0413428 0.0345254
0 0.281828 0.518098 0.0322134 0.0266248
0 0.590153 0.911724 0.0312414 0.0299512
0 0.199488 0.714281 0.03185 0.0235149
0 0.945267 0.472039 0.0483875 0.024953
0 0.256971 0.228188 0.0421412 0.025738
0 0.0339358 0.829262 0.0224199 0.0204707
0 0.795088 0.191552 0.0354853 0.0280904
0 0.363943 0.290434 0.0381387 0.0280176
0 0.524455 0.856522 0.038655 0.0328619
0 0.291413 0.537489 0.0244115 0.0220747
0 0.67281 0.208025 0.0307582 0.0271164
0 0.253531 0.0176412 0.0309571 0.0352825
0 0.192321 0.501142 0.0310394 0.0225822
0 0.897611 0.633181 0.0290521 0.0211701
0 0.56088 0.822491 0.0340329 0.0268082
0 0.858631 0.227135 0.0281643 0.0295829
0 0.969875 0.430853 0.0259337 0.0226211
0 0.881474 0.883526 0.0228333 0.0196686
0 0.0420974 0.852702 0.0289 0.0233517
0 0.0773088 0.123185 0.0374658 0.0243251
0 0.290175 0.104792 0.0225269 0.0229127
0 0.925544 0.860482 0.0203823 0.0220751
0 0.940659 0.608759 0.0268338 0.0248253
0 0.953371 0.601808 0.0276303 0.0241566
0 0.139828 0.286525 0.0374438 0.0259587
0 0.516237 0.90463 0.0331278 0.0168576
0 0.894404 0.785237 0.0347388 0.0261816
0 0.277803 0.240924 0.0515353 0.0280528
0 0.047128 0.547599 0.0405988 0.0339938
0 0.407838 0.462734 0.0190105 0.0256615
0 0.654091 0.0129035 0.0371348 0.0240171
0 0.857604 0.308918 0.0366172 0.0290856
0 0.880825 0.481022 0.0197623 0.0201296
0 0.213399 0.434434 0.0302622 0.0346077
0 0.027563 0.105118 0.0271763 0.0239144
0 0.945585 0.425142 0.0291464 0.0252708
0 0.833816 0.975911 0.0260963 0.0225549
0 0.301266 0.201987 0.0343202 0.0309354
0 0.66446 0.101837 0.079494 0.0798652
0 0.622337 0.00603941 0.0288775 0.0120788
0 0.797557 0.168515 0.030134 0.0245815
0 0.543092 0.00446453 0.0268254 0.00892905
0 0.664283 0.906892 0.0510986 0.0410025
0 0.201058 0.72919 0.0341669 0.0367483
0 0.708461 0.591372 0.0374331 0.0245919
0 0.137367 0.757825 0.0393652 0.026036
0 0.771745 0.919422 0.0288236 0.0263588
0 0.902856 0.737045 0.0294003 0.0207481
0 0.431313 0.0354908 0.0235189 0.0261878
0 0.62126 0.538618 0.0282715 0.0335387
0 0.269605 0.24233 0.0385734 0.0244593
0 0.0451651 0.0118232 0.0356922 0.0236465
0 0.252302 0.226158 0.0432626 0.0263408
0 0.86616 0.973644 0.0267847 0.020237
0 0.570333 0.598812 0.0375346 0.0288991
0 0.975432 0.45344 0.028905 0.0233085
0 0.424541 0.467284 0.0281956 0.0245967
0 0.857488 0.0699571 0.0185535 0.0162159
0 0.47452 0.995076 0.0360819 0.00984728
0 0.451633 0.0351759 0.0250099 0.0211897
0 0.814896 0.691833 0.0242874 0.0218304
0 0.8943 0.857543 0.0323389 0.0229449
0 0.715127 0.809654 0.0350705 0.0335662
0 0.856947 0.704348 0.0253662 0.0233569
0 0.41721 0.393028 0.0197182 0.0222205
0 0.475977 0.985045 0.0354608 0.0290658
0 0.584651 0.907802 0.0413399 0.0309476
0 0.949774 0.603911 0.0349094 0.0287003
0 0.910225 0.701839 0.0330219 0.0203223
0 0.877754 0.727236 0.0355728 0.0227185
0 0.427206 0.764423 0.035021 0.0199051
0 0.233125 0.334936 0.0265729 0.0246205
0 0.300889 0.33294 0.0323418 0.0261258
0 0.622279 0.5432 0.0333551 0.0394906
0 0.345221 0.937846 0.0407197 0.0334346
0 0.519472 0.906084 0.0415033 0.0233166
0 0.975208 0.569037 0.023631 0.0175725
0 0.836011 0.207329 0.0371222 0.0252449
0 0.897134 0.413365 0.0275509 0.0218318
0 0.533058 0.859163 0.0523744 0.0381445
0 0.88678 0.0411111 0.0347925 0.0255822
0 0.106017 0.398529 0.025541 0.0204474
0 0.550032 0.50794 0.0285038 0.0324681
0 0.702943 0.153773 0.0225239 0.0213067
0 0.453346 0.981118 0.042211 0.0369989
0 0.4287 0.0257347 0.0296507 0.0197235
0 0.995851 0.671362 0.00818056 0.0241207
0 0.996116 0.675848 0.00756884 0.0278418
0 0.0232112 0.502225 0.0271826 0.0251196
0 0.351523 0.209884 0.0214732 0.0245345
0 0.0112644 0.44319 0.0217965 0.0180205
0 0.877526 0.876601 0.019874 0.0165953
0 0.148991 0.952205 0.0321635 0.0278056
0 0.575925 0.682958 0.037788 0.0302271
0 0.611276 0.176259 0.0354224 0.0283297
0 0.631985 0.1545 0.0196771 0.0136569
0 0.932149 0.132996 0.0184731 0.0202616
0 0.437992 0.658316 0.0225542 0.0180536
0 0.316127 0.529616 0.0340249 0.0251749
0 0.460678 0.975802 0.0502928 0.0333276
0 0.239554 0.223476 0.0180167 0.0256317
0 0.304551 0.207714 0.0321665 0.0249788
0 0.544225 0.00556919 0.0312894 0.0111384
0 0.249893 0.96324 0.0621696 0.0445783
0 0.798982 0.189213 0.0314535 0.0258126
0 0.435604 0.660598 0.0189239 0.0178571
0 0.867864 0.686951 0.0219455 0.0180064
0 0.898811 0.496981 0.0376855 0.0210491
0 0.994449 0.0314624 0.0111024 0.0248229
0 0.988681 0.281697 0.0226374 0.0249371
0 0.759436 0.240692 0.0410472 0.0369126
0 0.920407 0.859874 0.0175751 0.0231506
0 0.820651 0.692433 0.0259156 0.0212195
0 0.431902 0.600837 0.0193097 0.0196731
0 0.58855 0.471615 0.0181324 0.024601
0 0.949745 0.431004 0.0282007 0.024799
0 0.433299 0.0318624 0.0269191 0.0285543
0 0.563279 0.150888 0.0231981 0.0145685
0 0.986768 0.288694 0.0264633 0.0312748
0 0.290098 0.527339 0.0231062 0.0203079
0 0.814633 0.689422 0.028685 0.0256897
0 0.0643288 0.497244 0.0171819 0.0239649
0 0.419211 0.465305 0.0390955 0.0280246
0 0.711538 0.902543 0.0478728 0.0237805
0 0.902705 0.894057 0.0237901 0.0170535
0 0.453816 0.990621 0.0402028 0.0187579
0 0.212626 0.433726 0.036926 0.0415529
0 0.46082 0.98268 0.0566376 0.0338297
0 0.367252 0.379079 0.0345735 0.01674
0 0.855373 0.645649 0.0216837 0.030784
0 0.214054 0.424114 0.0288442 0.0296265
0 0.834094 0.199534 0.032016 0.0263127
0 0.992501 0.763299 0.0148973 0.0285901
0 0.14378 0.109708 0.0379836 0.0267752
0 0.864376 0.697436 0.024791 0.0257806
0 0.739483 0.758849 0.0336587 0.0291767
0 0.963847 0.619928 0.0283225 0.0227593
0 0.544658 0.869723 0.0400881 0.0301099
0 0.436489 0.0375218 0.0355196 0.0314212
0 0.9418 0.860518 0.031247 0.0242848
0 0.365003 0.37412 0.0346538 0.0245946
0 0.475096 0.980634 0.0274393 0.0234555
0 0.289547 0.0843446 0.0310756 0.0234571
0 0.0578213 0.424298 0.0396013 0.0273268
0 0.557818 0.602195 0.0242262 0.024056
0 0.938226 0.472222 0.0340863 0.0235231
0 0.449734 0.975221 0.0366936 0.0327868
0 0.975634 0.989613 0.0375322 0.0203885
0 0.0296704 0.851492 0.055716 0.0266301
0 0.0435089 0.377777 0.0378603 0.0309514
0 0.44266 0.647326 0.0292615 0.0290692
0 0.0309325 0.499881 0.0425261 0.0304285
0 0.944581 0.604924 0.0351651 0.0294093
0 0.00518381 0.164543 0.0102415 0.020923
0 0.622837 0.737443 0.0460662 0.0308966
0 0.306861 0.710505 0.0300236 0.0330274
0 0.922581 0.883214 0.033811 0.0220958
0 0.854872 0.260836 0.0220781 0.0169989
0 0.389731 0.145999 0.0334948 0.0283953
0 0.622937 0.00802505 0.0332977 0.0160501
0 0.231719 0.332239 0.0490031 0.031469
0 0.651437 0.106766 0.0413054 0.0342683
0 0.0819029 0.124474 0.0440511 0.0286953
0 0.964221 0.463701 0.016442 0.0110844
0 0.860481 0.706723 0.0231869 0.0233412
0 0.46556 0.993247 0.0507754 0.0135066
0 0.696506 0.702932 0.0338106 0.0290625
0 0.780996 0.969579 0.0397159 0.0306183
0 0.988026 0.718814 0.0239476 0.0199832
0 0.843399 0.68955 0.0243599 0.02482
0 0.890577 0.104976 0.0265732 0.0140655
