0 0.23478 0.129673 0.0319756 0.023008
0 0.964091 0.774992 0.0280031 0.028645
0 0.60067 0.246352 0.0301997 0.0227526
0 0.462199 0.0612938 0.0271413 0.0204311
0 0.641919 0.107848 0.0281991 0.0250369
0 0.16742 0.543475 0.0309172 0.0264097
0 0.368686 0.744488 0.0276958 0.0231842
0 0.271361 0.0448305 0.0283113 0.0247279
0 0.0451807 0.699964 0.0199673 0.0218765
0 0.046947 0.899137 0.0300009 0.0275018
0 0.881894 0.305269 0.0257022 0.0245995
0 0.876045 0.770509 0.0270553 0.0227277
0 0.261722 0.674305 0.032026 0.0192593
0 0.820278 0.267419 0.0262178 0.0211005
0 0.96735 0.67896 0.0261267 0.0208917
0 0.419543 0.0890133 0.0231763 0.0224424
0 0.704133 0.737686 0.0316923 0.0240444
0 0.69324 0.409782 0.0306613 0.028289
0 0.619617 0.019592 0.0290282 0.0278036
0 0.51106 0.0464907 0.0217746 0.0230961
0 0.892222 0.594339 0.024472 0.0207599
0 0.338668 0.881443 0.0275539 0.0235385
0 0.0376282 0.476924 0.0245782 0.0228241
0 0.449607 0.0217072 0.027102 0.0226199
0 0.414567 0.991952 0.0298928 0.0160964
0 0.214286 0.183784 0.0314012 0.0230505
0 0.988098 0.638234 0.0233394 0.0220495
0 0.571983 0.485358 0.0249407 0.0220706
0 0.130999 0.00879044 0.0493477 0.0175809
0 0.62512 0.327647 0.0321645 0.0207364
0 0.132522 0.229568 0.0275516 0.0217138
0 0.664286 0.500147 0.0298029 0.0235947
0 0.142091 0.707437 0.0225516 0.0246844
0 0.129983 0.873478 0.0248891 0.0209993
0 0.936054 0.817281 0.0284424 0.0230991
0 0.066166 0.107474 0.0309497 0.0283476
0 0.0078411 0.12902 0.0156822 0.0239589
0 0.902784 0.688917 0.0241959 0.0248705
0 0.262292 0.936716 0.0261693 0.0256699
0 0.263596 0.750745 0.0290385 0.0228433
0 0.889426 0.252439 0.0257651 0.0217208
0 0.946013 0.426394 0.0293437 0.0256287
0 0.778713 0.105581 0.0243471 0.0202421
0 0.396349 0.907011 0.0302585 0.0271029
0 0.805708 0.0746506 0.0286862 0.0240353
0 0.622217 0.463177 0.0282872 0.0238715
0 0.399113 0.770131 0.0303455 0.0264797
0 0.0602112 0.0273919 0.033328 0.0299025
0 0.764536 0.519231 0.0292412 0.0241021
0 0.923741 0.588428 0.0253906 0.0234625
0 0.906909 0.070593 0.0283906 0.0232718
0 0.0814098 0.742123 0.0248166 0.0211771
0 0.343131 0.27473 0.0259154 0.0255231
0 0.612513 0.937172 0.0250189 0.023595
0 0.0995726 0.447086 0.0240503 0.0210848
0 0.00795407 0.789445 0.0159081 0.0207728
0 0.343308 0.988272 0.0327263 0.0234563
0 0.167796 0.871618 0.028201 0.0255805
0 0.919411 0.00395016 0.0247281 0.00790033
0 0.483835 0.546539 0.0304865 0.0216776
0 0.736907 0.547305 0.0311401 0.0244834
0 0.852678 0.921365 0.0258258 0.0228494
0 0.642486 0.0610536 0.0302503 0.0257874
0 0.580201 0.553936 0.0256221 0.0262303
0 0.801657 0.148262 0.0285106 0.0237404
0 0.98882 0.757866 0.0223606 0.0271811
0 0.0806991 0.987447 0.0338226 0.0251055
0 0.662478 0.120343 0.0252847 0.0194497
0 0.457121 0.452926 0.0250224 0.0203826
0 0.280471 0.210406 0.0264968 0.0235584
0 0.365713 0.0985958 0.0315577 0.0253758
0 0.556413 0.131856 0.0276405 0.0177083
0 0.0233572 0.143007 0.0336003 0.0235536
0 0.196309 0.0305385 0.0286581 0.0272739
0 0.994752 0.0472583 0.0104952 0.0217641
0 0.30794 0.404643 0.0350079 0.0210068
0 0.701187 0.937179 0.0286899 0.0184153
0 0.743826 0.418812 0.0275733 0.0222951
0 0.160741 0.675609 0.0278368 0.0244423
0 0.585616 0.770791 0.0293016 0.023909
0 0.681033 0.821767 0.0248996 0.0269429
0 0.294917 0.431462 0.0295897 0.0234259
0 0.868656 0.172276 0.0239212 0.0256149
0 0.655315 0.722362 0.0297627 0.0200506
0 0.616696 0.65269 0.02999 0.02147
0 0.743604 0.342927 0.0275031 0.0220593
0 0.906529 0.383482 0.0325937 0.0291167
0 0.630309 0.301119 0.0245368 0.0247684
0 0.896845 0.116297 0.0294095 0.0305141
0 0.692284 0.597774 0.0308878 0.0258802
0 0.867116 0.130398 0.0273277 0.0271825
0 0.515517 0.0852625 0.0259154 0.0258532
0 0.604253 0.835605 0.0322425 0.0214635
0 0.202253 0.0304416 0.0400572 0.0301866
0 0.544943 0.361894 0.026078 0.0246442
0 0.103404 0.497206 0.0265355 0.0237955
0 0.567224 0.369474 0.0255205 0.0279599
0 0.353507 0.854094 0.0269293 0.0251138
0 0.768482 0.975479 0.0237231 0.0184221
0 0.287802 0.295645 0.036054 0.0274229
0 0.766357 0.389932 0.030441 0.0229118
0 0.489387 0.0325066 0.0249801 0.024245
0 0.455607 0.743765 0.0303339 0.0228244
0 0.277033 0.110968 0.0314884 0.0279989
0 0.900695 0.186167 0.0268541 0.0211464
0 0.260037 0.244804 0.0374358 0.0229647
0 0.815003 0.244243 0.0286759 0.0198608
0 0.38824 0.503472 0.0265307 0.0278825
0 0.255816 0.772535 0.0291287 0.0239075
0 0.0532708 0.635754 0.0276058 0.0242639
0 0.557941 0.171017 0.0352818 0.0181803
0 0.923453 0.517302 0.0257263 0.0248134
0 0.685241 0.320955 0.0210686 0.0195077
0 0.717423 0.883642 0.0234071 0.0185837
0 0.396057 0.132392 0.0351303 0.0254589
0 0.331462 0.110166 0.0334332 0.0321039
0 0.87067 0.857794 0.0260062 0.0260837
0 0.532331 0.699575 0.0348327 0.0230398
0 0.420764 0.451354 0.0283798 0.0291994
0 0.137568 0.0779339 0.0322598 0.0282163
0 0.0868484 0.203647 0.0334839 0.0307443
0 0.342882 0.011364 0.0278088 0.022728
0 0.776954 0.581186 0.0305088 0.0226683
0 0.550636 0.0903175 0.044099 0.0336132
0 0.500087 0.192823 0.0285092 0.023528
0 0.837524 0.619619 0.0280088 0.0232956
0 0.989238 0.728952 0.021508 0.0250933
0 0.953188 0.226309 0.0275995 0.0228864
0 0.907343 0.388892 0.0342001 0.0378441
0 0.716443 0.860183 0.0227771 0.0241205
0 0.830044 0.925964 0.0217069 0.0274816
0 0.0575728 0.57488 0.0395326 0.0416234
0 0.0581464 0.312524 0.0246841 0.0225202
0 0.247684 0.582341 0.0264551 0.0204906
0 0.756304 0.092446 0.0314157 0.021888
0 0.231447 0.60243 0.0266974 0.022674
0 0.822325 0.290711 0.0374898 0.0240058
0 0.442054 0.836932 0.0270813 0.0264151
0 0.914778 0.615932 0.0315505 0.0209706
0 0.590828 0.959282 0.0247063 0.0246429
0 0.728122 0.0986592 0.0347608 0.0236031
0 0.894572 0.949674 0.030498 0.0220848
0 0.206312 0.0585628 0.0328716 0.0313878
0 0.742458 0.0422273 0.0254254 0.0202405
0 0.81466 0.879986 0.0230179 0.0235476
0 0.160804 0.170475 0.0268059 0.0242609
0 0.542718 0.864193 0.0217567 0.0176089
0 0.123805 0.991149 0.0341684 0.0177026
0 0.246955 0.480561 0.0273117 0.028896
0 0.897401 0.92433 0.0310861 0.0225278
0 0.312968 0.933494 0.0250834 0.0167043
0 0.41669 0.642325 0.02202 0.0213014
0 0.901923 0.805403 0.0318173 0.0232037
0 0.631216 0.708819 0.0404518 0.0357945
0 0.561935 0.664843 0.0277571 0.0227536
0 0.809076 0.796881 0.027251 0.0255157
0 0.162502 0.494743 0.026642 0.0278471
0 0.990271 0.195941 0.0194321 0.020379
0 0.370036 0.690321 0.029662 0.026416
0 0.33291 0.835651 0.024554 0.0273556
0 0.194858 0.118623 0.027597 0.0229686
0 0.608873 0.786616 0.0275182 0.0216693
0 0.241078 0.418314 0.0208934 0.0166793
0 0.330527 0.0564578 0.0240039 0.0214031
0 0.790215 0.827962 0.0229712 0.0182678
0 0.0614314 0.7424 0.0176241 0.0263134
0 0.213898 0.0339836 0.0212261 0.0230267
0 0.795319 0.990999 0.0323681 0.0180016
0 0.365743 0.103742 0.0312189 0.0316771
0 0.0466465 0.247555 0.0303097 0.0267313
0 0.750258 0.16286 0.0216308 0.0235275
0 0.474519 0.424453 0.0330437 0.0207317
0 0.563602 0.899478 0.0264992 0.022439
0 0.67939 0.0487692 0.0281627 0.0255581
0 0.0693007 0.00570812 0.0374821 0.0114162
0 0.174497 0.440591 0.0331022 0.0209097
0 0.220992 0.765754 0.0352229 0.0237893
0 0.398214 0.657729 0.028324 0.0235426
0 0.364667 0.113065 0.0257158 0.0213915
0 0.947621 0.0664442 0.025228 0.0221295
0 0.498256 0.83752 0.0299717 0.0291257
0 0.568226 0.924482 0.0269791 0.0233386
0 0.433725 0.419562 0.0309877 0.0221951
0 0.480099 0.773936 0.0258891 0.0226383
0 0.528566 0.121873 0.0347337 0.0239258
0 0.608695 0.0862278 0.0280187 0.0247485
0 0.635709 0.176868 0.0224031 0.0177481
0 0.822407 0.221016 0.0304611 0.0225372
0 0.93284 0.109381 0.0248621 0.017915
0 0.698523 0.141841 0.0249557 0.0185787
0 0.786398 0.770732 0.0307547 0.0223827
0 0.812179 0.511677 0.0282886 0.0258542
0 0.834573 0.697573 0.0271946 0.0241587
0 0.00721984 0.190748 0.0144397 0.0213918
0 0.698763 0.178656 0.0212128 0.0237969
0 0.810566 0.71248 0.0275578 0.0212918
0 0.549305 0.588172 0.0335169 0.0284325
0 0.485107 0.2633 0.0296666 0.0238152
0 0.402569 0.293566 0.0315057 0.026608
0 0.56818 0.00368427 0.0196518 0.00736853
0 0.172578 0.768506 0.0276059 0.0285573
0 0.726563 0.925218 0.0218784 0.0207504
0 0.335236 0.468164 0.0351889 0.0243343
0 0.922565 0.0887183 0.0271167 0.0241338
0 0.172269 0.967723 0.0252489 0.027538
0 0.988482 0.801189 0.0230368 0.0270798
0 0.0316825 0.723824 0.0316295 0.0236834
0 0.549512 0.0840866 0.0451055 0.0445164
0 0.598976 0.595055 0.0236803 0.0241066
0 0.0484886 0.780513 0.0210449 0.0213214
0 0.701242 0.073416 0.0295454 0.0214954
0 0.288619 0.301743 0.0354327 0.0290274
0 0.510933 0.661467 0.0354074 0.0247426
0 0.321275 0.563645 0.0201847 0.018385
0 0.362168 0.250899 0.023967 0.0164012
0 0.130531 0.614273 0.0237076 0.0196321
0 0.408149 0.817105 0.039449 0.038397
0 0.0934881 0.539262 0.026776 0.0278085
0 0.280733 0.734235 0.0297126 0.0249672
0 0.190518 0.426519 0.0458228 0.0393152
0 0.414485 0.0191336 0.0288343 0.0293129
0 0.969357 0.244804 0.0242395 0.0221694
0 0.912426 0.126378 0.0239023 0.0214088
0 0.494785 0.978306 0.0296085 0.0198868
0 0.303465 0.185499 0.0261602 0.0196729
0 0.608472 0.0470702 0.0401253 0.0240519
0 0.570246 0.4038 0.0242214 0.0219702
0 0.0331616 0.973124 0.0225309 0.0327365
0 0.0470608 0.699531 0.026689 0.0257318
0 0.861236 0.662998 0.0260345 0.0226813
0 0.287151 0.290996 0.0345911 0.0200017
0 0.0778116 0.00536467 0.0220444 0.0107293
0 0.0184109 0.68577 0.0334249 0.0258789
0 0.993892 0.617584 0.0121893 0.0245976
0 0.641505 0.642248 0.0334957 0.0207947
0 0.573209 0.796952 0.0332903 0.0282868
0 0.98979 0.24978 0.0204187 0.0252807
0 0.0136985 0.0448735 0.027397 0.0227878
0 0.94759 0.56472 0.0281209 0.0259365
0 0.761241 0.437494 0.0278461 0.0265825
0 0.310156 0.883399 0.0210498 0.0213825
0 0.527859 0.0567592 0.02306 0.0223062
0 0.773562 0.177117 0.024545 0.0189584
0 0.674711 0.473803 0.0275804 0.0235956
0 0.244354 0.526134 0.0525931 0.0486774
0 0.560271 0.167705 0.0349449 0.0234434
0 0.293144 0.924555 0.021839 0.0220295
0 0.634713 0.881265 0.0228114 0.0252694
0 0.820316 0.751167 0.0306554 0.0240517
0 0.34927 0.242745 0.025172 0.0225987
0 0.963462 0.640263 0.0235568 0.0160342
0 0.669395 0.179183 0.0306576 0.026196
0 0.506896 0.991961 0.0333988 0.0160775
0 0.501312 0.841201 0.0240891 0.02172
0 0.705785 0.804997 0.0233985 0.0204111
0 0.737695 0.865848 0.0250632 0.0206464
0 0.515399 0.90939 0.0287951 0.0297082
0 0.424867 0.53406 0.032124 0.0206307
0 0.402545 0.536514 0.0262364 0.0151431
0 0.249082 0.353211 0.0417378 0.0335475
0 0.324842 0.653882 0.0215624 0.0159735
0 0.85931 0.349153 0.0220653 0.0257303
0 0.878843 0.692221 0.0236099 0.023614
0 0.857561 0.799058 0.0390891 0.0243912
0 0.0658485 0.015647 0.0364518 0.0184328
0 0.81374 0.877103 0.0276861 0.0286869
0 0.476327 0.71286 0.0253857 0.0167558
0 0.349489 0.804999 0.0234741 0.0183298
0 0.894571 0.446519 0.0274895 0.0254938
0 0.680404 0.90149 0.0206683 0.0170183
0 0.702982 0.800683 0.030134 0.028078
0 0.759885 0.82282 0.0300128 0.022998
0 0.513653 0.158159 0.0255147 0.0217168
0 0.189016 0.33774 0.0316529 0.025953
0 0.7178 0.653479 0.0501834 0.0359886
0 0.132237 0.612358 0.0297986 0.0239876
0 0.273948 0.596648 0.0281818 0.016796
0 0.248878 0.532484 0.0432411 0.0360097
0 0.0816027 0.647706 0.0234842 0.0116952
0 0.751457 0.228674 0.0316089 0.0235189
0 0.802696 0.446638 0.0400211 0.0255351
0 0.136887 0.424904 0.0299584 0.0256106
0 0.275691 0.8313 0.0567661 0.0533368
0 0.994926 0.198697 0.0101476 0.0177099
0 0.972277 0.602557 0.0211392 0.0195222
0 0.661108 0.0194081 0.023204 0.0265934
0 0.797564 0.749383 0.0197028 0.0249863
0 0.119978 0.336914 0.0260884 0.0265851
0 0.451243 0.804661 0.0208375 0.0204968
0 0.0529722 0.83698 0.104573 0.095156
0 0.3173 0.671161 0.033914 0.0260342
0 0.674371 0.548668 0.0315547 0.022959
0 0.447196 0.473294 0.0365876 0.0195659
0 0.733804 0.797818 0.0291696 0.0294898
0 0.812263 0.872549 0.0258756 0.0224029
0 0.514219 0.800254 0.0171543 0.0192679
0 0.481407 0.571324 0.0279167 0.0225514
0 0.968945 0.240313 0.0238666 0.0218187
0 0.320373 0.672222 0.0281426 0.0221786
0 0.44087 0.475395 0.0241147 0.0140503
0 0.187894 0.940156 0.0254063 0.0293942
0 0.858679 0.609456 0.0180438 0.0224207
0 0.807781 0.126475 0.0238107 0.0235891
0 0.0895113 0.69608 0.0165815 0.0174463
0 0.893371 0.865251 0.0731853 0.0626694
0 0.412365 0.588661 0.0260246 0.0230848
0 0.23562 0.956626 0.031969 0.0234604
0 0.474333 0.431901 0.032693 0.0247278
0 0.241539 0.859965 0.0232813 0.0281647
0 0.993742 0.863059 0.012517 0.0197527
0 0.551504 0.193313 0.0251327 0.0189628
0 0.474335 0.695994 0.0208275 0.016145
0 0.976422 0.419994 0.0312474 0.0256204
0 0.0969341 0.132423 0.0356962 0.0178744
0 0.203486 0.0503556 0.0325361 0.022525
0 0.537225 0.626321 0.0278437 0.0262572
0 0.518095 0.967539 0.0324935 0.0317491
0 0.758505 0.324847 0.0268064 0.0222945
0 0.618416 0.870092 0.024874 0.0242243
0 0.206807 0.0439531 0.0328951 0.0216432
0 0.731439 0.834795 0.0234314 0.0238498
0 0.359607 0.781839 0.0283458 0.0249269
0 0.63233 0.277969 0.0226405 0.0197493
0 0.820135 0.747194 0.0328022 0.030418
0 0.460811 0.491466 0.0268712 0.0133543
0 0.133468 0.607136 0.0306247 0.0317639
0 0.906809 0.983572 0.0246632 0.0235768
0 0.797289 0.445477 0.0260039 0.0234573
0 0.104528 0.39234 0.0243603 0.0201071
0 0.47775 0.42904 0.0299739 0.0267238
0 0.656498 0.726193 0.0300937 0.0235832
0 0.253934 0.399952 0.026222 0.0239738
0 0.5723 0.312784 0.0305471 0.0244057
0 0.280542 0.729234 0.0325757 0.0309994
0 0.90733 0.400283 0.031174 0.0180316
0 0.537686 0.293714 0.0275267 0.0235491
0 0.870489 0.233259 0.02929 0.0269963
0 0.452906 0.471628 0.0316252 0.0206489
0 0.572465 0.427193 0.0357825 0.0209967
0 0.692957 0.621568 0.0278491 0.0225818
0 0.24117 0.86074 0.0306709 0.0313727
0 0.666954 0.14058 0.032341 0.0220659
0 0.956472 0.956757 0.0312968 0.0295285
0 0.277611 0.736465 0.0342446 0.025458
0 0.0623126 0.00620411 0.0303982 0.0124082
0 0.752318 0.422736 0.0268408 0.0253143
0 0.900766 0.0222753 0.0281895 0.0222335
0 0.37351 0.646148 0.0199418 0.0233881
0 0.581825 0.845132 0.0198001 0.0146266
0 0.399074 0.54744 0.0310169 0.0206262
0 0.975485 0.252092 0.0356526 0.0271339
0 0.169927 0.324275 0.0290172 0.019872
0 0.192105 0.432626 0.0393622 0.0281215
0 0.306161 0.413745 0.0415771 0.0373033
0 0.969311 0.0914063 0.0431507 0.0428182
0 0.0861922 0.99026 0.0367002 0.0194796
0 0.537203 0.065398 0.0193498 0.0212504
0 0.768491 0.668483 0.0259815 0.0255713
0 0.977683 0.262254 0.0338413 0.0168669
0 0.0851924 0.811491 0.0214357 0.0154009
0 0.363946 0.280881 0.0255615 0.0313309
0 0.654898 0.972178 0.028262 0.0230576
0 0.835744 0.491877 0.0307779 0.0229813
0 0.751611 0.224068 0.0305359 0.0297751
0 0.154126 0.0303493 0.0247722 0.0229188
0 0.0233106 0.252856 0.0186886 0.0176708
0 0.754378 0.950741 0.0197476 0.0156621
0 0.98929 0.8634 0.0212724 0.0191544
0 0.462845 0.605707 0.0362721 0.0260118
0 0.485027 0.593811 0.0306886 0.0255183
0 0.909432 0.609878 0.0210186 0.0146523
0 0.327283 0.0477328 0.028468 0.0242121
0 0.591577 0.439472 0.0266733 0.0183044
0 0.666467 0.962716 0.0198883 0.0268765
0 0.512953 0.94006 0.0264888 0.02323
0 0.151913 0.408126 0.0227825 0.0228395
0 0.574705 0.318851 0.0330259 0.0331239
0 0.134668 0.59802 0.0281176 0.0191472
0 0.354869 0.273031 0.0197122 0.022527
0 0.511109 0.154509 0.0208488 0.0164054
0 0.993802 0.303858 0.0123752 0.0170094
0 0.573602 0.529155 0.0239947 0.0191116
0 0.450363 0.217894 0.0225237 0.0281951
0 0.783263 0.0559165 0.0222358 0.0246778
0 0.385954 0.506481 0.0322992 0.0348774
0 0.837293 0.520803 0.0250543 0.0226243
0 0.47132 0.274826 0.020869 0.0176319
0 0.467039 0.805366 0.0198495 0.018198
0 0.362634 0.00512935 0.0265799 0.0102587
0 0.643393 0.244708 0.0258349 0.0190009
0 0.859063 0.606406 0.0202127 0.0287945
0 0.371693 0.61942 0.0363325 0.0262571
0 0.519129 0.745889 0.0185525 0.0201623
0 0.188503 0.419948 0.0438567 0.0285486
0 0.337804 0.449175 0.0336993 0.0221672
0 0.418986 0.320186 0.0262044 0.0197074
0 0.47056 0.293448 0.0230828 0.0214352
0 0.651747 0.285855 0.0237114 0.0222111
0 0.309245 0.800011 0.0192716 0.01793
0 0.496394 0.833883 0.0318935 0.0250833
0 0.515105 0.246152 0.0277371 0.0243158
0 0.865314 0.828523 0.026593 0.0234588
0 0.440736 0.470655 0.0239616 0.018206
0 0.820884 0.413422 0.0272702 0.0274051
0 0.686516 0.856454 0.0282233 0.0247301
0 0.885806 0.985343 0.0271848 0.0165814
0 0.0567888 0.581371 0.0377509 0.0299446
0 0.987951 0.862335 0.0240979 0.0244247
0 0.461766 0.174103 0.027928 0.0261971
0 0.289723 0.306466 0.034084 0.0253371
0 0.869524 0.834535 0.0252572 0.0197012
0 0.467445 0.768093 0.0181711 0.0179007
0 0.630726 0.239493 0.0172154 0.0254985
0 0.355573 0.244432 0.0353822 0.0256657
0 0.580008 0.842924 0.0177344 0.0195028
0 0.306314 0.798079 0.0290315 0.0209448
0 0.929635 0.591169 0.0191107 0.0225161
0 0.911381 0.536024 0.022406 0.0212705
0 0.651836 0.968965 0.0234628 0.0259259
0 0.706923 0.935488 0.0205862 0.0182654
0 0.313164 0.930637 0.0262642 0.0249814
0 0.502012 0.985191 0.0391009 0.0268598
0 0.782949 0.768479 0.0266901 0.0245798
0 0.469791 0.285964 0.0242913 0.0303786
0 0.572867 0.525302 0.0229735 0.0229529
0 0.5634 0.724993 0.0355699 0.0322477
0 0.577192 0.419216 0.030524 0.024902
0 0.0317467 0.976077 0.0633299 0.0476685
0 0.871073 0.535736 0.041037 0.0353291
0 0.757798 0.0599228 0.0242237 0.0201995
0 0.574152 0.423895 0.0363346 0.0242382
0 0.204584 0.993533 0.0268669 0.0129339
0 0.832116 0.794229 0.0219187 0.0188248
0 0.138898 0.421507 0.0330275 0.0268897
0 0.837794 0.880872 0.0128952 0.01262
0 0.86162 0.489989 0.0245314 0.0250641
0 0.753751 0.94832 0.0175437 0.0180812
0 0.125524 0.954372 0.0284922 0.0197962
0 0.788144 0.0308213 0.0284879 0.021256
0 0.891652 0.655751 0.0206382 0.0169727
0 0.685204 0.321815 0.0293008 0.0222082
0 0.206143 0.487609 0.0199918 0.0197539
0 0.510853 0.244582 0.0222999 0.0234341
0 0.592684 0.63211 0.023389 0.0226382
0 0.428894 0.258221 0.0304111 0.0284289
0 0.353841 0.79279 0.029725 0.0168277
0 0.455819 0.463679 0.0267796 0.0215654
0 0.0197046 0.0683338 0.0214589 0.0221306
0 0.235513 0.133332 0.0479303 0.0326036
0 0.211853 0.837215 0.0280652 0.0334442
0 0.662359 0.968926 0.0279053 0.0290808
0 0.310807 0.928373 0.022791 0.023443
0 0.815327 0.288397 0.0465088 0.0264374
0 0.358675 0.274391 0.0186832 0.0248991
0 0.552797 0.722231 0.0277838 0.0254571
0 0.892162 0.985177 0.0249519 0.0183423
0 0.382356 0.405871 0.0443065 0.0419536
0 0.330055 0.0524705 0.0248992 0.026892
0 0.254004 0.653718 0.0181181 0.0153106
0 0.186233 0.433824 0.0388749 0.0281561
0 0.589976 0.532437 0.0186095 0.0143073
0 0.991143 0.990853 0.0177138 0.017336
0 0.862212 0.816245 0.0310927 0.0198799
0 0.675314 0.47025 0.0305185 0.029561
0 0.601994 0.243961 0.0357367 0.0264693
0 0.992898 0.226157 0.0139983 0.0146268
0 0.579915 0.839693 0.0193259 0.0237054
0 0.776672 0.175375 0.0282225 0.019877
0 0.279534 0.720954 0.031712 0.017851
0 0.788642 0.818333 0.0224188 0.0203203
0 0.547178 0.718666 0.0249919 0.0219687
0 0.945907 0.184615 0.0197701 0.0220137
0 0.442305 0.839575 0.0334639 0.0306078
0 0.583673 0.781125 0.0297484 0.0176007
0 0.920742 0.0304236 0.0370482 0.0264492
0 0.192465 0.209509 0.0269432 0.0266889
0 0.972431 0.624268 0.0234351 0.0170158
0 0.357224 0.277675 0.0351555 0.0322965
0 0.571779 0.412345 0.0341529 0.0165008
0 0.0529913 0.0946292 0.0267466 0.0122802
0 0.964413 0.184807 0.0268318 0.024191
0 0.149559 0.215886 0.0216494 0.0199659
0 0.856137 0.803511 0.0406647 0.0305616
0 0.873909 0.865504 0.0445142 0.0553354
0 0.81666 0.252578 0.0308053 0.0348038
0 0.746362 0.948163 0.0298938 0.0191632
0 0.460662 0.488624 0.02698 0.0158383
0 0.991711 0.232282 0.0163916 0.017251
0 0.511384 0.160903 0.0297095 0.0237163
0 0.574859 0.304451 0.0310492 0.0248802
0 0.239854 0.956308 0.0393684 0.0281229
0 0.735749 0.84045 0.0195597 0.0224591
0 0.219653 0.213159 0.0339219 0.0335144
0 0.983954 0.630952 0.0311062 0.0300264
0 0.768085 0.974374 0.0301899 0.0214022
0 0.140287 0.488023 0.0178456 0.0116281
0 0.193245 0.533064 0.0244202 0.0152624
0 0.0211301 0.136272 0.0375303 0.0319404
0 0.0361904 0.975359 0.0310878 0.0341483
0 0.81932 0.419643 0.0299089 0.0238521
0 0.593739 0.173516 0.0325019 0.0185048
0 0.869785 0.853285 0.0289035 0.0280585
0 0.47456 0.70571 0.0236045 0.00866306
0 0.772998 0.824182 0.0154191 0.0193951
0 0.473542 0.421195 0.032319 0.0174254
0 0.331324 0.45667 0.0346874 0.033915
0 0.640579 0.241824 0.0319341 0.0251901
0 0.769839 0.633435 0.0263634 0.0309291
0 0.922214 0.344284 0.0293842 0.0287181
0 0.35851 0.00663956 0.0377997 0.0132791
0 0.872737 0.540463 0.0369552 0.0269507
0 0.232515 0.121394 0.0358112 0.037248
0 0.787875 0.815823 0.019792 0.0150853
0 0.878087 0.674716 0.0224578 0.0162926
0 0.73202 0.792531 0.0279266 0.0220724
0 0.589298 0.173096 0.0228083 0.0228445
0 0.991088 0.985965 0.0178232 0.0204557
0 0.611019 0.976545 0.0282669 0.0202364
0 0.0101062 0.191841 0.0202123 0.0262435
0 0.374316 0.615365 0.0381095 0.0311989
0 0.450092 0.22208 0.0208862 0.0235935
0 0.0464963 0.0934307 0.0283265 0.0139578
0 0.276023 0.733908 0.041595 0.030669
0 0.580145 0.295997 0.0179945 0.0159072
0 0.407816 0.0373952 0.0315221 0.0349245
0 0.0684159 0.682079 0.0296561 0.0224588
0 0.14141 0.707664 0.0318263 0.026659
0 0.280517 0.00668447 0.019006 0.0133689
0 0.559793 0.9959 0.024816 0.00820041
0 0.514695 0.956257 0.0304629 0.0180826
0 0.562371 0.108505 0.0216444 0.0140394
0 0.349474 0.572032 0.0263476 0.0214809
0 0.765178 0.0374491 0.0233197 0.0247843
0 0.0125324 0.0498517 0.0250647 0.0183048
0 0.34945 0.79998 0.0244758 0.0228088
0 0.960387 0.909613 0.0344254 0.0273228
0 0.990133 0.805172 0.0197344 0.0237113
0 0.536106 0.071632 0.0185378 0.0235568
0 0.992574 0.0471953 0.0148517 0.0245568
0 0.283509 0.725578 0.0335655 0.0252942
0 0.0390568 0.0915518 0.0181037 0.016574
0 0.573094 0.417537 0.0364699 0.0216315
0 0.427204 0.451648 0.0228754 0.0280997
0 0.813008 0.00358781 0.0248288 0.00717562
0 0.163945 0.456287 0.0237919 0.0187407
0 0.624972 0.556593 0.0568953 0.0604829
0 0.810902 0.519108 0.0276511 0.0287567
0 0.614688 0.0498939 0.0291054 0.0210533
0 0.943299 0.604826 0.0217853 0.0251617
0 0.939226 0.606394 0.0251347 0.0220929
0 0.0331156 0.977059 0.0489946 0.0398401
0 0.468882 0.643435 0.0155495 0.0267487
0 0.574956 0.405724 0.0323688 0.0264168
0 0.611814 0.305456 0.0186608 0.0213226
0 0.0809914 0.745052 0.0277547 0.0276074
0 0.984278 0.455536 0.0314447 0.0299296
0 0.158502 0.164754 0.0326687 0.0336491
0 0.317328 0.0442147 0.0270876 0.0196225
0 0.353405 0.78399 0.0326138 0.0229973
0 0.137061 0.612846 0.0304829 0.0230537
0 0.808099 0.929883 0.0163947 0.0247443
