0 0.922328 0.958883 0.0255834 0.0248328
0 0.482127 0.0586903 0.0246596 0.024028
0 0.322702 0.376678 0.0255133 0.0268556
0 0.353624 0.2693 0.0305611 0.0205863
0 0.154429 0.891129 0.026803 0.0211267
0 0.250365 0.231658 0.0249421 0.023587
0 0.338772 0.989152 0.0401357 0.0216953
0 0.840051 0.018157 0.0226642 0.0216569
0 0.478616 0.840189 0.0249479 0.0194641
0 0.878729 0.920523 0.0262395 0.0232579
0 0.847047 0.821584 0.023765 0.0223227
0 0.883976 0.720011 0.0249634 0.0236261
0 0.931504 0.481932 0.0218977 0.0214368
0 0.0263941 0.954733 0.0308591 0.0272278
0 0.933573 0.588377 0.0250311 0.0232757
0 0.544921 0.282222 0.0256911 0.0220321
0 0.332511 0.446794 0.0274159 0.027069
0 0.968658 0.502124 0.0283576 0.024792
0 0.59422 0.707737 0.0268625 0.0251523
0 0.0631385 0.776381 0.0262555 0.0270624
0 0.708812 0.718027 0.024852 0.0212599
0 0.850738 0.534983 0.0221027 0.0269321
0 0.864067 0.895094 0.0302478 0.0270658
0 0.860501 0.464175 0.0258824 0.0263212
0 0.80334 0.0831878 0.0261005 0.0230382
0 0.161032 0.207735 0.0266884 0.0254235
0 0.364252 0.16355 0.0295795 0.0216404
0 0.302678 0.322176 0.02979 0.0258363
0 0.182277 0.593205 0.024591 0.0209635
0 0.389584 0.232177 0.0314548 0.027882
0 0.968971 0.457513 0.0238951 0.0228096
0 0.449698 0.540101 0.0260503 0.0246575
0 0.395768 0.898484 0.0318486 0.0268131
0 0.461345 0.667723 0.0263448 0.0233719
0 0.839631 0.611608 0.0211918 0.0214772
0 0.531849 0.991578 0.0294298 0.0168437
0 0.353054 0.598754 0.0252239 0.023819
0 0.758862 0.0504743 0.0276405 0.027292
0 0.249425 0.598906 0.0249756 0.0261031
0 0.982152 0.181078 0.0237912 0.0281451
0 0.0094115 0.992911 0.018823 0.0141789
0 0.35076 0.560533 0.0270996 0.0233862
0 0.969359 0.950984 0.0219621 0.0211887
0 0.141185 0.757842 0.0258215 0.0241803
0 0.809639 0.527659 0.0232541 0.0218258
0 0.53199 0.86196 0.0259836 0.0253977
0 0.108402 0.684004 0.0240558 0.0227112
0 0.38315 0.606444 0.0269992 0.0261235
0 0.789574 0.21283 0.0269144 0.0262407
0 0.767332 0.508602 0.0280142 0.0269605
0 0.951727 0.116763 0.0276694 0.0267729
0 0.310823 0.402571 0.0254291 0.0256128
0 0.935573 0.0689977 0.0291858 0.0283034
0 0.940216 0.748546 0.0296069 0.0291354
0 0.278964 0.841647 0.0254657 0.0238193
0 0.161539 0.870401 0.0259769 0.0225537
0 0.451072 0.604232 0.0268732 0.0266711
0 0.31631 0.210951 0.029727 0.0314615
0 0.600833 0.789717 0.0240383 0.0247552
0 0.397934 0.820648 0.0287539 0.0256097
0 0.79927 0.0157229 0.0308661 0.0287383
0 0.271429 0.983864 0.0234804 0.0250306
0 0.993645 0.10596 0.0127097 0.0199803
0 0.258493 0.108931 0.0297855 0.0266625
0 0.665258 0.631911 0.0236002 0.0197601
0 0.853555 0.661862 0.0251327 0.0219507
0 0.952057 0.473165 0.0252554 0.0221458
0 0.946253 0.632634 0.0326303 0.0271523
0 0.771006 0.646651 0.0269415 0.0229506
0 0.834164 0.79843 0.0265366 0.0249968
0 0.712631 0.692028 0.0258337 0.0237983
0 0.311422 0.293164 0.0278382 0.026348
0 0.987036 0.382999 0.025927 0.0248513
0 0.989493 0.240287 0.0208478 0.0290757
0 0.817237 0.582997 0.0244995 0.0228581
0 0.300946 0.617105 0.0230017 0.0199494
0 0.672253 0.431496 0.0278112 0.0262512
0 0.312433 0.825179 0.0228483 0.0228122
0 0.800554 0.480233 0.0255126 0.0237888
0 0.420907 0.448792 0.0195089 0.0280583
0 0.371839 0.644176 0.0241135 0.0224721
0 0.111888 0.112643 0.0247809 0.0242307
0 0.262236 0.796133 0.0289665 0.0287143
0 0.700508 0.0843905 0.0230463 0.0243858
0 0.339491 0.077476 0.0268204 0.0231119
0 0.890167 0.0542175 0.0286966 0.0295838
0 0.323056 0.845491 0.0245706 0.0199831
0 0.0310798 0.763802 0.0273415 0.0240747
0 0.207705 0.401284 0.0314046 0.0269459
0 0.893458 0.233065 0.027529 0.0253723
0 0.469589 0.0298306 0.0288303 0.0246263
0 0.100951 0.225506 0.029886 0.0260733
0 0.443457 0.443421 0.0262724 0.0267485
0 0.288989 0.811691 0.026862 0.0259729
0 0.427669 0.949177 0.0396636 0.0289459
0 0.970662 0.603659 0.0250461 0.0229532
0 0.800777 0.113939 0.0271668 0.0264632
0 0.763043 0.766469 0.0241406 0.0231878
0 0.581871 0.364405 0.0327299 0.027245
0 0.538033 0.0271519 0.0249943 0.0231984
0 0.986267 0.333029 0.0274651 0.0247943
0 0.187393 0.928391 0.0263696 0.0235828
0 0.269761 0.0862362 0.0250704 0.0226929
0 0.790323 0.341628 0.0281735 0.0240979
0 0.171773 0.279017 0.0226198 0.0241978
0 0.642883 0.403529 0.0272528 0.0244952
0 0.313306 0.636759 0.0253696 0.0195476
0 0.861403 0.107902 0.0250784 0.0227518
0 0.276184 0.753813 0.0280307 0.0283766
0 0.260286 0.137553 0.0305397 0.0290333
0 0.905569 0.700629 0.028335 0.024592
0 0.763274 0.571813 0.0296381 0.0248239
0 0.565647 0.728167 0.0283611 0.0229994
0 0.0167754 0.381895 0.0335507 0.0344966
0 0.847345 0.93211 0.0272788 0.0293939
0 0.522451 0.467362 0.0246515 0.0249084
0 0.238059 0.572459 0.0243603 0.0253243
0 0.721997 0.950319 0.0274261 0.0269912
0 0.92659 0.722256 0.0285088 0.0248618
0 0.272278 0.533702 0.0250003 0.0275323
0 0.760637 0.857305 0.0225503 0.0234433
0 0.873236 0.375462 0.0257451 0.0217363
0 0.55434 0.772699 0.022767 0.025259
0 0.742035 0.691707 0.0297726 0.0249223
0 0.391804 0.775952 0.0280651 0.0270433
0 0.810519 0.809488 0.0249872 0.027323
0 0.702178 0.204721 0.0212558 0.0208315
0 0.695712 0.924869 0.0263293 0.0222549
0 0.710893 0.0545774 0.0233526 0.0243273
0 0.0958226 0.783585 0.0245928 0.0211805
0 0.00851827 0.26066 0.0170365 0.0206074
0 0.824021 0.752657 0.0219696 0.0207495
0 0.0980232 0.310138 0.028797 0.0261162
0 0.898211 0.414157 0.0259116 0.0235898
0 0.936189 0.667199 0.0290504 0.0230817
0 0.021142 0.824157 0.0290568 0.0239969
0 0.225886 0.330846 0.029066 0.0254207
0 0.870093 0.0137534 0.0385407 0.0275067
0 0.610981 0.952965 0.0283612 0.0236717
0 0.266095 0.691541 0.0275974 0.0259392
0 0.0748726 0.0928609 0.0275993 0.0242945
0 0.409128 0.792096 0.0255696 0.0249982
0 0.891447 0.484163 0.0266364 0.0243256
0 0.442802 0.718615 0.0247389 0.0257334
0 0.496033 0.253956 0.0276749 0.0251711
0 0.817752 0.442738 0.0246192 0.0234683
0 0.950736 0.0958226 0.0292836 0.0239481
0 0.280714 0.592586 0.0296113 0.0246861
0 0.950806 0.280194 0.0239377 0.0213932
0 0.171771 0.75227 0.0323765 0.0238925
0 0.248423 0.383046 0.0343936 0.0237182
0 0.567871 0.753522 0.0281754 0.0259451
0 0.707635 0.541801 0.0249901 0.0257967
0 0.0795843 0.190544 0.0235477 0.0212639
0 0.921144 0.571951 0.0234123 0.0216623
0 0.00451859 0.962191 0.00903717 0.0182306
0 0.918136 0.875154 0.0260907 0.0236405
0 0.748977 0.284892 0.0245612 0.0215157
0 0.919147 0.374271 0.0236725 0.0268196
0 0.0739166 0.541109 0.0222165 0.0189865
0 0.959957 0.580393 0.0265112 0.0235587
0 0.610981 0.533415 0.0210476 0.0241712
0 0.497213 0.587895 0.0277041 0.0247623
0 0.901838 0.391431 0.0273755 0.0232337
0 0.802512 0.458095 0.026398 0.0249563
0 0.317331 0.610758 0.0232466 0.0252391
0 0.222839 0.271833 0.0285163 0.0259897
0 0.449303 0.15817 0.0246991 0.0220711
0 0.837674 0.0858148 0.0238187 0.0264185
0 0.597672 0.520374 0.0245379 0.0227734
0 0.802692 0.177159 0.02547 0.0265736
0 0.729365 0.82067 0.0261139 0.0233933
0 0.640239 0.505602 0.0246006 0.0278314
0 0.888211 0.658127 0.0248862 0.0245018
0 0.472893 0.719483 0.0272122 0.0218419
0 0.2659 0.334108 0.0295615 0.0256104
0 0.0911968 0.107457 0.0234519 0.0234361
0 0.00910694 0.235589 0.0182139 0.0256656
0 0.131389 0.713286 0.0248305 0.0221332
0 0.608226 0.658137 0.0272882 0.024624
0 0.208779 0.299337 0.0249075 0.0240524
0 0.590897 0.235581 0.0228418 0.0298168
0 0.686907 0.0337247 0.0244282 0.0238268
0 0.419544 0.706823 0.0280505 0.0265604
0 0.824065 0.77487 0.027171 0.0213305
0 0.500482 0.378774 0.0256992 0.0237315
0 0.88067 0.0834025 0.028914 0.0256218
0 0.870602 0.956505 0.0256689 0.0232607
0 0.844932 0.768018 0.0238703 0.023748
0 0.441113 0.471547 0.0270096 0.027635
0 0.712243 0.252595 0.024021 0.0224139
0 0.665336 0.321759 0.0265985 0.0242835
0 0.172156 0.30953 0.0257734 0.0273616
0 0.479723 0.702888 0.0262085 0.0221829
0 0.214742 0.432077 0.0289033 0.0230233
0 0.301816 0.918198 0.0238321 0.0231895
0 0.331564 0.535685 0.0246428 0.0230786
0 0.0713162 0.622836 0.0229959 0.0231569
0 0.76825 0.278305 0.0223111 0.024316
0 0.554516 0.572309 0.0262565 0.0334412
0 0.89322 0.614907 0.0244752 0.0216751
0 0.603501 0.525387 0.0304124 0.0278615
0 0.992461 0.267804 0.0150775 0.0225911
0 0.0927432 0.0319419 0.0252594 0.0252946
0 0.963478 0.554142 0.0248058 0.0253279
0 0.0236187 0.148981 0.0245096 0.023074
0 0.471835 0.079959 0.0290474 0.0272576
0 0.574706 0.204892 0.0290639 0.0263998
0 0.756272 0.112562 0.0188245 0.0202691
0 0.438221 0.321685 0.0296432 0.0248501
0 0.62918 0.801498 0.0249426 0.0235101
0 0.919914 0.268799 0.0205293 0.0201665
0 0.517038 0.672915 0.0286224 0.0227988
0 0.0587312 0.143251 0.0269988 0.0262546
0 0.138913 0.972705 0.0234874 0.0264989
0 0.396611 0.453936 0.0255888 0.0256738
0 0.525985 0.0429139 0.0287054 0.0250668
0 0.324396 0.794111 0.0338968 0.0255858
0 0.271351 0.284609 0.0280045 0.0226404
0 0.99399 0.973966 0.0120208 0.0316007
0 0.655121 0.610106 0.0231485 0.0238546
0 0.189073 0.848158 0.0252208 0.0252017
0 0.776431 0.914415 0.0366412 0.0307413
0 0.575298 0.614279 0.015887 0.0260885
0 0.0194704 0.828685 0.0302155 0.0245062
0 0.826715 0.843332 0.0298778 0.0279332
0 0.0383668 0.526431 0.0250695 0.0215444
0 0.775585 0.71606 0.029802 0.0225743
0 0.430778 0.345914 0.0286571 0.0237199
0 0.378546 0.0855694 0.0206413 0.0256923
0 0.0688743 0.334554 0.0269751 0.0261761
0 0.0787456 0.879194 0.0308581 0.0291666
0 0.819843 0.382988 0.024133 0.0246883
0 0.702401 0.75484 0.03079 0.0261645
0 0.523299 0.552252 0.0331093 0.0270302
0 0.338526 0.661072 0.0326311 0.0274805
0 0.631019 0.019557 0.0275152 0.0287181
0 0.0990709 0.836382 0.0227147 0.0212772
0 0.940653 0.553792 0.0243618 0.0249328
0 0.730125 0.329377 0.0251677 0.0242195
0 0.0806795 0.255289 0.0221769 0.0265248
0 0.596066 0.877668 0.029527 0.0284222
0 0.706738 0.753529 0.0216925 0.0248722
0 0.486938 0.655298 0.0307372 0.0295673
0 0.721848 0.561566 0.0285094 0.0255798
0 0.436095 0.0505504 0.0330469 0.0333776
0 0.456709 0.339121 0.0272948 0.0233266
0 0.0426677 0.564559 0.0255147 0.0212917
0 0.393134 0.425609 0.0256645 0.0269231
0 0.38908 0.846229 0.0261633 0.0247419
0 0.640894 0.724191 0.0254756 0.0248984
0 0.971068 0.606935 0.0282059 0.0294635
0 0.24799 0.975997 0.0233227 0.0213922
0 0.767647 0.175483 0.0209258 0.0229004
0 0.519261 0.376124 0.0211244 0.0215076
0 0.436713 0.317179 0.0326372 0.0316294
0 0.148218 0.593416 0.0283471 0.0234131
0 0.666216 0.969617 0.0197484 0.020065
0 0.0307781 0.43867 0.0242056 0.0165079
0 0.922633 0.459008 0.0273151 0.0226496
0 0.0862483 0.523721 0.0289396 0.0231284
0 0.4764 0.11142 0.0282648 0.0273908
0 0.734997 0.767823 0.0300623 0.02759
0 0.618558 0.630673 0.02539 0.0271727
0 0.237644 0.287927 0.0240879 0.026149
0 0.57706 0.30222 0.0180408 0.0273669
0 0.297936 0.444569 0.0274647 0.0232564
0 0.869904 0.223121 0.0237807 0.0224211
0 0.143438 0.730609 0.024727 0.0182852
0 0.575416 0.174482 0.0247759 0.0276843
0 0.973396 0.757995 0.0247355 0.0245447
0 0.785477 0.436102 0.0211116 0.0209625
0 0.406453 0.161728 0.0291115 0.0281602
0 0.415435 0.104983 0.0296666 0.0249489
0 0.358228 0.742716 0.0273134 0.0247906
0 0.780762 0.54533 0.0219256 0.0245199
0 0.680451 0.351859 0.0270593 0.0254416
0 0.514969 0.824788 0.032218 0.0212229
0 0.377726 0.11118 0.0280212 0.0234991
0 0.730903 0.0686704 0.0226597 0.0259578
0 0.0942415 0.602067 0.0247577 0.0205505
0 0.38738 0.383682 0.024948 0.0238121
0 0.59073 0.239716 0.0214996 0.0221487
0 0.2096 0.969569 0.0277338 0.0286757
0 0.403778 0.616275 0.0196512 0.02272
0 0.0865298 0.738218 0.0310991 0.0237581
0 0.266921 0.328795 0.0310279 0.0320892
0 0.521715 0.257036 0.0221054 0.0249875
0 0.995797 0.179386 0.0083372 0.0263421
0 0.0483262 0.594248 0.0273176 0.0263001
0 0.493985 0.96827 0.0248903 0.0228994
0 0.15565 0.837237 0.0264813 0.0252217
0 0.0605992 0.224018 0.0275729 0.0336973
0 0.751413 0.593945 0.0290631 0.0244601
0 0.675577 0.198286 0.030286 0.0273563
0 0.269664 0.687056 0.0271507 0.0214065
0 0.952488 0.769729 0.0232271 0.0255646
0 0.0232243 0.18976 0.0300975 0.0253884
0 0.384415 0.0571731 0.0270381 0.0295322
0 0.432022 0.232238 0.0295096 0.0241519
0 0.605448 0.189705 0.0298834 0.0280917
0 0.0693225 0.306746 0.0266545 0.0241167
0 0.24144 0.867643 0.0333634 0.0254471
0 0.509447 0.192641 0.0245145 0.0230007
0 0.841714 0.392119 0.0241667 0.0239145
0 0.849245 0.568013 0.0200616 0.0246655
0 0.502293 0.121921 0.0208313 0.0245357
0 0.944231 0.479003 0.0213107 0.0288634
0 0.0075201 0.175279 0.0150402 0.0238823
0 0.806628 0.237002 0.0290369 0.0247051
0 0.36164 0.774054 0.0301772 0.025083
0 0.282858 0.677015 0.0255827 0.0238979
0 0.873039 0.897728 0.0211209 0.0226666
0 0.69439 0.929976 0.0303079 0.0256793
0 0.0521961 0.972362 0.0297711 0.0255255
0 0.369407 0.158135 0.0375142 0.0286939
0 0.629218 0.992872 0.0349534 0.0142551
0 0.60234 0.581313 0.025816 0.0225438
0 0.384862 0.145624 0.0293291 0.0265619
0 0.580571 0.402731 0.0191371 0.0171283
0 0.870785 0.62911 0.0235461 0.0228456
0 0.117997 0.560549 0.0261218 0.0236671
0 0.650083 0.047397 0.0276265 0.0231049
0 0.415929 0.546304 0.0289706 0.023627
0 0.451707 0.749971 0.0286926 0.0291377
0 0.822583 0.493878 0.0272675 0.0265294
0 0.710357 0.428761 0.0241126 0.0274867
0 0.971137 0.72178 0.0297171 0.0252622
0 0.795945 0.563163 0.0277115 0.0251957
0 0.146786 0.340461 0.0298557 0.0250915
0 0.451048 0.56599 0.027375 0.0250698
0 0.661101 0.114961 0.0340351 0.0320739
0 0.74207 0.730024 0.0240466 0.0280214
0 0.813727 0.680315 0.0272525 0.0272099
0 0.454641 0.834591 0.0233693 0.0240201
0 0.795685 0.630064 0.0230216 0.020524
0 0.296104 0.364282 0.0265909 0.0241796
0 0.972054 0.761417 0.022446 0.022355
0 0.256865 0.521268 0.0235378 0.0222275
0 0.40003 0.681596 0.0239433 0.0240107
0 0.756108 0.984174 0.0249164 0.0213687
0 0.266909 0.319245 0.0312394 0.0262246
0 0.661349 0.110491 0.0282161 0.0243766
0 0.153112 0.264727 0.0236145 0.0262159
0 0.788894 0.241143 0.0265866 0.0219402
0 0.487995 0.548932 0.0317056 0.0328254
0 0.860816 0.347234 0.0178021 0.0286041
0 0.0387692 0.716654 0.0243032 0.0253578
0 0.0429971 0.624665 0.0312432 0.0275502
0 0.0250399 0.60107 0.025679 0.0265082
0 0.462026 0.317133 0.0233752 0.0246637
0 0.131224 0.850673 0.0291462 0.0263515
0 0.94356 0.520158 0.0257537 0.0257881
0 0.300063 0.690105 0.0177231 0.0230643
0 0.828334 0.771761 0.0276381 0.0228737
0 0.473744 0.106764 0.0333009 0.0339196
0 0.782712 0.311544 0.0285132 0.0264538
0 0.709392 0.503044 0.0275513 0.0256829
0 0.482856 0.961605 0.0354353 0.027717
0 0.476407 0.711024 0.0344977 0.0364453
0 0.925995 0.463265 0.0257825 0.0236526
0 0.314155 0.623259 0.0256105 0.0165663
0 0.458751 0.83133 0.0260758 0.0265338
0 0.687401 0.684101 0.0232697 0.0176161
0 0.990757 0.00861707 0.0184857 0.0172341
0 0.0769978 0.573631 0.0234265 0.0251747
0 0.829062 0.847278 0.0277959 0.0251755
0 0.0996626 0.935362 0.0256706 0.0239365
0 0.140171 0.156919 0.0242471 0.0326683
0 0.889403 0.636911 0.0194226 0.0205017
0 0.0369415 0.794152 0.0250049 0.0262527
0 0.467861 0.824333 0.0267431 0.0245425
0 0.592774 0.28341 0.0239936 0.0245696
0 0.22849 0.465789 0.0276627 0.0219321
0 0.428282 0.858512 0.0252672 0.0284624
0 0.00812497 0.646655 0.0162499 0.0261204
0 0.393991 0.357023 0.024682 0.0256976
0 0.0859471 0.915442 0.0312604 0.0308896
0 0.598321 0.88349 0.0299705 0.0346826
0 0.184488 0.633624 0.0263807 0.0230545
0 0.634434 0.20805 0.0357568 0.028627
0 0.970144 0.00720226 0.0288974 0.0144045
0 0.409526 0.290487 0.0222917 0.0241256
0 0.517772 0.657284 0.022305 0.0203376
0 0.0510609 0.882084 0.0215051 0.0235925
0 0.218084 0.358876 0.0266386 0.0267273
0 0.603033 0.578631 0.03048 0.0270115
0 0.785444 0.265177 0.0256317 0.0237569
0 0.985769 0.648838 0.0255424 0.0265426
0 0.367391 0.532331 0.0298791 0.0222673
0 0.303165 0.0619817 0.0200439 0.0235114
0 0.934886 0.140031 0.0248551 0.0242263
0 0.270519 0.52888 0.0259396 0.0306288
0 0.855833 0.488144 0.0294732 0.020487
0 0.841596 0.678981 0.0219814 0.0202416
0 0.378896 0.981918 0.0207815 0.0217056
0 0.710516 0.992812 0.0198486 0.0143762
0 0.344483 0.322982 0.0189255 0.0235784
0 0.351971 0.363038 0.0247875 0.0258082
0 0.360485 0.129836 0.0308687 0.0245253
0 0.600735 0.971275 0.0244943 0.022525
0 0.89356 0.507807 0.0250925 0.0217567
0 0.114424 0.0387141 0.0255901 0.0270065
0 0.778774 0.550755 0.0228299 0.0177197
0 0.213346 0.00462232 0.0246412 0.00924464
0 0.1197 0.610862 0.0264439 0.0263309
0 0.199528 0.342187 0.024975 0.0217706
0 0.960113 0.0324221 0.0272082 0.0246751
0 0.147901 0.242654 0.0283853 0.0256769
0 0.14455 0.30143 0.0261713 0.0289021
0 0.856636 0.928525 0.0205116 0.0283329
0 0.694031 0.947748 0.0296103 0.0271924
0 0.587218 0.111223 0.026451 0.0213667
0 0.8886 0.125655 0.0364313 0.0272352
0 0.36074 0.0150384 0.0327913 0.0300212
0 0.611028 0.600834 0.0267935 0.0222962
0 0.154749 0.648648 0.0219976 0.0247489
0 0.951086 0.757704 0.0184114 0.015233
0 0.205922 0.459645 0.0230891 0.0247915
0 0.412242 0.137861 0.0305452 0.0256489
0 0.0134753 0.283795 0.0256089 0.025904
0 0.177513 0.48908 0.0251466 0.0277402
0 0.874508 0.0833964 0.0411969 0.0252594
0 0.656526 0.185496 0.0234323 0.0245718
0 0.759775 0.481648 0.0286099 0.0213945
0 0.230988 0.895617 0.0260558 0.0253674
0 0.102824 0.159461 0.0257886 0.0269815
0 0.754266 0.622586 0.0279538 0.0242814
0 0.633703 0.437863 0.0306774 0.0362487
0 0.238991 0.495778 0.031497 0.0285293
0 0.963454 0.156572 0.030414 0.0261216
0 0.338233 0.153329 0.0269646 0.0282713
0 0.342131 0.453949 0.0154675 0.0111279
0 0.250151 0.635894 0.0213275 0.0254353
0 0.7482 0.198356 0.0266145 0.0187582
0 0.169314 0.455171 0.0242897 0.0284594
0 0.9157 0.0520309 0.0208969 0.0275001
0 0.728763 0.526317 0.0243798 0.0244016
0 0.912221 0.294443 0.0294653 0.0292535
0 0.532465 0.661589 0.0230349 0.0233096
0 0.631023 0.547571 0.0260668 0.0287868
0 0.471933 0.101687 0.0309631 0.0235549
0 0.48785 0.964638 0.0345695 0.0270504
0 0.789691 0.855145 0.0262524 0.0312187
0 0.179588 0.157226 0.0366666 0.0315849
0 0.685767 0.488944 0.0253421 0.0295894
0 0.921235 0.212178 0.0309609 0.0352542
0 0.209839 0.0239875 0.025038 0.0261372
0 0.159131 0.361294 0.0238222 0.020267
0 0.342527 0.466897 0.0204048 0.0256705
0 0.0107424 0.456889 0.0214847 0.0215015
0 0.994096 0.410057 0.011756 0.0247481
0 0.85924 0.351844 0.020647 0.0372804
0 0.496933 0.240104 0.0253771 0.02173
0 0.132708 0.995943 0.0233667 0.00811374
0 0.543703 0.252961 0.0243024 0.0247078
0 0.0268257 0.893145 0.0253407 0.0245013
0 0.576763 0.150975 0.0371092 0.0270222
0 0.472034 0.608281 0.0224458 0.0226327
0 0.322061 0.105291 0.0382878 0.0221571
0 0.406871 0.990547 0.0412935 0.0189069
0 0.641177 0.0680384 0.0216049 0.0282281
0 0.797478 0.994857 0.0185352 0.0102851
0 0.239307 0.458717 0.024435 0.0252349
0 0.21548 0.562565 0.0239914 0.0250949
0 0.0740726 0.849775 0.0245126 0.0232496
0 0.250367 0.262961 0.026099 0.030287
0 0.711726 0.695312 0.029474 0.0282227
0 0.275736 0.26622 0.027084 0.0256101
0 0.760549 0.937611 0.0224152 0.0241757
0 0.989914 0.250792 0.0199599 0.0241254
0 0.05831 0.840096 0.025499 0.0211139
0 0.627954 0.79925 0.032975 0.0264569
0 0.243796 0.576323 0.0276613 0.0278313
0 0.0984551 0.931655 0.0241971 0.0242157
0 0.0752215 0.169488 0.0339957 0.0274635
0 0.523036 0.557434 0.0353972 0.0366983
0 0.404149 0.156651 0.0277596 0.0285536
0 0.645297 0.658493 0.0278174 0.0266548
0 0.032627 0.457431 0.0245297 0.0206814
0 0.600765 0.797329 0.0231519 0.0373598
0 0.706393 0.915438 0.0236377 0.0210004
0 0.568548 0.276042 0.026951 0.0210371
0 0.563527 0.751383 0.0346086 0.0253952
0 0.560455 0.402043 0.0207664 0.0207606
0 0.381633 0.0865882 0.0294357 0.0267111
0 0.443501 0.480547 0.0317978 0.0393047
0 0.524495 0.658816 0.0348828 0.0250674
0 0.913601 0.254884 0.0273609 0.0175875
0 0.96609 0.782936 0.0255368 0.0222006
0 0.789499 0.861614 0.024675 0.0188043
0 0.922277 0.259701 0.0246119 0.0255972
0 0.931394 0.143234 0.0327317 0.0307741
0 0.471326 0.578185 0.0256922 0.027544
0 0.855626 0.295959 0.0306253 0.0260895
0 0.376108 0.171131 0.0190143 0.0166437
0 0.319831 0.730146 0.0309082 0.0325086
0 0.873784 0.371691 0.0255446 0.0249048
0 0.438722 0.828908 0.022609 0.0244908
0 0.142527 0.725086 0.0268099 0.0249974
0 0.220582 0.276642 0.0244045 0.0235957
0 0.372188 0.354424 0.0217651 0.0226445
0 0.301699 0.699112 0.0203906 0.0355304
0 0.515437 0.916101 0.0287288 0.0214697
0 0.487369 0.894802 0.0249991 0.0224448
0 0.627587 0.432084 0.0198942 0.024565
0 0.390276 0.647608 0.0191548 0.0212183
0 0.963361 0.45584 0.0340523 0.0205093
0 0.928072 0.245694 0.0211185 0.0202656
0 0.915923 0.83175 0.0306921 0.024373
0 0.409452 0.142956 0.0264619 0.0223535
0 0.975809 0.158675 0.0214429 0.0240559
0 0.438466 0.0960429 0.0284279 0.0280729
0 0.0749886 0.119278 0.0263559 0.026338
0 0.42539 0.810779 0.0240085 0.0222965
0 0.145922 0.728928 0.0277737 0.0230649
0 0.452605 0.886393 0.0257241 0.028447
0 0.564117 0.759042 0.0321063 0.0252924
0 0.918401 0.0575524 0.0267833 0.03778
0 0.367314 0.380052 0.0177146 0.0292177
0 0.181749 0.228315 0.0284969 0.0261369
0 0.241757 0.450624 0.0263533 0.0297047
0 0.438292 0.182733 0.0334126 0.0181239
0 0.30937 0.0233844 0.0368007 0.024884
0 0.393408 0.842305 0.0319496 0.0305219
0 0.544862 0.262469 0.0269445 0.0342688
0 0.410939 0.193929 0.0297668 0.0273888
0 0.411506 0.794798 0.0250297 0.0275688
0 0.891882 0.620154 0.023532 0.019511
0 0.871531 0.570254 0.0202917 0.0210016
0 0.328389 0.789466 0.0304471 0.0275418
0 0.606552 0.580735 0.0348232 0.0265583
0 0.247547 0.276075 0.0252272 0.0194639
0 0.920406 0.371433 0.0284882 0.0292976
0 0.888392 0.644585 0.0235985 0.0129672
0 0.872181 0.573285 0.0194969 0.019199
0 0.220463 0.344846 0.0267881 0.0202451
0 0.636125 0.164508 0.022933 0.0267749
0 0.523856 0.664697 0.0376049 0.0291058
0 0.187662 0.194303 0.0302307 0.0206075
0 0.51244 0.189647 0.030768 0.0258626
0 0.396486 0.309291 0.0253792 0.029594
0 0.540606 0.146584 0.0315729 0.0264331
0 0.339837 0.158242 0.0231964 0.020428
0 0.148498 0.260794 0.0277836 0.0226713
0 0.358637 0.47438 0.0244617 0.0279962
0 0.388313 0.0279788 0.0306336 0.0298869
0 0.994828 0.99516 0.010205 0.00968099
0 0.394517 0.264963 0.0200095 0.031125
0 0.217634 0.624195 0.0301651 0.0208247
0 0.328045 0.949282 0.0297782 0.0281762
0 0.966393 0.778753 0.0245206 0.0242493
0 0.600941 0.806766 0.0231537 0.0199854
0 0.966404 0.950663 0.0296555 0.0251227
0 0.254978 0.828185 0.0257375 0.0269374
0 0.787991 0.84633 0.0217203 0.0194618
0 0.200944 0.27856 0.0283464 0.0225667
0 0.753659 0.111778 0.0267221 0.024067
0 0.642685 0.446447 0.0236672 0.026864
0 0.664963 0.920688 0.023432 0.0223203
0 0.415829 0.836812 0.0223158 0.0227136
0 0.760069 0.577081 0.034864 0.0319261
0 0.208949 0.0926605 0.0376138 0.0260484
0 0.0988701 0.832705 0.0254894 0.0268082
0 0.776259 0.119943 0.0282011 0.0263248
0 0.895573 0.879848 0.0237973 0.0237226
0 0.984155 0.181852 0.0316899 0.0316541
0 0.854212 0.664845 0.0294755 0.0277252
0 0.482824 0.539009 0.0238428 0.0235963
0 0.642732 0.728174 0.0266656 0.0314377
0 0.990548 0.853623 0.0186649 0.0237002
0 0.578463 0.17648 0.0259308 0.031189
0 0.883157 0.347949 0.0260297 0.0256386
0 0.781266 0.985028 0.0288996 0.0208368
0 0.872838 0.552885 0.0168262 0.0174708
0 0.0847296 0.362137 0.0246695 0.0231527
