0 0.960248 0.595185 0.0795033 0.129048
0 0.0313289 0.902359 0.0626579 0.0682583
0 0.449456 0.437994 0.108425 0.101661
0 0.853428 0.411918 0.0720861 0.0781664
0 0.951025 0.588858 0.0979508 0.151969
0 0.97009 0.112217 0.0598197 0.0759993
0 0.759007 0.413572 0.0757709 0.0816338
0 0.952773 0.0299236 0.0944545 0.0598472
0 0.901507 0.152608 0.0929959 0.0878438
0 0.546179 0.685016 0.14196 0.0886554
0 0.523191 0.601436 0.100894 0.0751381
0 0.417444 0.220738 0.0523714 0.0734888
0 0.572267 0.684968 0.182168 0.0933723
0 0.856561 0.0999647 0.13688 0.117291
0 0.524994 0.694052 0.0811994 0.0902858
0 0.958879 0.456915 0.0799835 0.134261
0 0.863151 0.142935 0.105844 0.0806279
0 0.971518 0.131968 0.0569477 0.0816409
0 0.214606 0.472887 0.0876533 0.0672052
0 0.275537 0.809999 0.0761632 0.0756376
0 0.277292 0.44883 0.068007 0.108975
0 0.296138 0.927055 0.0555789 0.0767124
0 0.586545 0.70417 0.160479 0.123433
0 0.0987417 0.771656 0.0683727 0.0542656
0 0.824179 0.106375 0.202642 0.118033
0 0.878005 0.114023 0.131199 0.0976481
0 0.678372 0.225496 0.0796335 0.0825054
0 0.0493845 0.483237 0.098769 0.0855778
0 0.0232919 0.244844 0.0465839 0.0777619
0 0.359553 0.542853 0.153686 0.0833126
0 0.5299 0.965034 0.12684 0.0699325
0 0.0807335 0.479727 0.1307 0.0770568
0 0.394094 0.704035 0.0928156 0.109273
0 0.955013 0.433575 0.0830271 0.108198
0 0.601953 0.061724 0.116024 0.104916
0 0.940242 0.554603 0.116648 0.127864
0 0.588686 0.0469846 0.123756 0.0910631
0 0.820892 0.140271 0.197014 0.0952653
0 0.630554 0.0625319 0.0699496 0.0875036
0 0.737155 0.220505 0.075374 0.086904
0 0.327232 0.227212 0.0580828 0.0803723
0 0.829405 0.224567 0.0690372 0.0530777
0 0.280506 0.215792 0.0942259 0.0897686
0 0.363036 0.709415 0.097126 0.101341
0 0.282528 0.433521 0.063057 0.106303
0 0.285347 0.815764 0.0649033 0.0808158
0 0.0980952 0.746508 0.0730979 0.0921543
0 0.873721 0.774352 0.159002 0.104771
0 0.745454 0.416628 0.0837146 0.0843941
0 0.359046 0.456884 0.0720213 0.104999
0 0.300016 0.929541 0.0765975 0.110933
0 0.856129 0.0369705 0.0873917 0.0662434
0 0.209099 0.791823 0.0633938 0.0493978
0 0.520535 0.941589 0.111746 0.0995533
0 0.0337649 0.755025 0.0675297 0.0924761
0 0.894391 0.7741 0.137384 0.127092
0 0.576892 0.367458 0.076117 0.0780714
0 0.109868 0.360482 0.0591134 0.0581883
0 0.62872 0.70379 0.105927 0.128921
0 0.510539 0.0848493 0.092765 0.110782
0 0.0296005 0.732114 0.0592009 0.0618067
0 0.586432 0.222454 0.0918925 0.054558
0 0.733645 0.962427 0.201208 0.0751464
0 0.0425138 0.958807 0.0819748 0.0823855
0 0.283132 0.715824 0.0987102 0.063122
0 0.296059 0.940977 0.0657887 0.097424
0 0.291488 0.031673 0.0960942 0.0633461
0 0.936458 0.471248 0.117402 0.124496
0 0.226223 0.0270413 0.0501238 0.0540827
0 0.364257 0.43158 0.0659794 0.10764
0 0.828975 0.467051 0.179249 0.114285
0 0.73823 0.104772 0.0731821 0.0982714
