0 0.403995 0.0453428 0.200037 0.0906855
0 0.0600094 0.845042 0.120019 0.251658
0 0.198637 0.0398642 0.380661 0.0797285
0 0.889704 0.961446 0.217447 0.077109
0 0.161076 0.0324698 0.318791 0.0649395
0 0.0448193 0.960243 0.0896387 0.0789902
0 0.272452 0.3426 0.506786 0.311317
0 0.106674 0.844607 0.213349 0.279585
0 0.0520618 0.910716 0.104124 0.157438
0 0.2562 0.0460651 0.480283 0.0921302
0 0.402012 0.0544219 0.254507 0.108844
0 0.0482956 0.0338925 0.0965911 0.0677849
0 0.0701421 0.804275 0.140284 0.202947
0 0.238847 0.0621641 0.477694 0.124328
0 0.124161 0.941361 0.248321 0.116675
