0 0.938374 0.513643 0.123156 0.143301
0 0.0479253 0.0505566 0.0958507 0.101113
0 0.0263079 0.959545 0.0526158 0.0809097
0 0.732334 0.963096 0.134099 0.0738082
0 0.911072 0.517229 0.175493 0.155537
0 0.0849723 0.962932 0.112577 0.0735378
0 0.931331 0.541808 0.136581 0.199581
0 0.321685 0.963344 0.256422 0.0733126
0 0.0596527 0.0551679 0.119305 0.110336
0 0.0643506 0.661978 0.111933 0.0795593
0 0.0706379 0.0434274 0.141276 0.0868547
0 0.571433 0.828314 0.135387 0.0869286
0 0.219474 0.96878 0.0818212 0.0624392
