0 0.462808 0.97438 0.0653576 0.0512396
0 0.977708 0.319336 0.0445838 0.12384
0 0.964644 0.936463 0.0704767 0.127074
0 0.0291319 0.837535 0.0582638 0.0636919
0 0.95637 0.623207 0.0869859 0.0959393
0 0.39225 0.38924 0.146272 0.072665
0 0.836539 0.222521 0.135102 0.0869583
0 0.807815 0.229517 0.109021 0.0710664
0 0.236663 0.727058 0.0973106 0.073835
0 0.155434 0.833832 0.0634801 0.0566418
0 0.976216 0.261696 0.047567 0.141366
0 0.890583 0.22506 0.0937966 0.0768231
0 0.0346548 0.966508 0.0664089 0.0669833
0 0.967742 0.109928 0.0645157 0.0893703
0 0.80625 0.173534 0.0923458 0.115343
0 0.44935 0.668039 0.116513 0.112651
0 0.262254 0.70444 0.078483 0.0773002
0 0.661319 0.891871 0.188339 0.0936075
0 0.364855 0.151919 0.073895 0.0647122
0 0.972307 0.15878 0.0550728 0.0814764
0 0.22486 0.609751 0.0898275 0.0705677
0 0.154918 0.772109 0.121081 0.0777199
0 0.83409 0.175674 0.14441 0.117035
0 0.724298 0.0291984 0.0998266 0.0583968
0 0.269889 0.679064 0.0645239 0.0635393
0 0.898668 0.107868 0.0987673 0.0825458
0 0.303777 0.520058 0.0790423 0.0563322
0 0.195236 0.77158 0.0987781 0.0682282
0 0.892215 0.138125 0.111123 0.103005
0 0.390867 0.78728 0.0829151 0.0617213
0 0.720937 0.973292 0.105194 0.0530441
0 0.845589 0.676241 0.120598 0.106466
0 0.948773 0.928639 0.102454 0.142722
0 0.57721 0.498309 0.0940654 0.102152
0 0.738504 0.485768 0.0688205 0.0843148
0 0.553889 0.615585 0.0764773 0.0813475
0 0.474112 0.69524 0.0831599 0.0795453
0 0.099949 0.287515 0.0684506 0.0669963
0 0.471229 0.843281 0.102081 0.0793805
0 0.155288 0.745087 0.112528 0.0761173
0 0.415756 0.481437 0.084424 0.0652122
0 0.265501 0.221333 0.126761 0.0749974
0 0.40752 0.5261 0.0786989 0.0609623
0 0.132952 0.597973 0.082654 0.0940509
0 0.926893 0.955256 0.141363 0.089489
0 0.734784 0.519938 0.0780776 0.0789309
0 0.709728 0.143869 0.0991006 0.071393
0 0.137691 0.974224 0.0799619 0.0515516
0 0.381411 0.107181 0.0813183 0.0672171
0 0.851241 0.694535 0.131849 0.0991201
0 0.708034 0.720563 0.0754969 0.0472064
0 0.554322 0.64014 0.0789249 0.102125
0 0.375275 0.13208 0.087536 0.108635
0 0.317587 0.529408 0.10118 0.0523093
0 0.567006 0.858719 0.131243 0.107554
0 0.803277 0.0348835 0.10857 0.0690666
0 0.232669 0.650291 0.0908327 0.0379282
0 0.827195 0.677303 0.104269 0.122211
0 0.239543 0.969879 0.1016 0.0602429
0 0.711205 0.612303 0.0881467 0.0861433
0 0.307619 0.397399 0.0814681 0.0595142
0 0.0480836 0.480511 0.0931758 0.0789613
0 0.52258 0.0312419 0.103111 0.0624837
0 0.609255 0.859758 0.206308 0.129807
0 0.965749 0.0336419 0.0685021 0.0645768
0 0.568162 0.621626 0.103922 0.0865238
0 0.381074 0.379699 0.176209 0.0900216
0 0.817598 0.188838 0.117494 0.141013
0 0.642846 0.727695 0.0801933 0.0520191
0 0.140966 0.289823 0.0926839 0.0626026
0 0.666657 0.480575 0.0933373 0.0852581
0 0.641467 0.874821 0.216966 0.116388
0 0.0533867 0.10552 0.100931 0.0590784
0 0.564009 0.512223 0.0969636 0.089743
0 0.905838 0.648384 0.154547 0.11893
0 0.0920705 0.1063 0.136881 0.0543308
0 0.105898 0.839346 0.101032 0.0648918
0 0.675647 0.184964 0.117624 0.0800198
0 0.223255 0.484586 0.0947866 0.0619457
