0 0.121728 0.75702 0.243457 0.154247
0 0.0849403 0.072374 0.169881 0.144748
0 0.944451 0.0434584 0.111098 0.0869168
0 0.544545 0.975476 0.160851 0.0490487
0 0.121221 0.838127 0.242443 0.307903
0 0.0856477 0.103057 0.171295 0.206114
0 0.963779 0.695112 0.0720354 0.160804
0 0.414922 0.963686 0.10906 0.0726285
0 0.0949679 0.516543 0.189906 0.14795
0 0.49296 0.964112 0.234388 0.0717767
0 0.0580411 0.512451 0.116082 0.151027
0 0.93692 0.687484 0.12616 0.172793
0 0.354113 0.96568 0.0950999 0.068639
0 0.0385617 0.500674 0.0771233 0.159849
0 0.0374533 0.961434 0.0749066 0.0771322
0 0.107587 0.964465 0.200265 0.07107
0 0.131343 0.959263 0.214367 0.0814749
0 0.0900586 0.0479934 0.179128 0.0959868
0 0.17928 0.957527 0.199918 0.0848298
0 0.183364 0.93109 0.10665 0.118659
0 0.957299 0.737373 0.0845098 0.23403
0 0.274677 0.965898 0.146711 0.067399
0 0.117045 0.511992 0.227093 0.172225
0 0.195232 0.918539 0.0987291 0.103936
0 0.0621938 0.916604 0.124388 0.160597
