0 0.0803324 0.0349093 0.160665 0.0698185
0 0.285641 0.973484 0.0816791 0.0530316
0 0.317698 0.971887 0.167825 0.056227
0 0.138993 0.960629 0.131332 0.0780737
0 0.199443 0.952799 0.392935 0.0934534
0 0.57032 0.938572 0.338253 0.122856
0 0.12235 0.956566 0.243471 0.0853705
0 0.848129 0.913724 0.301672 0.172553
0 0.520574 0.962647 0.225273 0.0747066
0 0.0816161 0.070924 0.163232 0.141848
0 0.894942 0.0571228 0.210117 0.114246
0 0.675689 0.929098 0.574386 0.141469
0 0.129345 0.93569 0.255222 0.118334
0 0.733746 0.913607 0.530882 0.172786
0 0.850227 0.0594834 0.298368 0.118967
0 0.388144 0.96574 0.299624 0.0685196
