0 0.0794909 0.036344 0.158982 0.072688
0 0.240723 0.915293 0.435303 0.169414
0 0.916459 0.137552 0.167082 0.271006
0 0.176131 0.930617 0.341072 0.138765
0 0.0849265 0.887345 0.169853 0.21756
0 0.918095 0.060324 0.163809 0.120648
0 0.12052 0.894194 0.24104 0.207506
0 0.0794456 0.0504597 0.158891 0.100919
0 0.043377 0.871936 0.0867541 0.199685
0 0.400163 0.934572 0.309935 0.130857
0 0.0800875 0.945049 0.160175 0.109901
0 0.0812145 0.0763128 0.162429 0.151372
0 0.367652 0.905514 0.392812 0.186149
0 0.430032 0.907735 0.332825 0.181542
0 0.470839 0.959122 0.155829 0.0817552
0 0.112488 0.941793 0.223575 0.116414
0 0.499178 0.497665 0.992086 0.988764
0 0.870782 0.150277 0.258437 0.291794
