0 0.544329 0.0992668 0.0289416 0.0256307
0 0.86026 0.976607 0.0298819 0.0282929
0 0.901635 0.0286233 0.0265019 0.0234392
0 0.547592 0.15793 0.0272061 0.0220056
0 0.0448703 0.186684 0.0359421 0.0270604
0 0.193571 0.0273111 0.0335861 0.0238906
0 0.0936496 0.151348 0.0288082 0.0255265
0 0.183744 0.391953 0.0257819 0.0222601
0 0.0131811 0.780376 0.0263622 0.0233191
0 0.601285 0.220999 0.0271778 0.0232326
0 0.106871 0.112066 0.0252835 0.0212618
0 0.675705 0.891671 0.0287265 0.0223274
0 0.794081 0.945888 0.0277719 0.0243989
0 0.485868 0.391677 0.0334411 0.0254929
0 0.720587 0.488587 0.0268136 0.0244012
0 0.943965 0.751555 0.0301961 0.0199783
0 0.934811 0.971512 0.0289343 0.0228397
0 0.13271 0.904569 0.0295859 0.0257813
0 0.493188 0.647553 0.0291368 0.0256885
0 0.0723271 0.703286 0.024916 0.0209883
0 0.240598 0.0991016 0.0240131 0.0215853
0 0.0554514 0.99169 0.0280578 0.0166193
0 0.216322 0.888916 0.0292913 0.0260828
0 0.727119 0.64423 0.0334227 0.0266557
0 0.402113 0.994336 0.0272191 0.0113276
0 0.198529 0.919487 0.0247227 0.0220129
0 0.983083 0.977574 0.0253544 0.0254773
0 0.833487 0.921923 0.0256628 0.0220474
0 0.605148 0.388085 0.0301579 0.0269216
0 0.0240005 0.0615587 0.0287864 0.0245013
0 0.414423 0.821304 0.0317317 0.0273456
0 0.142627 0.599422 0.0289479 0.0238439
0 0.0599878 0.138199 0.0262868 0.0255563
0 0.662321 0.653853 0.0274801 0.0247916
0 0.802975 0.362374 0.0264894 0.0241968
0 0.520372 0.402886 0.0292597 0.0250609
0 0.577264 0.972748 0.0232126 0.0220224
0 0.202397 0.819484 0.0245721 0.0229471
0 0.264212 0.303213 0.0266906 0.0217173
0 0.0223608 0.621674 0.026518 0.0221788
0 0.946035 0.0984559 0.0311584 0.0253943
0 0.545952 0.44595 0.0271807 0.0220845
0 0.499571 0.922183 0.0267197 0.0223105
0 0.621197 0.958664 0.0252587 0.0229599
0 0.388965 0.677167 0.0248683 0.0237182
0 0.460696 0.103683 0.0244492 0.0205828
0 0.143125 0.767723 0.0267761 0.0247173
0 0.0643257 0.237668 0.0279996 0.0250117
0 0.272473 0.576299 0.0256305 0.0242564
0 0.882807 0.403295 0.0270982 0.0277774
0 0.485793 0.159655 0.0287786 0.0214053
0 0.525314 0.986423 0.0342984 0.0271532
0 0.981724 0.787169 0.0295202 0.0253466
0 0.590242 0.933611 0.0250587 0.0216532
0 0.0658056 0.291906 0.0275243 0.022046
0 0.886156 0.0622461 0.0274504 0.0221175
0 0.196619 0.347908 0.0280634 0.0243071
0 0.935394 0.818542 0.0254638 0.0238492
0 0.463982 0.593132 0.0294356 0.0248967
0 0.176152 0.922577 0.0272594 0.0225366
0 0.671745 0.697943 0.0239763 0.0236369
0 0.75397 0.34806 0.028764 0.0228656
0 0.602685 0.97806 0.0286909 0.0308329
0 0.314289 0.781746 0.0261469 0.0216881
0 0.454468 0.37806 0.0271865 0.02404
0 0.341701 0.370742 0.0242767 0.0238317
0 0.793634 0.022031 0.0248532 0.0247193
0 0.552806 0.136014 0.0248885 0.0227872
0 0.606928 0.243525 0.0265288 0.0210874
0 0.681982 0.273836 0.0264404 0.0227299
0 0.0096 0.234053 0.0192 0.0251801
0 0.179166 0.886869 0.0261864 0.0236056
0 0.127629 0.132794 0.0275652 0.0229815
0 0.518951 0.452753 0.0246961 0.0199901
0 0.089242 0.0415139 0.0242131 0.0227876
0 0.763071 0.812223 0.0297952 0.0234185
0 0.915411 0.0535821 0.0247345 0.0224001
0 0.249729 0.057254 0.0266564 0.0247358
0 0.548967 0.207613 0.0302046 0.025105
0 0.871026 0.0795899 0.0229285 0.0236685
0 0.774509 0.661204 0.0299902 0.0282764
0 0.486427 0.571453 0.0286784 0.0227777
0 0.441458 0.531646 0.0341734 0.0236207
0 0.578468 0.246964 0.0336646 0.0274174
0 0.874267 0.454152 0.0254623 0.0209695
0 0.701189 0.867323 0.0279108 0.0213491
0 0.25896 0.971396 0.02229 0.0219028
0 0.182581 0.656128 0.0264958 0.0236734
0 0.744807 0.412142 0.0300708 0.0268784
0 0.530731 0.589936 0.0263803 0.0240347
0 0.712173 0.152709 0.0250974 0.0225802
0 0.582234 0.801212 0.0280004 0.0210388
0 0.249927 0.896093 0.0255914 0.0231616
0 0.960791 0.642266 0.026301 0.0267981
0 0.555996 0.0257329 0.0280216 0.0250764
0 0.9198 0.310431 0.0239435 0.0232141
0 0.685401 0.672854 0.0281488 0.0241083
0 0.772509 0.372529 0.0288376 0.0247853
0 0.764948 0.958341 0.0255052 0.0240533
0 0.950338 0.792767 0.0279303 0.0230214
0 0.485873 0.295163 0.0271635 0.0231415
0 0.800943 0.989201 0.0252954 0.0215979
0 0.81591 0.378683 0.0296137 0.0231634
0 0.7055 0.631303 0.0299304 0.026079
0 0.731736 0.606301 0.026019 0.0225179
0 0.735214 0.886675 0.031337 0.0187962
0 0.458824 0.566471 0.0263963 0.0246758
0 0.727715 0.0373061 0.0270639 0.0238901
0 0.643505 0.974361 0.0261511 0.0230469
0 0.832156 0.858479 0.0296521 0.0293494
0 0.591007 0.134027 0.02692 0.0240841
0 0.870152 0.649455 0.026987 0.0236462
0 0.0303061 0.81035 0.0239264 0.0233057
0 0.845083 0.0779752 0.0284572 0.0289071
0 0.944274 0.308457 0.0262369 0.0237992
0 0.155069 0.970879 0.0394141 0.0333765
0 0.229421 0.426469 0.0234357 0.0207853
0 0.0185343 0.103177 0.0264093 0.0235917
0 0.62779 0.276393 0.0259407 0.0226501
0 0.889036 0.79118 0.0242038 0.0225925
0 0.776186 0.163858 0.0291535 0.0270807
0 0.772 0.893039 0.0251828 0.0239459
0 0.167834 0.993769 0.0247623 0.0124614
0 0.128559 0.190916 0.0262656 0.0234679
0 0.321755 0.665455 0.0265459 0.0231565
0 0.272479 0.9395 0.0229959 0.024797
0 0.249484 0.528902 0.0255522 0.0240922
0 0.964665 0.513692 0.0283833 0.0215257
0 0.193128 0.550789 0.0238078 0.0223377
0 0.810305 0.831949 0.0289521 0.0222122
0 0.668818 0.736832 0.0254503 0.0239868
0 0.974295 0.922173 0.0302476 0.0291254
0 0.860988 0.777109 0.024116 0.0230765
0 0.827123 0.00717715 0.0216417 0.0143543
0 0.76362 0.301766 0.0304074 0.0279011
0 0.602478 0.105644 0.0223011 0.0203298
0 0.883185 0.676785 0.0317303 0.0298921
0 0.902225 0.766148 0.030363 0.0233783
0 0.168318 0.369288 0.0248794 0.0240664
0 0.610027 0.042297 0.0249129 0.0234475
0 0.308335 0.335803 0.027497 0.0233121
0 0.47633 0.727631 0.0295741 0.0255951
0 0.228064 0.32919 0.023677 0.023114
0 0.541941 0.941156 0.0277078 0.0256433
0 0.145262 0.938258 0.0283303 0.0234634
0 0.1314 0.0596894 0.0265459 0.02434
0 0.152723 0.714094 0.0263752 0.0247816
0 0.520067 0.0199051 0.0250413 0.0221993
0 0.188653 0.952731 0.0319967 0.0254279
0 0.59355 0.494883 0.0326385 0.0297153
0 0.223016 0.532782 0.0318419 0.0256707
0 0.180923 0.102921 0.0242799 0.0250228
0 0.918919 0.162008 0.0283515 0.0259356
0 0.583526 0.157002 0.0245028 0.0203473
0 0.268275 0.686873 0.0232064 0.0220897
0 0.217933 0.978877 0.0282731 0.0233591
0 0.159839 0.62239 0.0262955 0.0217085
0 0.594927 0.870874 0.0251544 0.0242018
0 0.0911684 0.920783 0.0202918 0.0198193
0 0.484206 0.0389181 0.0253926 0.0267846
0 0.0569666 0.543039 0.0251333 0.0227408
0 0.18094 0.837149 0.0344372 0.0242821
0 0.894443 0.724479 0.03375 0.026821
0 0.291449 0.616298 0.0286481 0.0259425
0 0.43262 0.332209 0.0258696 0.0214548
0 0.0956452 0.982442 0.0251617 0.0260791
0 0.19814 0.425838 0.0264545 0.0225529
0 0.455736 0.319625 0.0265382 0.0251386
0 0.544439 0.612068 0.035061 0.0263509
0 0.072256 0.342278 0.0260859 0.0214147
0 0.898222 0.921566 0.0242361 0.0210467
0 0.606346 0.106312 0.0301211 0.0212596
0 0.145208 0.512742 0.0282776 0.0209988
0 0.914507 0.955632 0.0275446 0.0240613
0 0.861415 0.414691 0.0245645 0.0206586
0 0.67106 0.991431 0.0260951 0.0171383
0 0.0936303 0.874572 0.0292512 0.0312769
0 0.848286 0.372045 0.0247479 0.0238584
0 0.546854 0.545506 0.0261799 0.0243414
0 0.110829 0.836635 0.0231746 0.0194827
0 0.841628 0.893419 0.0276874 0.0249254
0 0.637469 0.411717 0.0305577 0.027672
0 0.992036 0.832667 0.0158637 0.0230588
0 0.254653 0.550183 0.0350752 0.0223014
0 0.653846 0.379796 0.0308115 0.0285133
0 0.956307 0.441502 0.0291181 0.0248795
0 0.523505 0.471884 0.0291914 0.0225942
0 0.170828 0.261676 0.0248403 0.0238544
0 0.0502584 0.582548 0.0263025 0.0237675
0 0.372603 0.51614 0.027479 0.0236572
0 0.245609 0.347924 0.0352256 0.0221026
0 0.528491 0.137362 0.0250263 0.0242312
0 0.643103 0.312673 0.0262039 0.0247123
0 0.770913 0.477153 0.025498 0.0222999
0 0.880586 0.936271 0.0257129 0.0210013
0 0.0531416 0.483442 0.0249207 0.0206909
0 0.725739 0.421674 0.0259312 0.0215947
0 0.29657 0.0836185 0.028898 0.0227955
0 0.669686 0.812113 0.0317047 0.0244382
0 0.501046 0.48276 0.0298764 0.0186606
0 0.533578 0.247506 0.0318095 0.0256869
0 0.0878857 0.254507 0.0280382 0.0238359
0 0.402896 0.591894 0.0287225 0.0248441
0 0.292308 0.942251 0.0222138 0.0232877
0 0.930586 0.335353 0.0261868 0.0231478
0 0.940899 0.053362 0.0251825 0.0238738
0 0.422535 0.491744 0.0248466 0.0231521
0 0.742836 0.96538 0.0267873 0.0195376
0 0.169804 0.238327 0.0263207 0.0240937
0 0.278431 0.908795 0.0346855 0.0256605
0 0.631655 0.904899 0.0270739 0.0228131
0 0.0550978 0.819726 0.0225852 0.0219998
0 0.0819203 0.558123 0.0249623 0.0178212
0 0.0830124 0.457419 0.0261549 0.0235665
0 0.0099511 0.829387 0.0199022 0.025762
0 0.552594 0.966098 0.0260965 0.0218514
0 0.567995 0.604428 0.0273361 0.024668
0 0.990757 0.875074 0.018486 0.0221075
0 0.0399987 0.693991 0.0212807 0.0216262
0 0.090394 0.276932 0.0266295 0.0220884
0 0.101262 0.581457 0.0283614 0.0262344
0 0.340845 0.170984 0.0267277 0.0253515
0 0.318495 0.942146 0.0284895 0.0248517
0 0.240668 0.569318 0.0244757 0.0231322
0 0.433453 0.568992 0.0252365 0.0211307
0 0.580248 0.0631611 0.0277688 0.0227324
0 0.989415 0.281748 0.0211693 0.0252834
0 0.020423 0.596091 0.0231024 0.0225056
0 0.165244 0.568964 0.0317661 0.0271105
0 0.986363 0.157055 0.0272739 0.0211512
0 0.472476 0.242914 0.0235423 0.0218191
0 0.948339 0.00959314 0.0235428 0.0191863
0 0.855485 0.62126 0.027319 0.0208874
0 0.47245 0.268915 0.0255595 0.0279838
0 0.249333 0.323107 0.0249127 0.0199506
0 0.184857 0.512891 0.0277678 0.0242789
0 0.207678 0.318295 0.0232823 0.0217636
0 0.762173 0.0451076 0.0269303 0.0227752
0 0.371971 0.659837 0.0243055 0.0208646
0 0.842286 0.763519 0.0215207 0.0201022
0 0.651461 0.920006 0.0211782 0.0201371
0 0.0184241 0.85647 0.0270036 0.0224169
0 0.775345 0.987053 0.0290729 0.0258949
0 0.775363 0.415884 0.02939 0.0256923
0 0.211378 0.509918 0.0230083 0.0252144
0 0.924024 0.47199 0.0266947 0.0246374
0 0.454167 0.495595 0.0266274 0.0242253
0 0.00932162 0.400331 0.0186432 0.0216283
0 0.860783 0.814745 0.0263315 0.0252495
0 0.82715 0.349561 0.0311596 0.0263706
0 0.131998 0.364923 0.0240572 0.0219597
0 0.809938 0.277993 0.0281885 0.0214165
0 0.260961 0.651661 0.0252769 0.0230848
0 0.119613 0.155071 0.0269839 0.0231586
0 0.530895 0.311696 0.0265146 0.0241508
0 0.725913 0.640066 0.0349481 0.0291734
0 0.707995 0.405904 0.0247675 0.020623
0 0.490069 0.274267 0.0229087 0.0201444
0 0.912107 0.813559 0.0257124 0.0243442
0 0.949844 0.898273 0.0282855 0.0197711
0 0.315077 0.753752 0.0329518 0.027245
0 0.627777 0.59279 0.0286013 0.0200149
0 0.0302819 0.0105356 0.0251699 0.0210712
0 0.567411 0.910326 0.0221742 0.0206808
0 0.74971 0.0688294 0.0277968 0.0267127
0 0.654701 0.0588879 0.0298082 0.0265433
0 0.535719 0.365118 0.0291188 0.021078
0 0.751397 0.200734 0.0241708 0.0238591
0 0.409172 0.65853 0.0294729 0.0252914
0 0.855784 0.750754 0.0247284 0.0239783
0 0.73253 0.698552 0.026622 0.0248426
0 0.64862 0.0304858 0.025704 0.0242306
0 0.570704 0.881456 0.0245999 0.0232944
0 0.659936 0.0928798 0.0236179 0.0213692
0 0.506957 0.683296 0.0270933 0.0210186
0 0.912485 0.238128 0.0343524 0.0306323
0 0.895609 0.634902 0.0277884 0.0243854
0 0.288824 0.993188 0.0308048 0.0136233
0 0.301544 0.878404 0.0335471 0.0264836
0 0.679172 0.0447952 0.0247185 0.0224996
0 0.205756 0.0978165 0.0220138 0.0229619
0 0.246978 0.257736 0.0267754 0.0258561
0 0.40063 0.215826 0.0286579 0.0234503
0 0.196459 0.28393 0.0287402 0.0250943
0 0.231625 0.291031 0.0256485 0.0274807
0 0.00823382 0.957137 0.0164676 0.0208856
0 0.352328 0.704729 0.0224385 0.0206294
0 0.698021 0.745703 0.0253578 0.0256833
0 0.649199 0.614058 0.0324758 0.0275526
0 0.493416 0.194863 0.0315318 0.0255553
0 0.907085 0.00990924 0.0300577 0.0198185
0 0.467915 0.443981 0.0224196 0.0221789
0 0.231664 0.503934 0.0227456 0.0242223
0 0.890363 0.576093 0.0307323 0.0227352
0 0.854267 0.0038548 0.0243149 0.00770959
0 0.392351 0.0943679 0.0248988 0.0228037
0 0.809211 0.202087 0.0261716 0.0242831
0 0.099976 0.721853 0.0252298 0.0281026
0 0.283272 0.313567 0.0265093 0.0206889
0 0.505538 0.968838 0.0214403 0.023497
0 0.051146 0.074577 0.0285516 0.0258834
0 0.759317 0.232351 0.0323312 0.0313905
0 0.158666 0.873172 0.0204162 0.0224879
0 0.471377 0.908424 0.0313706 0.027724
0 0.0138471 0.286056 0.0276943 0.0292463
0 0.696747 0.0764919 0.0295258 0.0303949
0 0.873713 0.346104 0.0250734 0.0241082
0 0.317707 0.0541557 0.0266354 0.0247157
0 0.379962 0.978103 0.0255321 0.0255894
0 0.87114 0.375621 0.0237993 0.0237511
0 0.887988 0.297093 0.0235522 0.0233364
0 0.967041 0.492882 0.0284172 0.0268477
0 0.90167 0.119384 0.0327811 0.0297413
0 0.928007 0.370319 0.029331 0.0272736
0 0.546287 0.280991 0.0248161 0.0245879
0 0.247587 0.400747 0.0260004 0.0242347
0 0.77675 0.895178 0.032638 0.0261598
0 0.1701 0.157037 0.0255804 0.0222121
0 0.0448375 0.971218 0.0238197 0.0223305
0 0.433653 0.208182 0.0327927 0.0272392
0 0.519681 0.222966 0.0359413 0.022431
0 0.613336 0.338598 0.0260432 0.0262505
0 0.267226 0.221349 0.0262103 0.0227423
0 0.992204 0.0778488 0.0155914 0.0218347
0 0.197637 0.681677 0.0235151 0.0222384
0 0.423884 0.70424 0.025686 0.0243005
0 0.551451 0.479231 0.0241733 0.0223866
0 0.842052 0.729745 0.0249979 0.0253808
0 0.0137216 0.351799 0.022611 0.0213149
0 0.466703 0.67141 0.02687 0.0260474
0 0.609537 0.417626 0.0265152 0.0234229
0 0.840055 0.50125 0.028647 0.0246382
0 0.0951554 0.423278 0.0287889 0.0234846
0 0.645911 0.616507 0.0393934 0.0316537
0 0.614862 0.91681 0.0306272 0.0259021
0 0.866824 0.901784 0.0298474 0.0214822
0 0.488293 0.947646 0.0308588 0.0295857
0 0.938278 0.771037 0.0302426 0.0230067
0 0.742158 0.45483 0.0255024 0.0227406
0 0.0352409 0.745145 0.0284384 0.0269393
0 0.627243 0.050683 0.0193229 0.0205679
0 0.554346 0.7337 0.0279898 0.0225366
0 0.308815 0.188711 0.0241354 0.0212823
0 0.701281 0.373677 0.0275357 0.0205343
0 0.95591 0.463792 0.0246059 0.0208409
0 0.568497 0.414204 0.0241054 0.0208837
0 0.591935 0.287095 0.0279484 0.0290901
0 0.27637 0.0431871 0.0290861 0.0239182
0 0.832186 0.119005 0.0233609 0.0295835
0 0.85183 0.0467597 0.0297847 0.0254972
0 0.814757 0.372681 0.0321835 0.0330428
0 0.736323 0.108727 0.0368918 0.0339061
0 0.32083 0.70908 0.0263825 0.0278144
0 0.680278 0.313439 0.0234644 0.0209411
0 0.849158 0.453036 0.0285669 0.0204817
0 0.266632 0.50725 0.0222023 0.0171733
0 0.294093 0.272752 0.0266747 0.0240189
0 0.240393 0.989346 0.0335928 0.0213072
0 0.407761 0.236898 0.0249945 0.0217187
0 0.951146 0.89242 0.0349649 0.0305371
0 0.465498 0.66667 0.0284756 0.0339909
0 0.4241 0.643839 0.025136 0.0205893
0 0.209655 0.643571 0.0319694 0.0213672
0 0.0782178 0.798855 0.0310175 0.0286102
0 0.678448 0.33454 0.0235365 0.0212153
0 0.422768 0.462266 0.029689 0.0263075
0 0.970477 0.212537 0.0276282 0.0254306
0 0.720876 0.0660038 0.0280591 0.0249854
0 0.72134 0.975569 0.0261419 0.0198239
0 0.367361 0.29362 0.0323665 0.0217229
0 0.00918869 0.745065 0.0183774 0.0244664
0 0.222732 0.226635 0.0252811 0.0210827
0 0.169357 0.184955 0.0256202 0.0228117
0 0.815566 0.896669 0.0282419 0.0245349
0 0.460533 0.0728957 0.0239696 0.0218971
0 0.720405 0.785866 0.0236063 0.0255527
0 0.173444 0.0751487 0.0285239 0.0332601
0 0.0789132 0.823747 0.0228262 0.0248068
0 0.552451 0.961456 0.0253866 0.0264525
0 0.663448 0.578917 0.0309448 0.0183014
0 0.0812259 0.541384 0.0249723 0.0224443
0 0.751187 0.172266 0.0215158 0.0232269
0 0.742049 0.115909 0.0259744 0.0237383
0 0.610662 0.884485 0.0236824 0.0200961
0 0.0122236 0.684416 0.0244472 0.0215363
0 0.7161 0.119481 0.0288736 0.0258653
0 0.67782 0.100258 0.0301297 0.0257876
0 0.942454 0.35044 0.0243948 0.0214716
0 0.84246 0.680056 0.0259033 0.027623
0 0.0046972 0.625457 0.0093944 0.0195412
0 0.649134 0.313059 0.0355644 0.0244864
0 0.980413 0.57404 0.0282468 0.0256432
0 0.0303544 0.665174 0.0289185 0.0239075
0 0.447564 0.802513 0.0220788 0.0204005
0 0.190386 0.784375 0.0285061 0.0243958
0 0.816492 0.905391 0.0322441 0.01587
0 0.120291 0.976259 0.026653 0.0217736
0 0.151484 0.122699 0.0269531 0.0227568
0 0.788536 0.262171 0.0335339 0.0228769
0 0.970302 0.84269 0.0334738 0.020575
0 0.947518 0.925266 0.0246196 0.0200496
0 0.400809 0.280746 0.026231 0.0282098
0 0.204266 0.994991 0.0361793 0.0100175
0 0.488074 0.832259 0.0263723 0.0227397
0 0.852743 0.25479 0.038783 0.0325848
0 0.601323 0.313337 0.02966 0.0251666
0 0.119889 0.344889 0.0223611 0.0191821
0 0.117635 0.820699 0.0279727 0.0215693
0 0.389743 0.150815 0.022895 0.0239797
0 0.0881756 0.259019 0.0259998 0.0208831
0 0.129948 0.992598 0.025347 0.0148035
0 0.0569752 0.943995 0.0196392 0.0216141
0 0.00667598 0.66184 0.013352 0.0281314
0 0.659645 0.257399 0.0266289 0.0259435
0 0.522775 0.503709 0.0264369 0.0182372
0 0.551765 0.95564 0.0273938 0.0311391
0 0.694435 0.513207 0.0250977 0.0228688
0 0.890406 0.377708 0.0231642 0.0248008
0 0.766441 0.852734 0.0307357 0.030575
0 0.128052 0.259597 0.0219581 0.0208498
0 0.801815 0.0670418 0.031189 0.0249819
0 0.411499 0.84685 0.0366051 0.0283185
0 0.571799 0.440329 0.0251916 0.0298741
0 0.152002 0.680892 0.0281648 0.0260416
0 0.62733 0.0057174 0.0216353 0.0114348
0 0.994286 0.256569 0.0112963 0.0192266
0 0.980791 0.9279 0.0200934 0.0231928
0 0.839863 0.596625 0.0269791 0.022167
0 0.60765 0.995466 0.0259635 0.00906712
0 0.0170043 0.170919 0.0307636 0.0306672
0 0.433553 0.428932 0.021877 0.0200835
0 0.423272 0.304795 0.0320622 0.0246539
0 0.902507 0.274433 0.0258514 0.0250397
0 0.687014 0.156443 0.0239224 0.0249112
0 0.243329 0.602037 0.02635 0.0227231
0 0.199793 0.721394 0.0244734 0.0229014
0 0.347453 0.0736291 0.0330751 0.0237812
0 0.690901 0.595689 0.0256935 0.0227212
0 0.598479 0.875126 0.0272906 0.0292819
0 0.911706 0.397627 0.0249208 0.0232193
0 0.208443 0.857407 0.0237043 0.0201703
0 0.53398 0.833089 0.0246525 0.0243129
0 0.27176 0.265753 0.0236259 0.021168
0 0.0193661 0.515595 0.0258181 0.0201091
0 0.877259 0.10037 0.0270544 0.0207636
0 0.591096 0.668758 0.0238641 0.0250986
0 0.349601 0.944766 0.0260897 0.0206331
0 0.627689 0.0308616 0.0220341 0.0225561
0 0.828315 0.638448 0.0250726 0.0229789
0 0.654949 0.451475 0.0251181 0.0217993
0 0.155326 0.0438527 0.0276391 0.0204392
0 0.110432 0.360435 0.0227073 0.023083
0 0.366275 0.557579 0.029574 0.026886
0 0.347837 0.28035 0.0250817 0.0199808
0 0.756213 0.137498 0.0293781 0.0215221
0 0.661414 0.302108 0.0271353 0.0236998
0 0.933303 0.392679 0.0264037 0.0203992
0 0.688093 0.131502 0.0267212 0.0227386
0 0.425478 0.241217 0.0283882 0.0241622
0 0.0450086 0.265936 0.0290841 0.0327432
0 0.634925 0.185548 0.0262632 0.0199867
0 0.659673 0.250394 0.0282297 0.0356607
0 0.723654 0.547403 0.0273377 0.0287363
0 0.641439 0.540416 0.0237638 0.0234445
0 0.924538 0.7052 0.0316809 0.0233554
0 0.972134 0.0298486 0.0298806 0.0256705
0 0.563292 0.0195103 0.0278848 0.0242673
0 0.0952736 0.599023 0.0315334 0.0253603
0 0.976538 0.10036 0.0243323 0.023397
0 0.550926 0.323648 0.0252151 0.0205518
0 0.0776895 0.773856 0.0271726 0.0234979
0 0.630597 0.484215 0.0241834 0.0235132
0 0.969446 0.296812 0.0233218 0.0208299
0 0.781748 0.897754 0.0249181 0.0216985
0 0.376756 0.603011 0.0301076 0.0230318
0 0.104494 0.720672 0.0351533 0.0292591
0 0.170502 0.305293 0.0237021 0.0229627
0 0.60922 0.614661 0.0264835 0.0235696
0 0.992871 0.631719 0.014258 0.0194464
0 0.272266 0.169939 0.0233586 0.0249838
0 0.672979 0.0978134 0.0382121 0.0290576
0 0.556718 0.343633 0.0272428 0.0208521
0 0.335963 0.55765 0.027125 0.0240245
0 0.688781 0.794034 0.0286862 0.0234447
0 0.610617 0.996158 0.0281847 0.0076831
0 0.207429 0.185064 0.0243233 0.0243642
0 0.893563 0.473854 0.0265862 0.0185784
0 0.414067 0.832076 0.0358361 0.0468976
0 0.406613 0.0798991 0.0215436 0.0218235
0 0.3118 0.0159036 0.0306074 0.0231724
0 0.249246 0.00808271 0.0234375 0.0161654
0 0.345618 0.13385 0.028808 0.0230524
0 0.480833 0.140187 0.0387864 0.023859
0 0.995284 0.938456 0.00943285 0.0368509
0 0.934362 0.337297 0.0330972 0.0258359
0 0.902781 0.191817 0.0290437 0.0267032
0 0.808263 0.717277 0.0250854 0.0212607
0 0.0786885 0.414457 0.023449 0.0232369
0 0.0749562 0.749665 0.0395905 0.0241748
0 0.659506 0.960254 0.0218194 0.0178784
0 0.225945 0.757228 0.0285097 0.0238333
0 0.562109 0.936106 0.0213948 0.0259956
0 0.176313 0.539514 0.02492 0.0227525
0 0.114 0.737813 0.0244624 0.0246783
0 0.977383 0.122605 0.0251752 0.0255974
0 0.986811 0.878382 0.026081 0.0279197
0 0.387469 0.431978 0.0272119 0.0273695
0 0.555364 0.0587914 0.0265342 0.0223637
0 0.860632 0.409596 0.0255508 0.0286731
0 0.118189 0.59829 0.0197431 0.0202846
0 0.994869 0.946261 0.0101108 0.0263584
0 0.868889 0.548217 0.0255258 0.0211456
0 0.486404 0.550015 0.0261072 0.023098
0 0.826577 0.821193 0.0263544 0.0248639
0 0.994795 0.290162 0.0102567 0.0269429
0 0.348658 0.278344 0.0320905 0.0224644
0 0.54307 0.206766 0.0429552 0.0253197
0 0.695077 0.242302 0.034191 0.0275731
0 0.405176 0.884197 0.0424648 0.023508
0 0.399087 0.70345 0.0262222 0.027366
0 0.445955 0.321464 0.0190324 0.024001
0 0.413098 0.840313 0.0345096 0.0330318
0 0.603707 0.26618 0.0291411 0.0267284
0 0.508939 0.741711 0.025764 0.0220857
0 0.346901 0.883543 0.0286604 0.0366424
0 0.0924733 0.601494 0.0252328 0.0213611
0 0.22676 0.84164 0.0285521 0.0275885
0 0.829846 0.70721 0.0290107 0.0240695
0 0.850966 0.115207 0.030184 0.0304636
0 0.58743 0.636817 0.0338515 0.0227079
0 0.693312 0.0785945 0.025636 0.0295353
0 0.899653 0.435028 0.0391641 0.0256335
0 0.892527 0.470989 0.0251709 0.016044
0 0.990631 0.218173 0.0187383 0.0218359
0 0.372522 0.621455 0.0250089 0.0223694
0 0.298331 0.0598144 0.0255848 0.0223838
0 0.423229 0.104651 0.0265889 0.0272971
0 0.762051 0.0416352 0.0298839 0.0280608
0 0.872231 0.261477 0.0340164 0.0208459
0 0.658119 0.993874 0.0408258 0.0122524
0 0.018654 0.724993 0.0295434 0.0189407
0 0.967247 0.932564 0.0212912 0.0153407
0 0.992577 0.844691 0.0146689 0.0243018
0 0.672107 0.520609 0.0373833 0.0260966
0 0.27945 0.640509 0.0265627 0.0267168
0 0.920345 0.212973 0.0260546 0.0228714
0 0.83955 0.191898 0.0252768 0.0225923
0 0.235147 0.379366 0.0326875 0.0229202
0 0.401342 0.958504 0.0239812 0.0213504
0 0.290388 0.781798 0.0216919 0.0205597
0 0.149363 0.0731105 0.0257408 0.0254672
0 0.616634 0.106478 0.0212485 0.022244
0 0.363675 0.43157 0.0285141 0.0261208
0 0.0498474 0.327301 0.0250889 0.0233704
0 0.871071 0.15432 0.0309641 0.0221682
0 0.421065 0.351973 0.0227955 0.0252751
0 0.960981 0.860541 0.0264911 0.0253214
0 0.785747 0.893998 0.0251267 0.0263613
0 0.766292 0.00594491 0.0246536 0.0118898
0 0.503381 0.0638614 0.024493 0.0214439
0 0.0856633 0.751397 0.0243583 0.0227266
0 0.136758 0.279071 0.0318071 0.0242928
0 0.495934 0.930411 0.0322229 0.0237207
0 0.54949 0.488068 0.027236 0.0353908
0 0.895682 0.720075 0.0366606 0.0328119
0 0.792661 0.405558 0.0210411 0.0261174
0 0.951576 0.233932 0.0290091 0.0244222
0 0.351656 0.282203 0.0283398 0.0173264
0 0.860181 0.420786 0.0264838 0.0318645
0 0.171783 0.161883 0.0267062 0.0293643
0 0.966499 0.279207 0.0302293 0.028459
0 0.0112652 0.0826872 0.0225305 0.0244771
0 0.51892 0.774176 0.0366455 0.0243641
0 0.00721972 0.0134679 0.0144394 0.0199245
0 0.124186 0.146228 0.0319981 0.0371407
0 0.710815 0.409103 0.0286428 0.0260521
0 0.50784 0.0908519 0.0290585 0.0296417
0 0.427628 0.990796 0.0244469 0.0184081
0 0.00637993 0.560072 0.0127599 0.0210209
0 0.429474 0.464484 0.0391068 0.0261777
0 0.612331 0.0462561 0.0261371 0.0250255
0 0.632059 0.618148 0.0207405 0.0312831
0 0.994079 0.491874 0.0118424 0.0240864
0 0.431935 0.108299 0.0220874 0.0256807
0 0.988508 0.286532 0.0226021 0.033034
0 0.0911767 0.0806156 0.0239841 0.0211012
0 0.0270525 0.993138 0.0293257 0.0137241
0 0.547421 0.495204 0.0290512 0.024307
0 0.967613 0.720956 0.0227579 0.0199149
0 0.96762 0.69925 0.0209776 0.0239706
0 0.0425564 0.971009 0.0299619 0.0253813
0 0.804662 0.35883 0.0263427 0.0210994
0 0.718094 0.960944 0.0283871 0.0298797
0 0.60559 0.246995 0.0286494 0.0276234
0 0.339018 0.236565 0.0309877 0.0365187
0 0.606183 0.455133 0.030413 0.0246378
0 0.797935 0.403407 0.0307037 0.0238745
0 0.89199 0.372639 0.0268432 0.0326311
0 0.198881 0.402582 0.0190394 0.014098
0 0.6167 0.654762 0.0304668 0.0220886
0 0.604671 0.257355 0.0284694 0.0171739
0 0.856847 0.434422 0.0224209 0.0179906
0 0.420253 0.102086 0.0219538 0.0224203
0 0.986517 0.0606133 0.0238856 0.0209904
0 0.768842 0.104073 0.0342351 0.0202073
0 0.371817 0.165121 0.0304929 0.0203721
0 0.568347 0.898039 0.0268745 0.0184648
0 0.0319698 0.647086 0.0281582 0.0233023
0 0.173759 0.687594 0.025294 0.0256009
0 0.239787 0.789472 0.0242694 0.0202582
0 0.431975 0.393514 0.0265301 0.0244763
0 0.589134 0.674235 0.0225437 0.0222955
0 0.491542 0.142326 0.0294223 0.0263405
0 0.712674 0.850182 0.0294127 0.0230092
0 0.980028 0.946669 0.0209783 0.0265796
0 0.605076 0.257077 0.0285466 0.041236
0 0.401356 0.546777 0.0280347 0.0247835
0 0.445935 0.236156 0.0263731 0.0247028
0 0.101442 0.188235 0.0296471 0.0231626
0 0.729176 0.718622 0.0245198 0.0258726
0 0.570389 0.00979116 0.0231376 0.0195823
0 0.531812 0.665356 0.0239094 0.017792
0 0.271334 0.363691 0.0222447 0.0177712
0 0.649761 0.721389 0.0314606 0.0253931
0 0.990845 0.0578077 0.0182052 0.024703
0 0.952608 0.887598 0.0340649 0.0260602
0 0.108239 0.996279 0.0239027 0.00734407
0 0.287002 0.537287 0.02562 0.0221937
0 0.0347919 0.349222 0.0197836 0.0212064
0 0.716445 0.957447 0.0248862 0.0234764
0 0.178992 0.652304 0.033328 0.0274725
0 0.00375823 0.149564 0.00751646 0.0216245
0 0.986027 0.454466 0.0279458 0.0209372
0 0.366916 0.795804 0.0296557 0.0256502
0 0.993056 0.0446274 0.0138504 0.018618
0 0.68956 0.017625 0.0289105 0.0240262
0 0.742913 0.536442 0.0277939 0.0244414
0 0.97147 0.325123 0.0225763 0.0212311
0 0.886222 0.673402 0.0358212 0.0329239
0 0.902777 0.488686 0.020772 0.0208147
0 0.920537 0.0650681 0.0219342 0.0158658
0 0.110385 0.722329 0.0304802 0.0262299
0 0.770949 0.769212 0.0266938 0.0244858
0 0.570114 0.887836 0.0277777 0.0247726
0 0.437412 0.956149 0.0260592 0.0236828
0 0.275941 0.969027 0.0226733 0.0242871
0 0.0972322 0.223376 0.0257138 0.0222977
0 0.069896 0.748802 0.030428 0.0221649
0 0.90798 0.850846 0.0235983 0.0236307
0 0.46958 0.440776 0.0240571 0.0249964
0 0.173854 0.17515 0.0246696 0.0244472
0 0.724015 0.42458 0.0288214 0.0244094
0 0.648099 0.13881 0.0210655 0.0163133
0 0.66624 0.468789 0.042006 0.0227669
0 0.571464 0.2509 0.0244904 0.0241713
0 0.109572 0.0391558 0.020496 0.0224802
0 0.00931311 0.00869569 0.0186262 0.0173914
0 0.338282 0.241854 0.0291339 0.0259737
0 0.69431 0.433778 0.024603 0.0239002
0 0.953121 0.936145 0.032655 0.0176376
0 0.193661 0.573857 0.0317031 0.0249161
0 0.803784 0.00376458 0.0243883 0.00752917
0 0.0472953 0.271651 0.0274252 0.0248365
0 0.649602 0.995108 0.0227686 0.00978458
0 0.131338 0.989704 0.0243256 0.0199016
0 0.0249676 0.851428 0.0307801 0.0297522
0 0.853314 0.00510664 0.0275431 0.0102133
0 0.772272 0.00634014 0.0371729 0.0126803
0 0.227581 0.404532 0.0194259 0.0214648
0 0.126074 0.984048 0.0240981 0.0212723
0 0.311275 0.422426 0.0317963 0.0321145
0 0.397692 0.352256 0.0300439 0.0297008
0 0.536904 0.387742 0.0288214 0.0222642
0 0.41464 0.164694 0.0221587 0.024351
0 0.598325 0.544828 0.0244455 0.0199329
0 0.434634 0.464808 0.0305916 0.0239009
0 0.0438937 0.764687 0.0257405 0.0241336
0 0.989823 0.0629083 0.0202667 0.0225808
0 0.947875 0.937008 0.0265881 0.0224609
0 0.768476 0.977916 0.0309512 0.0147592
0 0.810221 0.246479 0.0306433 0.027978
0 0.804326 0.091166 0.0347641 0.0181923
0 0.618487 0.0687013 0.0320996 0.0255467
0 0.110705 0.366039 0.0259696 0.0321313
0 0.665191 0.156421 0.0213867 0.0244991
0 0.331926 0.324128 0.024071 0.022404
0 0.818445 0.508271 0.0262195 0.019377
0 0.664248 0.0941612 0.0316977 0.023633
0 0.969856 0.474928 0.0223843 0.0119438
0 0.737249 0.700188 0.0349734 0.0282562
0 0.097549 0.984734 0.0316183 0.02621
0 0.718229 0.00523737 0.0263681 0.0104747
0 0.420012 0.308065 0.0357126 0.0281422
0 0.930266 0.286178 0.0308658 0.029381
0 0.183156 0.7854 0.0425597 0.0259235
0 0.729415 0.603255 0.0284622 0.025683
0 0.020388 0.42272 0.0257353 0.0218293
0 0.803377 0.675083 0.0289217 0.0387552
0 0.967167 0.391361 0.0289914 0.0233926
0 0.0655355 0.652429 0.0309863 0.0278212
0 0.201686 0.993274 0.0356518 0.0134514
0 0.425644 0.647154 0.0255443 0.0248462
0 0.653354 0.9213 0.0255504 0.0239786
0 0.657371 0.456132 0.0278415 0.0300565
0 0.930396 0.641435 0.0304394 0.0220834
0 0.81284 0.456918 0.0281137 0.0251314
0 0.3378 0.00613375 0.0249507 0.0122675
0 0.208671 0.620195 0.0321686 0.026903
0 0.640089 0.792007 0.0275737 0.0247006
0 0.304051 0.883519 0.0327203 0.0283162
0 0.111916 0.0602802 0.0237636 0.0214749
0 0.791961 0.892431 0.0212381 0.0235693
0 0.230958 0.993932 0.0251128 0.0121357
0 0.0830926 0.45069 0.0253536 0.0307011
0 0.314806 0.644927 0.021174 0.0184389
0 0.281705 0.910987 0.0315928 0.0230798
0 0.697769 0.955805 0.0214403 0.0229065
0 0.237907 0.681991 0.0267586 0.0286722
0 0.700461 0.311054 0.0208662 0.0254658
0 0.0926025 0.0980757 0.0244267 0.0221729
0 0.491169 0.550138 0.0324704 0.0246269
0 0.895946 0.893413 0.0277215 0.0212582
0 0.133302 0.536602 0.0272022 0.024667
0 0.599922 0.56558 0.0276715 0.0211136
0 0.704263 0.307107 0.0281055 0.0285207
0 0.733095 0.747312 0.0274014 0.0244955
0 0.405857 0.545233 0.0361484 0.0267804
0 0.670606 0.423745 0.0297644 0.0253548
0 0.389461 0.924591 0.0286331 0.0232269
0 0.491465 0.246261 0.0249029 0.0225829
0 0.804707 0.365702 0.027247 0.0281185
0 0.723195 0.339154 0.0256106 0.0240735
0 0.737619 0.113777 0.0348944 0.026653
0 0.969155 0.376819 0.0297638 0.0240828
0 0.759158 0.972363 0.0171307 0.0213342
0 0.801388 0.405541 0.0366039 0.0283834
0 0.0767656 0.954888 0.0316277 0.0286484
0 0.190016 0.0841012 0.024436 0.0200068
0 0.670407 0.418702 0.028339 0.0306596
0 0.680855 0.929699 0.0282941 0.0247632
0 0.317467 0.306708 0.024674 0.0232412
0 0.294987 0.0634006 0.02788 0.0231383
0 0.45346 0.0525647 0.0245148 0.0231483
0 0.642439 0.34633 0.0329911 0.0214105
0 0.864257 0.897717 0.0264266 0.0239927
0 0.466774 0.00654767 0.0293601 0.0130953
0 0.398923 0.131755 0.0207168 0.0225208
0 0.0445092 0.760227 0.0253114 0.0193959
0 0.54373 0.802184 0.0236682 0.0243204
0 0.821808 0.756548 0.0257748 0.0217427
0 0.691146 0.452049 0.0359994 0.0194259
0 0.574774 0.0839593 0.0280312 0.0192685
0 0.560689 0.298736 0.022551 0.0241385
0 0.818349 0.148536 0.0325784 0.0272451
0 0.00980423 0.959503 0.0196085 0.0267389
0 0.252865 0.501457 0.0235131 0.0221666
0 0.552305 0.00628213 0.0237027 0.0125643
0 0.733973 0.175793 0.0200592 0.0181183
0 0.460462 0.108571 0.0290546 0.02873
0 0.839502 0.522883 0.0282559 0.0254092
0 0.178414 0.928242 0.0280265 0.0199518
0 0.569545 0.316892 0.0253226 0.0228997
0 0.69241 0.414674 0.0222412 0.0161397
0 0.735451 0.102302 0.0353125 0.0224714
0 0.282696 0.169706 0.0395527 0.0273833
0 0.914584 0.231115 0.0343701 0.0249449
0 0.661976 0.957622 0.028587 0.0232391
0 0.777113 0.00439585 0.0296395 0.00879169
0 0.617529 0.289545 0.0231894 0.0188871
0 0.979557 0.844207 0.0224652 0.0239959
0 0.40891 0.773296 0.0250495 0.022099
0 0.127692 0.638186 0.0301598 0.0286202
0 0.330674 0.193747 0.0210385 0.0201141
0 0.0276153 0.327313 0.0228207 0.022402
0 0.989014 0.853541 0.0209332 0.0211005
0 0.985056 0.710337 0.0252185 0.021106
0 0.381012 0.994726 0.0241821 0.0105483
0 0.361764 0.493307 0.0243382 0.0217293
0 0.944792 0.303978 0.0271362 0.0313745
0 0.505753 0.690514 0.0286198 0.0320327
0 0.51723 0.854581 0.0267076 0.0200503
0 0.99564 0.469752 0.00871998 0.0225965
0 0.703889 0.365198 0.0296783 0.0337101
0 0.178827 0.766829 0.0263432 0.0228226
0 0.580987 0.689049 0.0284836 0.0226666
0 0.775412 0.0718733 0.0253075 0.027459
0 0.505021 0.481419 0.0284239 0.0214592
0 0.905391 0.0187589 0.0314218 0.0317249
0 0.990716 0.239534 0.0185688 0.0235902
0 0.0454148 0.365349 0.0229389 0.0210036
0 0.0416734 0.424378 0.0243457 0.0213428
0 0.0683522 0.0643103 0.0211995 0.0163814
