0 0.912652 0.126862 0.0266587 0.0280939
0 0.722095 0.88796 0.0257416 0.0240555
0 0.0130753 0.607865 0.0261505 0.0235278
0 0.989725 0.332589 0.0205504 0.0234259
0 0.250736 0.898772 0.0287275 0.0225433
0 0.893752 0.328688 0.0269781 0.0218374
0 0.402439 0.02648 0.0251899 0.0224038
0 0.933999 0.321825 0.0283112 0.0229192
0 0.631287 0.320518 0.0240116 0.0219363
0 0.984338 0.358117 0.0290184 0.022521
0 0.0100768 0.89373 0.0201537 0.0212851
0 0.847805 0.991358 0.0313824 0.0172847
0 0.0438675 0.320669 0.027554 0.0224579
0 0.193487 0.9773 0.0271295 0.0250282
0 0.995004 0.194083 0.00998807 0.024195
0 0.472699 0.227703 0.0249744 0.0236271
0 0.103554 0.137987 0.0254637 0.0226564
0 0.520749 0.0279797 0.0242553 0.0220054
0 0.422062 0.680782 0.0267728 0.0250366
0 0.341843 0.240555 0.0276787 0.0242538
0 0.404283 0.345605 0.0272886 0.0213093
0 0.329568 0.72963 0.0287326 0.0215767
0 0.84475 0.941534 0.0294002 0.0248228
0 0.343036 0.0110678 0.0247251 0.0220791
0 0.260138 0.261708 0.0243197 0.0231273
0 0.813752 0.342363 0.0261642 0.0227617
0 0.0224141 0.347229 0.0275099 0.0257892
0 0.251945 0.281479 0.0243341 0.0208338
0 0.939211 0.0330212 0.0271744 0.0218657
0 0.228057 0.43657 0.0288699 0.0231431
0 0.511249 0.251478 0.0240907 0.0233979
0 0.0409202 0.873626 0.0261241 0.0211142
0 0.802518 0.87657 0.0263434 0.0252417
0 0.15292 0.311574 0.0255846 0.0233032
0 0.152896 0.287419 0.0263452 0.0249952
0 0.10016 0.840928 0.0245531 0.0225958
0 0.502156 0.512333 0.0316886 0.0248303
0 0.00809892 0.262827 0.0161978 0.0232849
0 0.702011 0.141401 0.0250897 0.022838
0 0.236528 0.119807 0.0297206 0.0244874
0 0.147278 0.438234 0.0316857 0.0243036
0 0.498313 0.83783 0.0304972 0.0261089
0 0.392271 0.739409 0.0253876 0.0248316
0 0.760606 0.71587 0.0277981 0.0243982
0 0.863426 0.165719 0.0320195 0.0263059
0 0.94242 0.0700587 0.0262737 0.0252414
0 0.626114 0.863281 0.028263 0.0236111
0 0.541518 0.403397 0.0262505 0.0240265
0 0.015649 0.980626 0.0252224 0.0195084
0 0.742673 0.0346879 0.0255446 0.0228189
0 0.230999 0.300799 0.0280531 0.0235569
0 0.213608 0.659987 0.0289773 0.0271555
0 0.564546 0.223301 0.0276781 0.0247689
0 0.312717 0.660074 0.0261286 0.0241934
0 0.904306 0.170339 0.0263644 0.0233453
0 0.41244 0.24941 0.0252963 0.023656
0 0.202083 0.292815 0.0253526 0.0228056
0 0.232187 0.723762 0.0248687 0.0187672
0 0.577191 0.431673 0.0323178 0.0255152
0 0.561795 0.033132 0.0267863 0.0221839
0 0.169091 0.0313266 0.0261404 0.0246167
0 0.324025 0.349021 0.0283611 0.0265156
0 0.993405 0.596593 0.0131897 0.0205044
0 0.155129 0.622512 0.0322484 0.0255758
0 0.225425 0.471416 0.0257927 0.0217291
0 0.0991418 0.194712 0.0271342 0.0238645
0 0.745038 0.216643 0.0282329 0.024786
0 0.769825 0.0691974 0.0263571 0.0222127
0 0.3837 0.914579 0.033853 0.0240457
0 0.819313 0.110193 0.0259818 0.0234575
0 0.581935 0.368361 0.0278678 0.0244365
0 0.584919 0.338504 0.026771 0.0231495
0 0.483865 0.700048 0.0294164 0.0246207
0 0.131989 0.898192 0.0277368 0.0249103
0 0.168052 0.162133 0.0258201 0.0253476
0 0.607353 0.983372 0.0245566 0.0245328
0 0.401693 0.270452 0.0246015 0.0220104
0 0.0818309 0.0913832 0.0260065 0.024138
0 0.583108 0.893265 0.025426 0.0296927
0 0.920892 0.296852 0.0246663 0.0221661
0 0.0865123 0.457673 0.0253265 0.0237312
0 0.057629 0.372146 0.0256402 0.0224104
0 0.109177 0.802409 0.0281516 0.0255251
0 0.986969 0.00391043 0.0260627 0.00782086
0 0.349037 0.934017 0.0272144 0.0213071
0 0.450244 0.217294 0.025659 0.0248603
0 0.382722 0.0155147 0.0252887 0.0215459
0 0.00581219 0.150619 0.0116244 0.0231914
0 0.0857898 0.601409 0.0287558 0.0233461
0 0.137714 0.246537 0.0250164 0.0219596
0 0.743192 0.750419 0.0257736 0.0206552
0 0.0680971 0.740417 0.0244356 0.0224847
0 0.375334 0.0694196 0.0226896 0.0194345
0 0.469296 0.252193 0.0282605 0.0255623
0 0.0399834 0.943912 0.0312585 0.0186206
0 0.541323 0.482971 0.0271999 0.0320982
0 0.0228333 0.84235 0.0246694 0.0212025
0 0.351295 0.798628 0.0280517 0.0243721
0 0.360843 0.760738 0.0244517 0.0224054
0 0.652822 0.107401 0.0244513 0.023021
0 0.247924 0.390925 0.0302856 0.0254501
0 0.280117 0.391555 0.0277684 0.0237718
0 0.0612263 0.468538 0.0309686 0.022629
0 0.543542 0.537852 0.0263084 0.0229643
0 0.846006 0.0522168 0.0278693 0.0234683
0 0.263875 0.0238614 0.0273221 0.0234349
0 0.230511 0.150915 0.0275302 0.0208894
0 0.966232 0.216795 0.0291437 0.0223075
0 0.769923 0.0901705 0.0223187 0.0211495
0 0.194248 0.0323243 0.0279052 0.0269161
0 0.122939 0.598855 0.0312737 0.0262443
0 0.137616 0.933193 0.0329348 0.0249173
0 0.11289 0.355521 0.0262691 0.0217078
0 0.112958 0.0729465 0.0273933 0.0220645
0 0.910572 0.366175 0.0280136 0.0230307
0 0.383363 0.620797 0.0281225 0.0298738
0 0.524675 0.051059 0.0289731 0.0247762
0 0.388048 0.670381 0.0247403 0.0224969
0 0.513924 0.383551 0.0263724 0.0215467
0 0.796636 0.970032 0.0371034 0.0231485
0 0.580623 0.121596 0.0244225 0.0221018
0 0.969267 0.391719 0.0243199 0.0243768
0 0.338044 0.112151 0.0244418 0.0233731
0 0.77344 0.33645 0.0253263 0.022958
0 0.823201 0.391342 0.0336331 0.0247186
0 0.623416 0.890428 0.0279178 0.0228727
0 0.777821 0.506404 0.0265027 0.0230961
0 0.0733604 0.871513 0.041063 0.025726
0 0.914789 0.0213623 0.02465 0.0236887
0 0.959336 0.330414 0.0266955 0.0261555
0 0.387986 0.695668 0.032142 0.0257813
0 0.083203 0.977454 0.0244868 0.0203201
0 0.0555487 0.398599 0.0311434 0.0270691
0 0.812905 0.201585 0.024798 0.024354
0 0.101433 0.29195 0.0239678 0.022706
0 0.444501 0.772028 0.0305395 0.0217649
0 0.416447 0.046225 0.027205 0.0223646
0 0.220057 0.588895 0.0264742 0.022989
0 0.331071 0.836894 0.0292453 0.0282327
0 0.0512493 0.0508056 0.0250922 0.0212413
0 0.621914 0.760288 0.0296032 0.0231604
0 0.388538 0.160318 0.0300862 0.026949
0 0.382766 0.25043 0.0281474 0.0244866
0 0.675422 0.947079 0.0278741 0.0244181
0 0.252261 0.199279 0.0352082 0.0300121
0 0.576679 0.0905653 0.0237994 0.0192243
0 0.701797 0.208034 0.0246039 0.0225302
0 0.0487835 0.580037 0.0255085 0.0227968
0 0.144299 0.818564 0.023968 0.0238986
0 0.397287 0.93065 0.0224559 0.0196332
0 0.310604 0.0247779 0.0269892 0.0225511
0 0.820985 0.247508 0.026416 0.0232044
0 0.435191 0.437124 0.0261934 0.0223746
0 0.339031 0.653712 0.0244974 0.0233423
0 0.660009 0.219392 0.0242792 0.023913
0 0.0985824 0.330988 0.0244894 0.023564
0 0.487166 0.419804 0.0249242 0.0259024
0 0.27924 0.0827369 0.0249843 0.0214139
0 0.151672 0.959965 0.0240593 0.0221953
0 0.0321356 0.367806 0.0251846 0.0224588
0 0.324517 0.0408224 0.0256383 0.0202595
0 0.730476 0.727918 0.0290732 0.0229147
0 0.405666 0.788323 0.0227564 0.020411
0 0.178091 0.43699 0.0240963 0.0218216
0 0.0146953 0.666261 0.0293907 0.0358222
0 0.0946553 0.5799 0.0307828 0.0221465
0 0.44841 0.456817 0.0228534 0.0218216
0 0.455938 0.806153 0.0262997 0.0239012
0 0.436813 0.0924823 0.0266708 0.0253681
0 0.609113 0.500871 0.0303239 0.0269177
0 0.212564 0.100958 0.0258968 0.0209833
0 0.711005 0.355059 0.0296297 0.0239702
0 0.0969792 0.420679 0.0250265 0.0229998
0 0.582122 0.274135 0.02201 0.0215168
0 0.346801 0.325399 0.0325907 0.0251869
0 0.151915 0.132998 0.0239939 0.0200846
0 0.41749 0.736947 0.0280327 0.0253808
0 0.145714 0.659313 0.0334355 0.0311603
0 0.0483282 0.720131 0.0261538 0.0219092
0 0.212514 0.256824 0.023913 0.0227485
0 0.198908 0.469934 0.0289612 0.0286769
0 0.66003 0.856349 0.0270203 0.0268826
0 0.684361 0.662524 0.0239789 0.0227954
0 0.782086 0.0371859 0.0247061 0.0219606
0 0.010022 0.710698 0.020044 0.0226567
0 0.00883196 0.441844 0.0176639 0.0296681
0 0.339973 0.709493 0.0257133 0.0245917
0 0.296295 0.445111 0.0276324 0.028091
0 0.0177847 0.712516 0.0355693 0.0263664
0 0.622773 0.689971 0.0286728 0.0278854
0 0.266429 0.824704 0.0284361 0.0233987
0 0.66966 0.150129 0.0305733 0.031226
0 0.0685974 0.888894 0.0306273 0.0189838
0 0.6831 0.897082 0.0245468 0.0236792
0 0.359815 0.261638 0.0226438 0.0198276
0 0.0137034 0.0424752 0.0274069 0.0220343
0 0.6004 0.18809 0.0230147 0.0214629
0 0.13374 0.396271 0.0276578 0.0229272
0 0.0710624 0.162638 0.0206003 0.0178919
0 0.976512 0.722456 0.033349 0.0232006
0 0.791242 0.707539 0.0242141 0.0267494
0 0.460427 0.189472 0.0269067 0.0252459
0 0.946951 0.107334 0.0368469 0.0271645
0 0.497499 0.874326 0.0259376 0.0238573
0 0.0442103 0.83895 0.0237742 0.0242347
0 0.730214 0.844772 0.026417 0.0227628
0 0.605903 0.841388 0.0249579 0.0222558
0 0.478277 0.881363 0.0236159 0.0207286
0 0.331144 0.466329 0.0292328 0.0256979
0 0.238449 0.353188 0.0297946 0.0248184
0 0.937903 0.272283 0.0285797 0.0267955
0 0.0215576 0.00542878 0.0226279 0.0108576
0 0.575668 0.538474 0.0288078 0.0219124
0 0.271394 0.588388 0.0239427 0.0236449
0 0.353226 0.362315 0.0294315 0.0208724
0 0.178925 0.12386 0.0322211 0.0241615
0 0.469915 0.993948 0.0304195 0.0121043
0 0.00574866 0.0216548 0.0114973 0.0205709
0 0.601085 0.141363 0.0264281 0.0216164
0 0.799004 0.950349 0.0255634 0.021599
0 0.507877 0.41117 0.0301895 0.02362
0 0.637437 0.57109 0.026043 0.0227979
0 0.36738 0.666071 0.0227149 0.0228
0 0.0496274 0.161145 0.024242 0.022831
0 0.219109 0.375717 0.0257049 0.0225468
0 0.360398 0.466009 0.0239127 0.0229711
0 0.629291 0.302014 0.0258811 0.0217276
0 0.170741 0.364898 0.0271567 0.0238893
0 0.749509 0.338288 0.0261784 0.0249399
0 0.192287 0.492698 0.0314017 0.0245583
0 0.470929 0.0467658 0.0283002 0.0248473
0 0.257889 0.432599 0.0240774 0.0221127
0 0.528859 0.277615 0.0243772 0.0219288
0 0.140347 0.580759 0.0253089 0.0248737
0 0.762358 0.987139 0.0315775 0.0257222
0 0.322963 0.0934757 0.0261742 0.0218565
0 0.244829 0.501428 0.0257928 0.0232265
0 0.990864 0.286585 0.0182712 0.0230307
0 0.521984 0.765234 0.0273551 0.0237418
0 0.925237 0.660172 0.0308676 0.0259857
0 0.919697 0.424874 0.0319818 0.0292642
0 0.88701 0.462213 0.0325837 0.0219395
0 0.0396786 0.746664 0.0253998 0.023028
0 0.00742314 0.327723 0.0148463 0.0158567
0 0.757863 0.668148 0.0277446 0.0248364
0 0.105439 0.394427 0.0288992 0.0257687
0 0.549618 0.256144 0.025286 0.0222166
0 0.304906 0.257934 0.0294329 0.0253137
0 0.925041 0.459188 0.0276515 0.0248851
0 0.283032 0.57298 0.0260022 0.0173555
0 0.50742 0.279115 0.0239871 0.0243046
0 0.558176 0.877681 0.0240701 0.0229954
0 0.226841 0.170706 0.0316636 0.0252497
0 0.588765 0.657421 0.0233188 0.0229315
0 0.588701 0.923591 0.0269004 0.0221742
0 0.869575 0.307845 0.0257942 0.0217605
0 0.447273 0.552666 0.0246659 0.0216742
0 0.627998 0.827129 0.0279787 0.0253808
0 0.0286731 0.586607 0.0226204 0.02063
0 0.617989 0.942403 0.0274411 0.0256565
0 0.313294 0.218513 0.0269329 0.0274431
0 0.103036 0.496986 0.0295304 0.0255537
0 0.764039 0.0138846 0.0270053 0.0234222
0 0.993083 0.249823 0.0138335 0.0228977
0 0.605319 0.0315602 0.0293006 0.0215011
0 0.535952 0.669383 0.0290108 0.0235407
0 0.580891 0.46164 0.0374445 0.0251402
0 0.966398 0.583146 0.0247885 0.0232131
0 0.122231 0.427376 0.0331898 0.0284238
0 0.692542 0.693699 0.0275484 0.0220035
0 0.892779 0.233525 0.0299655 0.0248127
0 0.524058 0.888604 0.0264781 0.0224994
0 0.910535 0.00352668 0.0284699 0.00705336
0 0.878722 0.287248 0.0252011 0.0210835
0 0.190044 0.334864 0.0335201 0.0305218
0 0.648024 0.94828 0.0245194 0.0256719
0 0.851009 0.748361 0.0381023 0.0301376
0 0.606253 0.585717 0.0205953 0.0196241
0 0.972368 0.0284696 0.034834 0.0248891
0 0.797899 0.0893693 0.0310993 0.0336362
0 0.86684 0.0940057 0.0300446 0.0233094
0 0.651606 0.244069 0.0242355 0.0218533
0 0.165322 0.894071 0.0279519 0.0268399
0 0.257112 0.694463 0.0323286 0.024675
0 0.00745304 0.794517 0.0149061 0.0207732
0 0.819054 0.0715939 0.0364639 0.0254517
0 0.964162 0.204584 0.030338 0.0183014
0 0.0363621 0.293714 0.0285818 0.0248533
0 0.518975 0.908467 0.0256531 0.018981
0 0.399474 0.591532 0.0274718 0.024425
0 0.64093 0.143748 0.028898 0.0310116
0 0.395953 0.374283 0.0307295 0.0292712
0 0.692342 0.525658 0.0270154 0.0234802
0 0.786999 0.211222 0.0274893 0.0239681
0 0.410551 0.114091 0.0234198 0.022895
0 0.165826 0.841784 0.0303922 0.0222213
0 0.0655699 0.872211 0.027175 0.0223011
0 0.321166 0.283199 0.0248651 0.0252683
0 0.646204 0.364995 0.0271668 0.0257478
0 0.882993 0.0154618 0.025824 0.0238088
0 0.597577 0.24415 0.0287237 0.0224304
0 0.886455 0.82179 0.0294724 0.0224209
0 0.517546 0.299743 0.0235477 0.0209748
0 0.0210678 0.71596 0.0291983 0.0217072
0 0.112587 0.6664 0.0315827 0.025047
0 0.328879 0.0912309 0.0350395 0.0252393
0 0.0575174 0.555175 0.0225718 0.0220149
0 0.0485641 0.439332 0.0231664 0.0212128
0 0.0760822 0.290379 0.0285322 0.0227647
0 0.867114 0.36336 0.0315298 0.0269364
0 0.841584 0.198056 0.0240869 0.024051
0 0.153853 0.191457 0.0302536 0.0265411
0 0.141858 0.772793 0.0245839 0.0223242
0 0.0116756 0.293303 0.0233511 0.0250585
0 0.182216 0.185005 0.0261855 0.0243904
0 0.977801 0.0597156 0.0246497 0.0218476
0 0.144017 0.994184 0.0300383 0.0116327
0 0.0707529 0.269184 0.0240569 0.0234586
0 0.733077 0.796034 0.0256462 0.0229062
0 0.00877409 0.107511 0.0175482 0.0242353
0 0.490695 0.247294 0.0199029 0.0210111
0 0.759266 0.926527 0.0281485 0.0247647
0 0.676804 0.271881 0.0257097 0.0218884
0 0.0922549 0.740725 0.0220184 0.0220228
0 0.0192372 0.461165 0.0284753 0.0285635
0 0.120922 0.523328 0.0241973 0.0218156
0 0.826184 0.313634 0.0289758 0.0232189
0 0.248955 0.945179 0.0238666 0.0217577
0 0.284672 0.858684 0.0275194 0.0185797
0 0.398111 0.989141 0.0264305 0.0217178
0 0.341857 0.995357 0.0272096 0.00928682
0 0.127254 0.503793 0.0252985 0.0199929
0 0.069377 0.664738 0.0265617 0.0238221
0 0.624334 0.193475 0.0256081 0.0226749
0 0.743668 0.621314 0.02535 0.022668
0 0.714037 0.920653 0.0282828 0.0240941
0 0.601822 0.267662 0.0231929 0.0237124
0 0.956982 0.919009 0.0291424 0.02741
0 0.991052 0.539709 0.0178969 0.0251567
0 0.589284 0.560711 0.0304154 0.027007
0 0.052232 0.0742582 0.0251813 0.022408
0 0.733684 0.975218 0.0328094 0.0303427
0 0.0964506 0.252978 0.0274516 0.0222762
0 0.604801 0.837927 0.0264695 0.0278664
0 0.639267 0.27757 0.0240203 0.0234276
0 0.510012 0.456219 0.0246921 0.0212578
0 0.968751 0.269861 0.0291516 0.0233181
0 0.471519 0.12466 0.0357013 0.0209609
0 0.203941 0.423665 0.0234619 0.0205083
0 0.308576 0.0638876 0.0270722 0.0322772
0 0.383727 0.820585 0.0276671 0.0259984
0 0.585248 0.822298 0.0156822 0.0230917
0 0.86037 0.211673 0.0240433 0.0276153
0 0.275938 0.77315 0.0271546 0.0219404
0 0.160467 0.892963 0.0352822 0.0279788
0 0.621932 0.169043 0.0272285 0.0233243
0 0.371851 0.0454499 0.0238932 0.0227315
0 0.231473 0.64515 0.0244654 0.0229524
0 0.672834 0.991002 0.0292667 0.017996
0 0.373552 0.985597 0.032873 0.0266994
0 0.603968 0.824594 0.0226662 0.020097
0 0.582296 0.68632 0.0267234 0.0242556
0 0.294158 0.342234 0.0275299 0.0229021
0 0.847668 0.324562 0.0283436 0.0234661
0 0.0193891 0.762107 0.0233621 0.0211963
0 0.243081 0.0743204 0.0254815 0.0239071
0 0.5991 0.795334 0.0228942 0.0173001
0 0.967664 0.457036 0.0273456 0.0217223
0 0.309606 0.127741 0.0285282 0.0282828
0 0.985224 0.98588 0.0295513 0.0282396
0 0.554594 0.0499182 0.0274793 0.0198341
0 0.958553 0.422186 0.0336472 0.0264449
0 0.732683 0.249151 0.0274025 0.0315343
0 0.303176 0.396541 0.0283909 0.0256023
0 0.68416 0.850917 0.0281762 0.0232928
0 0.00809599 0.558076 0.016192 0.0230788
0 0.301638 0.870389 0.0240283 0.0229532
0 0.0165677 0.814614 0.0264461 0.0200672
0 0.770752 0.547352 0.0250131 0.0301173
0 0.850201 0.288904 0.0346366 0.0253431
0 0.484602 0.461811 0.0271937 0.0254906
0 0.14761 0.533447 0.023103 0.0222393
0 0.962269 0.626108 0.0235678 0.0204039
0 0.316023 0.0286963 0.0293554 0.0269841
0 0.682301 0.735671 0.0237458 0.0219616
0 0.917125 0.246274 0.0235782 0.0194388
0 0.701901 0.257051 0.0264841 0.0180793
0 0.433361 0.891725 0.0279815 0.0317881
0 0.933048 0.23068 0.028161 0.0232294
0 0.107541 0.101395 0.0275961 0.0293632
0 0.988596 0.119807 0.0227637 0.0281317
0 0.467433 0.351457 0.0198606 0.0235207
0 0.341641 0.539088 0.030956 0.0240165
0 0.378985 0.461352 0.0218376 0.0216068
0 0.168991 0.744528 0.0262159 0.0242389
0 0.0130002 0.973633 0.0260004 0.0248228
0 0.730916 0.243286 0.02358 0.0204248
0 0.559685 0.771049 0.0247356 0.0214369
0 0.95619 0.374977 0.0245895 0.0231892
0 0.894046 0.462252 0.0353091 0.024153
0 0.976116 0.0956164 0.0319735 0.023794
0 0.114337 0.036819 0.0294199 0.0253103
0 0.0406864 0.0343117 0.0244565 0.0193387
0 0.00987023 0.0657132 0.0197405 0.0202059
0 0.330031 0.764734 0.0215995 0.0206009
0 0.164031 0.941755 0.0249579 0.0177362
0 0.898947 0.259341 0.0348572 0.0233052
0 0.18383 0.27603 0.0274305 0.0245905
0 0.281733 0.953266 0.0272908 0.0239189
0 0.0391691 0.201619 0.026183 0.0230801
0 0.608057 0.737914 0.02873 0.0230747
0 0.173545 0.403234 0.0263994 0.0219105
0 0.807734 0.601814 0.0262344 0.023993
0 0.362852 0.118274 0.0257943 0.0267615
0 0.534221 0.735956 0.0300281 0.0248915
0 0.322729 0.192873 0.026078 0.0280491
0 0.969915 0.678781 0.0312794 0.028269
0 0.187115 0.0564084 0.0300897 0.0231722
0 0.996168 0.565684 0.0076434 0.0228145
0 0.771423 0.456387 0.0271931 0.0209351
0 0.212382 0.69011 0.0313247 0.0280015
0 0.713907 0.508367 0.0239542 0.0243251
0 0.159478 0.822116 0.0164568 0.0204501
0 0.604366 0.0512992 0.02942 0.0197448
0 0.762052 0.800409 0.0270242 0.0246789
0 0.48548 0.199145 0.032133 0.0294041
0 0.188983 0.255855 0.0227556 0.0200861
0 0.704604 0.617039 0.0268571 0.0207233
0 0.789266 0.904538 0.0273605 0.0238062
0 0.230613 0.055444 0.0312343 0.0239161
0 0.794728 0.249844 0.0287659 0.0255767
0 0.525726 0.623112 0.026917 0.0213189
0 0.672143 0.876534 0.0268785 0.0184007
0 0.7053 0.812884 0.0404236 0.0281291
0 0.643985 0.673829 0.0338224 0.0222766
0 0.29982 0.839395 0.0352871 0.0262993
0 0.770902 0.448279 0.0271257 0.0286616
0 0.593939 0.223114 0.0264143 0.020712
0 0.968656 0.247781 0.0311227 0.0230489
0 0.929817 0.833459 0.0257453 0.0218126
0 0.154518 0.416341 0.0233233 0.0212594
0 0.179613 0.932803 0.0269161 0.0266983
0 0.677385 0.291117 0.0280511 0.0213127
0 0.196296 0.784309 0.0271066 0.0234126
0 0.164399 0.823957 0.0247056 0.0192206
0 0.968423 0.937838 0.0218216 0.0173758
0 0.0325323 0.430813 0.0302609 0.0271631
0 0.727753 0.107153 0.0292941 0.0248674
0 0.698953 0.326714 0.0350876 0.0262401
0 0.933607 0.351707 0.0257645 0.0224932
0 0.113117 0.717252 0.0244052 0.0199127
0 0.435022 0.0966099 0.0282903 0.029992
0 0.394844 0.252008 0.013644 0.0218184
0 0.475477 0.920033 0.0311169 0.0266172
0 0.971108 0.474911 0.0264609 0.0211818
0 0.317038 0.448435 0.0223693 0.0209952
0 0.628998 0.0235549 0.0280316 0.0185904
0 0.670995 0.642254 0.0241086 0.0232925
0 0.969024 0.506601 0.0279623 0.0261508
0 0.671147 0.04901 0.0235547 0.0215052
0 0.351184 0.964068 0.0263915 0.0238422
0 0.492683 0.665027 0.025566 0.0225134
0 0.553618 0.557447 0.0245255 0.0221531
0 0.0085838 0.77476 0.0171676 0.0195828
0 0.345601 0.0287402 0.027717 0.015685
0 0.267878 0.417062 0.0248839 0.0221919
0 0.68128 0.0102677 0.0286264 0.0205353
0 0.825216 0.0243293 0.0205536 0.0203206
0 0.488112 0.607932 0.0252655 0.0239848
0 0.0803743 0.0452164 0.0314058 0.0246016
0 0.450494 0.747758 0.0294681 0.0307547
0 0.805973 0.987857 0.0260928 0.0232859
0 0.580209 0.369771 0.0356602 0.0275407
0 0.9044 0.262878 0.0239701 0.019819
0 0.30009 0.866362 0.0272902 0.030008
0 0.960754 0.152563 0.0284967 0.0224958
0 0.708956 0.662379 0.0279001 0.0221548
0 0.851623 0.881365 0.0434229 0.0295672
0 0.766223 0.646253 0.0286215 0.0279195
0 0.681803 0.785018 0.0339465 0.0282839
0 0.849025 0.584099 0.0273111 0.0214725
0 0.649099 0.814579 0.0330565 0.0257175
0 0.11218 0.00455792 0.022007 0.00911584
0 0.9155 0.0645455 0.027364 0.0226831
0 0.473943 0.438784 0.02565 0.0298992
0 0.213614 0.567182 0.0260231 0.0199867
0 0.0484975 0.227549 0.0283312 0.0228262
0 0.708887 0.741891 0.0267508 0.0283884
0 0.683671 0.192204 0.0316821 0.0207756
0 0.0177574 0.861762 0.031618 0.0243627
0 0.425799 0.320308 0.0271555 0.0220879
0 0.0349279 0.106913 0.0205647 0.0220678
0 0.559313 0.0398609 0.0343852 0.0334678
0 0.925967 0.0803184 0.0194159 0.0201689
0 0.784947 0.574884 0.0286795 0.0245453
0 0.874467 0.362608 0.0409492 0.026364
0 0.891738 0.425632 0.0252011 0.0222789
0 0.643801 0.906115 0.0347856 0.0237058
0 0.387954 0.447369 0.0275788 0.0218094
0 0.247182 0.584752 0.0299645 0.0246826
0 0.00755464 0.968127 0.0151093 0.0158646
0 0.662305 0.0283063 0.0323752 0.0262947
0 0.100316 0.934075 0.0268001 0.0224749
0 0.0564336 0.393027 0.0303726 0.0329362
0 0.787426 0.929086 0.0276293 0.0212879
0 0.273899 0.938495 0.0320196 0.0254465
0 0.85439 0.479947 0.0266089 0.0264601
0 0.436546 0.336415 0.0220042 0.0223017
0 0.762269 0.297896 0.0230792 0.022215
0 0.305969 0.310168 0.0242979 0.0247093
0 0.803688 0.675049 0.0255263 0.0205914
0 0.818842 0.899526 0.0261716 0.0242174
0 0.24803 0.497107 0.031181 0.0267632
0 0.648399 0.991876 0.0254595 0.0162485
0 0.698801 0.644297 0.0253302 0.0196948
0 0.752725 0.529129 0.0254236 0.0224353
0 0.298178 0.987809 0.0258026 0.0243828
0 0.902826 0.878223 0.0247278 0.0237446
0 0.861116 0.207489 0.0270904 0.034375
0 0.268759 0.749794 0.0237425 0.0243424
0 0.425055 0.111621 0.024929 0.0236984
0 0.422573 0.928895 0.0303596 0.0260846
0 0.569632 0.617583 0.0289968 0.0231082
0 0.985288 0.349475 0.0294153 0.0338964
0 0.920143 0.715307 0.026803 0.0248435
0 0.00409645 0.755963 0.00819291 0.0231116
0 0.341054 0.598987 0.0267717 0.023173
0 0.636993 0.963849 0.0257076 0.0198348
0 0.370738 0.749376 0.0219209 0.0197654
0 0.196175 0.477395 0.0338619 0.042937
0 0.522467 0.599889 0.0263933 0.0236653
0 0.0610333 0.00350592 0.0316279 0.00701183
0 0.676806 0.898242 0.0379718 0.0269074
0 0.0628695 0.771914 0.0270037 0.0222204
0 0.216175 0.411109 0.0251333 0.0212383
0 0.763419 0.612932 0.0258368 0.0221484
0 0.761777 0.109557 0.0237399 0.0210986
0 0.148546 0.086859 0.0235955 0.0219667
0 0.0497853 0.976218 0.0263534 0.0195703
0 0.733874 0.81711 0.0238819 0.0201163
0 0.150556 0.886998 0.024026 0.0257684
0 0.944852 0.983552 0.0341318 0.0313533
0 0.644188 0.370589 0.0312985 0.0295764
0 0.232832 0.257061 0.0233093 0.0166187
0 0.773938 0.424114 0.0228383 0.0185317
0 0.0788535 0.0240615 0.0267682 0.0201122
0 0.152117 0.383254 0.0301019 0.025785
0 0.956703 0.222254 0.0235262 0.014199
0 0.0681236 0.326371 0.0254567 0.0240826
0 0.696083 0.0519573 0.0302066 0.0215087
0 0.240594 0.0667403 0.0264996 0.0297811
0 0.609432 0.0504124 0.0394834 0.0214383
0 0.0402094 0.769708 0.02213 0.0218231
0 0.573475 0.182688 0.0281674 0.0272068
0 0.19229 0.0360951 0.0291299 0.0276312
0 0.780708 0.381348 0.0253256 0.0215333
0 0.350176 0.0271454 0.0255374 0.017071
0 0.238972 0.34926 0.0329423 0.031805
0 0.800089 0.0422826 0.0265464 0.0194099
0 0.239072 0.0102338 0.0346186 0.0204675
0 0.713135 0.911367 0.0273308 0.0257104
0 0.804421 0.433532 0.0325583 0.0213432
0 0.996019 0.74232 0.00774503 0.0242532
0 0.98823 0.127782 0.0231694 0.0436325
0 0.0426789 0.959846 0.027641 0.0212806
0 0.12841 0.271486 0.022665 0.0275723
0 0.797381 0.823755 0.0265664 0.0241004
0 0.0519109 0.514502 0.0262438 0.0198439
0 0.655865 0.735368 0.0268669 0.0291061
0 0.969096 0.462734 0.028662 0.0322956
0 0.0116102 0.861487 0.0232203 0.0250513
0 0.130947 0.135007 0.0227068 0.0241124
0 0.356575 0.346242 0.0240723 0.0190922
0 0.365413 0.755485 0.033373 0.0306499
0 0.799299 0.0936578 0.0285665 0.0256554
0 0.702404 0.278793 0.0252287 0.0239527
0 0.856812 0.412155 0.0252354 0.0211562
0 0.442251 0.663812 0.0236915 0.0216585
0 0.970245 0.851104 0.0268164 0.0289956
0 0.0103327 0.857965 0.0206654 0.0258406
0 0.0572018 0.375149 0.0294378 0.0267252
0 0.242253 0.524841 0.024421 0.019065
0 0.451713 0.292586 0.0231216 0.0217938
0 0.590108 0.105293 0.0203726 0.0163402
0 0.176831 0.557105 0.0238086 0.0214552
0 0.441453 0.371535 0.0257808 0.0274394
0 0.0965026 0.257148 0.0299354 0.0308506
0 0.802733 0.17847 0.0288089 0.0284607
0 0.737219 0.459487 0.0283511 0.026897
0 0.318186 0.198529 0.0356042 0.0357403
0 0.780715 0.306127 0.0233057 0.0207244
0 0.0659559 0.464851 0.0248559 0.0216127
0 0.839778 0.008475 0.0248779 0.01695
0 0.431236 0.323434 0.0264717 0.0251309
0 0.599132 0.153037 0.0326787 0.021443
0 0.639086 0.273607 0.0260968 0.0262303
0 0.349691 0.12747 0.0209555 0.016163
0 0.80894 0.698263 0.0238557 0.0213562
0 0.421397 0.113066 0.0310846 0.0236011
0 0.67723 0.890849 0.0382795 0.0345862
0 0.689369 0.0799486 0.0377924 0.0284449
0 0.216972 0.87264 0.0250061 0.0226951
0 0.0974765 0.936298 0.0324541 0.0267044
0 0.876144 0.433548 0.0230789 0.0230233
0 0.595692 0.113192 0.0232916 0.0239369
0 0.112013 0.0767007 0.0300611 0.0250463
0 0.393857 0.0216532 0.0358642 0.0283862
0 0.566307 0.638688 0.021405 0.0227275
0 0.376311 0.58364 0.0304224 0.0293477
0 0.73734 0.993337 0.0251614 0.0133252
0 0.255496 0.541529 0.0293233 0.0232329
0 0.205975 0.421128 0.0274672 0.0227236
0 0.979205 0.637313 0.025506 0.0237822
0 0.874791 0.991478 0.0262839 0.0170447
0 0.965387 0.296894 0.0278586 0.0247625
0 0.178869 0.00697207 0.0236239 0.0139441
0 0.129376 0.34334 0.0238255 0.0172158
0 0.732971 0.253516 0.02423 0.026359
0 0.4695 0.54105 0.0251282 0.0281327
0 0.518832 0.991016 0.0253447 0.0179685
0 0.471955 0.0175673 0.0241301 0.0226821
0 0.64241 0.383902 0.0329021 0.0197202
0 0.633702 0.743269 0.025512 0.0202748
0 0.416621 0.0418507 0.0269405 0.0185366
0 0.165437 0.725465 0.026835 0.0222084
0 0.0415998 0.776538 0.0238804 0.0317962
0 0.48817 0.544218 0.0243762 0.0240442
0 0.25638 0.266644 0.0315779 0.0322585
0 0.897054 0.649565 0.0245641 0.0262032
0 0.742693 0.286538 0.0260156 0.0269825
0 0.728764 0.0163102 0.0270439 0.0209999
0 0.988175 0.336029 0.0236496 0.0245271
0 0.405844 0.271073 0.0327608 0.0236899
0 0.973403 0.551181 0.0228809 0.0184864
0 0.215928 0.572861 0.0314171 0.0261732
0 0.535279 0.729519 0.0323724 0.0335751
0 0.0441968 0.718744 0.0256435 0.0212393
0 0.904201 0.968695 0.0300254 0.0255986
0 0.503672 0.780602 0.0234661 0.0215776
0 0.821345 0.166955 0.0225334 0.0187985
0 0.187929 0.259199 0.0255093 0.022983
0 0.771667 0.239853 0.0349066 0.0212643
0 0.288024 0.740441 0.0278714 0.0256308
0 0.0817823 0.761689 0.0240264 0.0233188
0 0.0447036 0.962589 0.0241012 0.0228245
0 0.596924 0.221179 0.0317087 0.0245983
0 0.433786 0.817503 0.0262578 0.029238
0 0.612362 0.833453 0.0185975 0.0205109
0 0.984695 0.767018 0.0276039 0.0254333
0 0.368628 0.402199 0.023678 0.0262035
0 0.576055 0.108208 0.027919 0.0253076
0 0.452594 0.424749 0.0256046 0.0236435
0 0.345242 0.405659 0.0285378 0.0209976
0 0.789351 0.479984 0.0277469 0.023167
0 0.615084 0.216403 0.0236541 0.0225844
0 0.104904 0.269041 0.028315 0.021565
0 0.821969 0.0685641 0.0324183 0.0217713
0 0.921435 0.118989 0.0183358 0.0213768
0 0.152046 0.892982 0.0263806 0.0271722
0 0.825913 0.0956358 0.0242746 0.0205608
0 0.400412 0.535091 0.0306158 0.0235252
0 0.438427 0.376532 0.0277637 0.0320607
0 0.514459 0.251504 0.0311932 0.0271312
0 0.222174 0.752491 0.0248716 0.0229862
0 0.772154 0.440452 0.0261574 0.0258093
0 0.00679301 0.845118 0.013586 0.0119478
0 0.00655505 0.760865 0.0131101 0.0196033
0 0.704597 0.711183 0.0374826 0.0249683
0 0.115588 0.0412903 0.0314591 0.0328787
0 0.990038 0.85537 0.0199233 0.021537
0 0.824606 0.0828587 0.029476 0.0177801
0 0.450594 0.579636 0.0238826 0.0248433
0 0.475372 0.230873 0.0282449 0.0235056
0 0.391263 0.101421 0.0262645 0.0195992
0 0.166229 0.820747 0.0224059 0.0249107
0 0.106019 0.958312 0.0248929 0.0218701
0 0.879048 0.430126 0.0240847 0.0260668
0 0.97529 0.0502997 0.0303094 0.0196809
0 0.941885 0.529601 0.0266603 0.0230072
0 0.652109 0.761138 0.0283142 0.0224249
0 0.754768 0.820585 0.0276443 0.0224953
0 0.740931 0.0672369 0.0266181 0.0251149
0 0.602249 0.824224 0.0267447 0.0247514
0 0.762313 0.664137 0.033402 0.0302075
0 0.262522 0.923783 0.0238428 0.0163339
0 0.882898 0.934728 0.0326932 0.0259373
0 0.0639807 0.963185 0.0217241 0.0204099
0 0.0561951 0.101516 0.01833 0.0227323
0 0.736393 0.545252 0.0278995 0.025777
0 0.331797 0.740089 0.0307377 0.0292352
0 0.390039 0.625221 0.0205834 0.0255525
0 0.654278 0.830568 0.0373214 0.0271426
0 0.248484 0.263336 0.0212792 0.0228516
0 0.606354 0.58554 0.0263324 0.0220764
0 0.152143 0.136852 0.024929 0.0275074
0 0.618944 0.561066 0.0261492 0.0243725
0 0.861055 0.292178 0.0173097 0.0196222
0 0.0630043 0.755543 0.0279348 0.0172844
0 0.0614258 0.502338 0.0289312 0.0245445
0 0.970312 0.933945 0.0237384 0.0261987
0 0.733831 0.0258976 0.0332565 0.0326546
0 0.994995 0.563328 0.00990617 0.0257553
0 0.661288 0.879478 0.0346625 0.022778
0 0.707342 0.746788 0.0283552 0.0341171
0 0.697453 0.701298 0.0350146 0.0354465
0 0.287526 0.722699 0.0301763 0.0223287
0 0.532051 0.27355 0.022698 0.0254375
0 0.729516 0.312001 0.0270274 0.0267103
0 0.571595 0.96988 0.0251009 0.0258422
0 0.065616 0.690808 0.0263848 0.021526
0 0.0737639 0.812501 0.0352066 0.026832
0 0.589774 0.566127 0.0306638 0.0228517
0 0.398704 0.646791 0.0254549 0.0238818
0 0.563713 0.752348 0.026763 0.0217943
0 0.0903756 0.00324964 0.0193795 0.00649928
0 0.179496 0.704984 0.0250113 0.0191278
0 0.806027 0.300115 0.0263751 0.0206752
0 0.523964 0.800226 0.0218987 0.0239552
0 0.23135 0.975223 0.0294767 0.0279813
0 0.990515 0.799302 0.0188645 0.0239115
0 0.365616 0.544568 0.0300627 0.0276631
0 0.825581 0.900122 0.0385694 0.025587
0 0.116613 0.770429 0.0258395 0.021459
0 0.805005 0.613995 0.025658 0.0254465
0 0.930996 0.372738 0.0202909 0.0141535
0 0.367955 0.0493722 0.0230906 0.0233097
0 0.599826 0.248443 0.0271558 0.025981
0 0.60769 0.00554608 0.0237353 0.0110922
0 0.933325 0.486031 0.0302033 0.0291384
0 0.873153 0.73488 0.0296762 0.0220053
0 0.941576 0.231403 0.040588 0.0248457
0 0.0738624 0.877341 0.0426386 0.0355048
0 0.00481648 0.181663 0.00963296 0.0219157
0 0.795347 0.954796 0.0345213 0.0279443
0 0.790176 0.402569 0.0256348 0.0230272
0 0.711765 0.557302 0.0275517 0.0251566
0 0.172055 0.300278 0.0219814 0.022068
0 0.728279 0.907584 0.024473 0.0172438
0 0.681677 0.210525 0.0261024 0.022671
0 0.830132 0.623914 0.0345634 0.0231146
0 0.538717 0.726449 0.0269318 0.028913
0 0.619694 0.0823443 0.0277705 0.0247534
0 0.820916 0.39583 0.0368135 0.0316041
0 0.965979 0.605423 0.0288334 0.0203672
0 0.900323 0.971852 0.0263225 0.0227452
0 0.584715 0.122044 0.0313625 0.0203444
