0 0.463222 0.811271 0.026094 0.0224435
0 0.020657 0.165753 0.0239696 0.0241289
0 0.541562 0.486595 0.0285094 0.0267372
0 0.844307 0.335825 0.027258 0.0247609
0 0.566256 0.466598 0.0295274 0.023385
0 0.234087 0.34654 0.0269416 0.0237723
0 0.981266 0.926441 0.0289072 0.0235275
0 0.0723199 0.972619 0.026384 0.0240183
0 0.223008 0.2181 0.0255239 0.0209771
0 0.0158532 0.861727 0.0317064 0.0210475
0 0.123804 0.206541 0.0293336 0.0232196
0 0.0444968 0.739545 0.0273053 0.0237724
0 0.507772 0.471684 0.0248768 0.0234624
0 0.239677 0.0518638 0.0272367 0.0233935
0 0.489953 0.744338 0.02496 0.020632
0 0.303315 0.292812 0.0308972 0.0262367
0 0.513373 0.5224 0.0256016 0.0218325
0 0.682197 0.991866 0.0287085 0.0162677
0 0.863291 0.479492 0.0282072 0.0245128
0 0.481315 0.199225 0.0257747 0.0200803
0 0.888353 0.989322 0.0247853 0.0213566
0 0.00784418 0.718522 0.0156884 0.022649
0 0.677688 0.110707 0.0245783 0.0237793
0 0.214287 0.609888 0.0284753 0.0201229
0 0.359774 0.822209 0.0274385 0.0248253
0 0.191795 0.636799 0.0250671 0.0227499
0 0.382892 0.30032 0.0243834 0.0236982
0 0.516165 0.232258 0.0281205 0.0221013
0 0.613326 0.0816439 0.0299057 0.0241508
0 0.504163 0.920246 0.032294 0.0294443
0 0.324736 0.496344 0.0283536 0.0227338
0 0.41265 0.130263 0.0275807 0.0224168
0 0.7212 0.248476 0.0289773 0.0248331
0 0.851238 0.882025 0.0307559 0.023203
0 0.63594 0.319048 0.0296698 0.0261595
0 0.523481 0.188048 0.028158 0.0245768
0 0.457419 0.0697989 0.0245022 0.0218977
0 0.723029 0.272953 0.026337 0.0246114
0 0.93213 0.181205 0.0260669 0.0239887
0 0.149709 0.930856 0.0246212 0.0227135
0 0.850872 0.961201 0.0256952 0.022735
0 0.82371 0.515425 0.0312531 0.0264342
0 0.774522 0.74536 0.0262758 0.0232016
0 0.28068 0.268617 0.0272035 0.0222318
0 0.105762 0.373191 0.0266917 0.0219274
0 0.6887 0.545502 0.0268639 0.0222502
0 0.513714 0.695419 0.0282386 0.0247868
0 0.789624 0.0596117 0.0239722 0.0216418
0 0.60251 0.918659 0.0238222 0.0191419
0 0.271175 0.817223 0.0290081 0.0237906
0 0.273998 0.378324 0.0275672 0.0235133
0 0.694156 0.302606 0.0320416 0.0263184
0 0.666517 0.399063 0.027771 0.0252652
0 0.402802 0.312924 0.0249384 0.0212354
0 0.109306 0.39671 0.0250041 0.0222489
0 0.948462 0.571702 0.0265298 0.0216185
0 0.386568 0.211737 0.0275551 0.0225525
0 0.161408 0.952615 0.0250616 0.023338
0 0.740216 0.375855 0.0335672 0.0266863
0 0.752309 0.0504251 0.0309862 0.028792
0 0.763053 0.268864 0.0305202 0.0275146
0 0.363488 0.418183 0.0283589 0.0227346
0 0.779577 0.101652 0.025041 0.0223404
0 0.666068 0.45639 0.0319344 0.0280921
0 0.188223 0.0622989 0.0257032 0.0222823
0 0.0273882 0.33187 0.0228935 0.0216576
0 0.015281 0.886303 0.0305619 0.0222989
0 0.0772418 0.453298 0.0232376 0.0205286
0 0.114935 0.72554 0.0301023 0.0252447
0 0.99033 0.345007 0.0193399 0.021478
0 0.807535 0.862676 0.0257534 0.0191804
0 0.161164 0.0672176 0.0250517 0.0238333
0 0.486465 0.271331 0.0259438 0.0248815
0 0.521341 0.990373 0.0323154 0.0192545
0 0.32165 0.372582 0.0258943 0.0228033
0 0.809398 0.111679 0.025443 0.0222273
0 0.347109 0.0616144 0.026025 0.0235227
0 0.336198 0.77503 0.0283345 0.0254694
0 0.463677 0.96965 0.0260411 0.0224805
0 0.751535 0.633642 0.0253244 0.021544
0 0.195891 0.909542 0.0296584 0.0274076
0 0.211428 0.149972 0.0229546 0.0212994
0 0.744303 0.828375 0.0297589 0.0240947
0 0.0488168 0.529291 0.0324173 0.0282813
0 0.489708 0.549354 0.0230601 0.0227383
0 0.0524219 0.84887 0.0264625 0.0242129
0 0.640554 0.28708 0.0262224 0.023131
0 0.589026 0.318762 0.025676 0.0222956
0 0.0104373 0.83225 0.0208746 0.0253415
0 0.721652 0.501662 0.0387033 0.0236145
0 0.195398 0.875345 0.0297566 0.0240373
0 0.334835 0.188786 0.0275089 0.0223666
0 0.238296 0.671296 0.0258948 0.0244291
0 0.360972 0.495469 0.0247266 0.0228615
0 0.987791 0.471185 0.0244173 0.0258366
0 0.338566 0.672376 0.02599 0.0229822
0 0.537508 0.639568 0.0331043 0.0227569
0 0.422063 0.338412 0.0294865 0.0260411
0 0.0555127 0.822238 0.027101 0.0238385
0 0.795419 0.733505 0.0298502 0.0258017
0 0.33855 0.390878 0.0268694 0.0289435
0 0.355962 0.758897 0.0289586 0.025574
0 0.243065 0.722869 0.0321636 0.026149
0 0.40069 0.601521 0.0248193 0.0242203
0 0.416095 0.0915002 0.0326446 0.0262314
0 0.0824242 0.258483 0.0264248 0.0240923
0 0.329061 0.836532 0.0289313 0.0237683
0 0.721218 0.60749 0.0241661 0.0220204
0 0.187255 0.582542 0.0298964 0.0257769
0 0.879691 0.221014 0.0255396 0.0209769
0 0.434534 0.236568 0.0293253 0.0249643
0 0.3664 0.669792 0.0308383 0.0255194
0 0.96016 0.305603 0.0334155 0.026833
0 0.411036 0.410095 0.0229838 0.0216272
0 0.383277 0.980441 0.030449 0.0227461
0 0.953661 0.233239 0.0244402 0.0242319
0 0.686753 0.418507 0.0276911 0.0214705
0 0.387183 0.751358 0.0293542 0.0242296
0 0.73472 0.950351 0.0298184 0.0257512
0 0.963014 0.409044 0.030332 0.0204885
0 0.609006 0.423221 0.0267763 0.0231728
0 0.841695 0.984022 0.0253427 0.0238727
0 0.543507 0.707018 0.0261528 0.0242534
0 0.650278 0.0173642 0.0267504 0.0242048
0 0.441846 0.59801 0.0240345 0.0240719
0 0.532551 0.152272 0.0336939 0.0278761
0 0.889461 0.892362 0.0258447 0.0230365
0 0.536713 0.0927783 0.0304884 0.0229327
0 0.123129 0.336947 0.0262143 0.0240717
0 0.202063 0.242173 0.0233817 0.0232486
0 0.648007 0.231333 0.0378983 0.0265504
0 0.162473 0.174473 0.0311498 0.01827
0 0.373881 0.113119 0.0249719 0.0224109
0 0.637904 0.486591 0.0274233 0.0241341
0 0.883057 0.349443 0.0278983 0.0264896
0 0.974936 0.984389 0.0309241 0.0263321
0 0.864464 0.936165 0.0263034 0.0220352
0 0.361959 0.616315 0.024592 0.0220271
0 0.335656 0.12831 0.0288103 0.02468
0 0.960371 0.90574 0.0272955 0.0239377
0 0.285416 0.201539 0.0293378 0.0220985
0 0.863175 0.994145 0.0314096 0.0117105
0 0.468606 0.0062139 0.0252928 0.0124278
0 0.239262 0.380599 0.0255535 0.0228672
0 0.214113 0.643694 0.0262723 0.0227127
0 0.852468 0.845036 0.0287496 0.022713
0 0.495753 0.623566 0.0256311 0.0227715
0 0.608441 0.769378 0.0226337 0.0207294
0 0.901873 0.084277 0.0264726 0.0218722
0 0.129388 0.569833 0.024352 0.0230797
0 0.0763345 0.162046 0.0291345 0.0239468
0 0.0387085 0.404362 0.0262768 0.0224159
0 0.575807 0.503173 0.0365073 0.0252056
0 0.127434 0.0463203 0.0270112 0.0228166
0 0.433558 0.308063 0.0256238 0.0249293
0 0.46435 0.691604 0.0262229 0.0228206
0 0.603208 0.120681 0.0284966 0.0241388
0 0.405715 0.0381371 0.0280854 0.0240492
0 0.37319 0.727161 0.0314644 0.0184008
0 0.631787 0.374233 0.0264205 0.023708
0 0.00560209 0.324774 0.0112042 0.0230054
0 0.660479 0.500797 0.0222888 0.021703
0 0.309628 0.393247 0.0296689 0.0279294
0 0.774529 0.421384 0.0245373 0.020947
0 0.83185 0.79181 0.0307761 0.0237363
0 0.567098 0.70424 0.0253224 0.0230297
0 0.338061 0.0919859 0.0335463 0.024497
0 0.267829 0.423588 0.0267811 0.022058
0 0.200992 0.327239 0.0340681 0.0191718
0 0.770247 0.289451 0.0243448 0.0233852
0 0.348631 0.329519 0.0250016 0.0232761
0 0.691526 0.335809 0.0266322 0.0240631
0 0.687025 0.278122 0.024288 0.0257712
0 0.617433 0.293993 0.032587 0.0220769
0 0.89156 0.304975 0.0282843 0.0220296
0 0.599573 0.948894 0.0250807 0.0241281
0 0.441109 0.993655 0.0276277 0.0126903
0 0.393148 0.645442 0.0251263 0.0207779
0 0.113233 0.770375 0.0314843 0.0255939
0 0.994457 0.890108 0.0110866 0.0245011
0 0.655288 0.177422 0.0311983 0.0290564
0 0.424738 0.056423 0.0294077 0.0217037
0 0.245129 0.775174 0.0284454 0.0250797
0 0.257398 0.694671 0.0266147 0.0243231
0 0.113116 0.288205 0.0221908 0.0218651
0 0.404421 0.576425 0.0305267 0.02934
0 0.295626 0.85782 0.0369061 0.0217279
0 0.983989 0.659 0.0292789 0.0267997
0 0.107531 0.635621 0.0262977 0.0231525
0 0.756528 0.523983 0.0303615 0.0264295
0 0.503394 0.0419141 0.0232155 0.0211506
0 0.628793 0.453797 0.024525 0.0235929
0 0.590949 0.0645078 0.0235959 0.0172437
0 0.136628 0.176924 0.0274272 0.022808
0 0.809012 0.418648 0.0286716 0.0256926
0 0.524474 0.621402 0.0262454 0.0230168
0 0.609904 0.545145 0.0248947 0.0222071
0 0.0703198 0.722746 0.0260294 0.0210074
0 0.161877 0.443962 0.0277955 0.0229083
0 0.869201 0.791808 0.0271173 0.0187979
0 0.0430755 0.151225 0.0273145 0.0277762
0 0.161518 0.840742 0.022296 0.0224199
0 0.0959616 0.831093 0.0311649 0.0290961
0 0.351739 0.641618 0.0283916 0.0257372
0 0.505802 0.666698 0.0253899 0.0233585
0 0.722666 0.773713 0.0317878 0.023149
0 0.948511 0.345834 0.0237784 0.0265381
0 0.67819 0.208649 0.0338498 0.036217
0 0.12323 0.266578 0.0281122 0.0230765
0 0.415608 0.990866 0.0272859 0.0182688
0 0.918635 0.3094 0.0310776 0.0209874
0 0.733137 0.308111 0.0236488 0.0211469
0 0.488056 0.314473 0.0282214 0.0234344
0 0.266708 0.160216 0.0269412 0.0268382
0 0.60438 0.451363 0.0310606 0.0277257
0 0.682307 0.962641 0.0250511 0.0242682
0 0.457332 0.100769 0.0287169 0.0295918
0 0.758758 0.0195696 0.0254077 0.0232293
0 0.744318 0.221738 0.0301232 0.0294818
0 0.225621 0.509536 0.0321793 0.030568
0 0.459939 0.0333419 0.0234401 0.0217188
0 0.489621 0.172927 0.0296167 0.0245558
0 0.986422 0.777146 0.0271562 0.0259666
0 0.274657 0.991279 0.0296361 0.0174412
0 0.462281 0.231919 0.0261876 0.0239058
0 0.176739 0.660734 0.0244294 0.0254608
0 0.662208 0.797441 0.0305121 0.0248727
0 0.519211 0.571933 0.0256004 0.0243455
0 0.487245 0.993726 0.0268117 0.0125486
0 0.179982 0.264857 0.0270176 0.022366
0 0.076425 0.201154 0.030558 0.0279069
0 0.340212 0.716287 0.0274988 0.0250592
0 0.503649 0.648216 0.0243535 0.0234387
0 0.699962 0.0834484 0.0246542 0.0230644
0 0.878251 0.968487 0.029339 0.0219505
0 0.847858 0.0546595 0.0256492 0.0243409
0 0.561561 0.374483 0.0248354 0.0234398
0 0.309533 0.672182 0.0250758 0.0222067
0 0.331394 0.257859 0.0329347 0.0266549
0 0.728102 0.691574 0.0238147 0.0223102
0 0.904147 0.493019 0.0282636 0.026534
0 0.80952 0.988716 0.0353488 0.0225675
0 0.351937 0.229936 0.0270601 0.0257065
0 0.804945 0.330542 0.0268384 0.0234137
0 0.0900181 0.555078 0.0401783 0.0241436
0 0.239449 0.619797 0.02501 0.0225995
0 0.578517 0.88046 0.0330061 0.0312126
0 0.46288 0.559998 0.0245477 0.0195667
0 0.485348 0.0243682 0.0277287 0.0223137
0 0.373775 0.0350625 0.0293882 0.025605
0 0.571799 0.0542007 0.0237483 0.021477
0 0.206947 0.743136 0.0258162 0.0226092
0 0.0405516 0.446653 0.0241552 0.0230695
0 0.49071 0.221871 0.0253299 0.0246006
0 0.912186 0.721875 0.034393 0.0299911
0 0.563108 0.543931 0.0261932 0.022866
0 0.871012 0.261674 0.0254585 0.0239744
0 0.990777 0.686467 0.0184456 0.0315787
0 0.848646 0.0325526 0.0267612 0.0186463
0 0.80163 0.464506 0.0239497 0.0248236
0 0.770481 0.547505 0.0390936 0.0307425
0 0.0846023 0.0537773 0.0311573 0.0225876
0 0.959308 0.194366 0.0259345 0.0228887
0 0.342046 0.00652425 0.0244359 0.0130485
0 0.614867 0.171318 0.0292214 0.0363325
0 0.913277 0.77255 0.0376721 0.0248038
0 0.249787 0.29006 0.0232826 0.0244886
0 0.423635 0.795889 0.0456409 0.0311862
0 0.640078 0.254061 0.0280566 0.0240323
0 0.326239 0.732881 0.0317816 0.0284886
0 0.572192 0.636791 0.0289525 0.0222681
0 0.00813646 0.392969 0.0162729 0.0215126
0 0.221601 0.899443 0.0278123 0.0251048
0 0.360013 0.553003 0.0272292 0.0242208
0 0.783966 0.203603 0.0274498 0.0217394
0 0.482929 0.673301 0.0264743 0.0258957
0 0.978605 0.123993 0.0238806 0.0192771
0 0.539911 0.390593 0.0233678 0.0182863
0 0.832539 0.220613 0.0268895 0.0260349
0 0.030415 0.310905 0.0275947 0.021878
0 0.59725 0.821991 0.0269428 0.0216115
0 0.484607 0.416159 0.0290912 0.0244758
0 0.903263 0.916876 0.0292377 0.0253444
0 0.158638 0.701674 0.0284119 0.0248966
0 0.55386 0.900469 0.0410254 0.0259929
0 0.0312248 0.48995 0.0391489 0.0224361
0 0.20499 0.776551 0.0343449 0.0241416
0 0.176884 0.209703 0.0232851 0.023227
0 0.823959 0.0872296 0.0229465 0.0214779
0 0.0192781 0.462543 0.0245024 0.0243503
0 0.84198 0.910958 0.0243798 0.0233673
0 0.286291 0.0623938 0.0301845 0.024347
0 0.262326 0.13292 0.0329867 0.0242477
0 0.592635 0.216346 0.0260198 0.0213651
0 0.382804 0.405684 0.0254642 0.0220416
0 0.470488 0.690076 0.0369099 0.0236264
0 0.0519733 0.665526 0.024333 0.0217058
0 0.8541 0.233293 0.0259802 0.0226168
0 0.386038 0.00849833 0.0270767 0.0169967
0 0.638929 0.963719 0.0233744 0.0224255
0 0.0969245 0.586645 0.0293985 0.0257379
0 0.799169 0.971408 0.0273871 0.0212192
0 0.297908 0.485416 0.027199 0.0261804
0 0.804324 0.0320399 0.0257825 0.0230547
0 0.688157 0.590684 0.0331972 0.029426
0 0.825398 0.608672 0.0299246 0.0256177
0 0.80414 0.0800746 0.024219 0.0239011
0 0.609218 0.355035 0.0267856 0.0231773
0 0.534184 0.953427 0.0303665 0.0225116
0 0.0774107 0.865117 0.0316185 0.0245669
0 0.20109 0.795652 0.0261732 0.0222934
0 0.436084 0.739954 0.0315181 0.0209531
0 0.161868 0.632484 0.0258087 0.0286054
0 0.306351 0.542662 0.0249908 0.0213977
0 0.956604 0.0942878 0.026651 0.0232375
0 0.344206 0.0269869 0.0302958 0.0267491
0 0.116579 0.794135 0.0250263 0.0224063
0 0.210399 0.852947 0.0391687 0.0223361
0 0.776939 0.489675 0.026857 0.0259109
0 0.655156 0.358339 0.0285979 0.0240127
0 0.990602 0.399281 0.0187811 0.024223
0 0.869198 0.522212 0.028206 0.0251715
0 0.247486 0.407731 0.0216677 0.0206894
0 0.026575 0.790642 0.0294627 0.0244989
0 0.271497 0.645445 0.0266585 0.0227649
0 0.189913 0.554551 0.0231365 0.0227438
0 0.411769 0.736963 0.02612 0.0226892
0 0.166482 0.106565 0.0225518 0.0214644
0 0.670742 0.0813326 0.029318 0.024131
0 0.713315 0.115886 0.0270844 0.0264233
0 0.929154 0.25628 0.0331255 0.0255219
0 0.107567 0.324334 0.0222975 0.0223557
0 0.718854 0.565695 0.0267217 0.0245445
0 0.0498308 0.0716433 0.0347696 0.0249362
0 0.496002 0.969079 0.0396082 0.0314236
0 0.319752 0.475543 0.0248272 0.0218225
0 0.824544 0.38826 0.0251277 0.0244286
0 0.288573 0.960764 0.0356631 0.026283
0 0.188061 0.294134 0.0253445 0.0231875
0 0.220729 0.915917 0.0242275 0.0197182
0 0.810752 0.364214 0.0234332 0.0208995
0 0.154995 0.589501 0.0288162 0.028429
0 0.377532 0.328905 0.0260725 0.0215635
0 0.992075 0.417835 0.0158505 0.0175942
0 0.813073 0.909246 0.0309346 0.025802
0 0.218539 0.255467 0.0254619 0.0216694
0 0.543329 0.796643 0.0256491 0.0219678
0 0.547351 0.334925 0.0243946 0.0227021
0 0.141742 0.799437 0.0272112 0.0299914
0 0.54772 0.0614061 0.0300334 0.0209489
0 0.927624 0.812904 0.0249878 0.0248015
0 0.364863 0.38021 0.0266385 0.0234746
0 0.701147 0.164507 0.0300331 0.0248592
0 0.429778 0.509593 0.0191489 0.0226064
0 0.684491 0.90369 0.027641 0.0217324
0 0.298517 0.441858 0.0346482 0.0283913
0 0.384214 0.378537 0.0241621 0.0246072
0 0.483044 0.248991 0.0283673 0.0229686
0 0.531621 0.75116 0.0279992 0.0288422
0 0.434267 0.651439 0.0331683 0.0250196
0 0.819258 0.313592 0.0239556 0.0162889
0 0.912076 0.872752 0.0248676 0.0286605
0 0.095339 0.741006 0.030043 0.025679
0 0.664262 0.153297 0.0267267 0.0222687
0 0.507897 0.29023 0.0296991 0.0241341
0 0.180086 0.713931 0.0258982 0.0231991
0 0.603112 0.512351 0.0274996 0.0244507
0 0.582026 0.188941 0.0290076 0.022047
0 0.300997 0.981047 0.0262253 0.0204962
0 0.0649091 0.333841 0.0219197 0.0209474
0 0.610806 0.241237 0.0263923 0.0262943
0 0.639505 0.162956 0.0256892 0.0231222
0 0.0806048 0.308923 0.0241155 0.0219511
0 0.991152 0.136034 0.0176346 0.0260437
0 0.445847 0.831607 0.0275273 0.0231682
0 0.916187 0.838529 0.0292633 0.026073
0 0.694178 0.492742 0.0252905 0.0242807
0 0.122571 0.611299 0.0250808 0.0194266
0 0.864496 0.281922 0.0276961 0.025535
0 0.729395 0.0222276 0.0343472 0.0244279
0 0.0702566 0.743333 0.0276485 0.0229653
0 0.423557 0.38498 0.0281617 0.0240347
0 0.14124 0.763765 0.0268179 0.0261044
0 0.263701 0.442771 0.0266494 0.0215549
0 0.0304508 0.610177 0.0262854 0.0262007
0 0.0913339 0.338262 0.0231204 0.0178284
0 0.613287 0.0126395 0.0287874 0.024125
0 0.341201 0.277849 0.0256827 0.0241919
0 0.609794 0.981103 0.0278595 0.0209383
0 0.673783 0.722341 0.0311868 0.0248901
0 0.765085 0.215528 0.0249727 0.0232941
0 0.758285 0.79689 0.0294081 0.0265735
0 0.812635 0.764436 0.0234674 0.0243469
0 0.214893 0.126944 0.0241526 0.0197139
0 0.479539 0.394497 0.0218565 0.0189583
0 0.697455 0.0196023 0.0324091 0.019
0 0.973766 0.515831 0.0268399 0.022607
0 0.961193 0.428052 0.0289194 0.0241457
0 0.109708 0.50808 0.025259 0.0234513
0 0.409496 0.501749 0.0237827 0.0206929
0 0.10258 0.26168 0.0198418 0.0223333
0 0.16673 0.411729 0.0285747 0.0240927
0 0.0994143 0.151468 0.0262728 0.0231803
0 0.806216 0.00941209 0.0272248 0.0188242
0 0.346959 0.589111 0.0291985 0.029209
0 0.539989 0.840883 0.0336596 0.0222241
0 0.619905 0.521823 0.025309 0.0262179
0 0.394199 0.440008 0.0274645 0.0227416
0 0.256991 0.539708 0.0320831 0.0247369
0 0.715882 0.0676226 0.0269119 0.0221937
0 0.741656 0.093155 0.0243202 0.0179092
0 0.940906 0.787686 0.0264327 0.0270123
0 0.501653 0.036357 0.0202993 0.0241118
0 0.700515 0.391579 0.0258345 0.023735
0 0.821223 0.305039 0.031444 0.0246315
0 0.271014 0.485903 0.0244675 0.0245679
0 0.71628 0.748356 0.0302162 0.0299875
0 0.790639 0.225441 0.0204791 0.0230339
0 0.892809 0.253872 0.0250286 0.0196639
0 0.978166 0.236403 0.0292781 0.0219079
0 0.688982 0.36787 0.0357376 0.0321333
0 0.0543582 0.83784 0.0282585 0.0356308
0 0.359308 0.491661 0.0278115 0.0259205
0 0.892609 0.934348 0.0241526 0.018779
0 0.41737 0.458447 0.0263824 0.0233673
0 0.124301 0.419607 0.0315241 0.0232318
0 0.0525888 0.923184 0.0252655 0.0229074
0 0.162445 0.803391 0.0207613 0.0235615
0 0.967964 0.0308404 0.0237753 0.0214939
0 0.474939 0.0529568 0.0250886 0.0239463
0 0.562824 0.212743 0.022257 0.0188833
0 0.611853 0.245909 0.0278312 0.0341822
0 0.319736 0.165884 0.0257383 0.0215405
0 0.470194 0.735866 0.0255151 0.0232925
0 0.368576 0.265432 0.0330761 0.028319
0 0.677027 0.247912 0.0309738 0.0228728
0 0.764861 0.327999 0.0374902 0.0269875
0 0.21944 0.385619 0.0256019 0.0210947
0 0.635988 0.79186 0.0258366 0.0216428
0 0.989976 0.438483 0.0200026 0.0220044
0 0.692939 0.436994 0.0247302 0.0206252
0 0.951445 0.698283 0.0220476 0.0268613
0 0.612364 0.254322 0.0268112 0.0228529
0 0.17098 0.245645 0.0236355 0.0197938
0 0.974838 0.453976 0.0229169 0.0212754
0 0.409868 0.268431 0.0240845 0.024665
0 0.0249437 0.840218 0.0172112 0.0212442
0 0.882794 0.396102 0.0244263 0.0211791
0 0.134084 0.669402 0.0307856 0.0282761
0 0.711689 0.437614 0.0210217 0.0214099
0 0.138888 0.855299 0.0227139 0.0201697
0 0.302237 0.574416 0.0228442 0.0217175
0 0.172079 0.0228083 0.025244 0.0211641
0 0.197841 0.456215 0.0342216 0.0238159
0 0.524218 0.0111215 0.0294886 0.0222431
0 0.475609 0.296386 0.028517 0.0215748
0 0.0336098 0.269342 0.0330822 0.0221653
0 0.214559 0.106743 0.0302766 0.0243709
0 0.899574 0.284078 0.0349914 0.0208135
0 0.792588 0.265517 0.0267325 0.0249889
0 0.603801 0.402551 0.0230932 0.0207735
0 0.685352 0.369922 0.029017 0.0273119
0 0.839722 0.36471 0.0339136 0.0240396
0 0.833392 0.0193958 0.0297766 0.0237984
0 0.55354 0.815944 0.0248482 0.0213224
0 0.313856 0.318616 0.0271711 0.0273332
0 0.874136 0.913222 0.028468 0.0220181
0 0.415606 0.824717 0.0375708 0.0242156
0 0.755073 0.870227 0.0256119 0.026994
0 0.587632 0.384504 0.0251205 0.0257583
0 0.285041 0.322614 0.0259916 0.0211978
0 0.0276714 0.83258 0.0220725 0.0324295
0 0.866295 0.726814 0.030993 0.0250171
0 0.75679 0.0849407 0.0243555 0.024542
0 0.625142 0.905437 0.0323375 0.0261768
0 0.698067 0.666379 0.0236468 0.0277209
0 0.0321812 0.827126 0.0266417 0.022207
0 0.0430227 0.772832 0.0267716 0.0303109
0 0.235116 0.437257 0.0264249 0.0225078
0 0.644771 0.810578 0.0276814 0.0211592
0 0.636317 0.966904 0.0265447 0.0286053
0 0.483052 0.680185 0.0254931 0.0288122
0 0.536737 0.372407 0.0281194 0.0206676
0 0.143963 0.124433 0.0307826 0.0259274
0 0.84992 0.615024 0.0320267 0.0261412
0 0.41077 0.621985 0.0279459 0.0233229
0 0.591641 0.258301 0.0206899 0.0248256
0 0.955079 0.552469 0.0303565 0.0204873
0 0.828788 0.264526 0.0265566 0.0207322
0 0.571512 0.179534 0.0251132 0.0218019
0 0.860388 0.113008 0.0304643 0.0227398
0 0.0947708 0.283434 0.0251486 0.0250772
0 0.439578 0.381858 0.0255263 0.0260538
0 0.224731 0.197238 0.0317509 0.0163434
0 0.108171 0.679973 0.0260407 0.0230756
0 0.937514 0.0917908 0.020045 0.0210644
0 0.462088 0.656507 0.0232829 0.0228437
0 0.172034 0.971896 0.0236571 0.0202565
0 0.772882 0.720174 0.0260428 0.0204797
0 0.216379 0.829373 0.0298816 0.0272312
0 0.23816 0.798945 0.0374389 0.0254111
0 0.388845 0.478494 0.0255605 0.0233702
0 0.203541 0.0108029 0.0247368 0.0216057
0 0.439677 0.0218086 0.0252367 0.0226734
0 0.0865328 0.132922 0.0357471 0.0299658
0 0.547284 0.0441446 0.0284913 0.0200216
0 0.153765 0.585595 0.0290252 0.019541
0 0.824548 0.471823 0.0316281 0.0248128
0 0.52638 0.311556 0.0292317 0.0197494
0 0.580819 0.856459 0.022178 0.0195264
0 0.233153 0.478258 0.0268138 0.0257729
0 0.726246 0.0750357 0.0239801 0.0253506
0 0.212861 0.555729 0.0319799 0.0253725
0 0.767326 0.402551 0.0218855 0.021229
0 0.299905 0.122631 0.0239982 0.0267416
0 0.142993 0.00794615 0.02989 0.0158923
0 0.436675 0.258801 0.0254523 0.0209287
0 0.829855 0.0939562 0.0230749 0.0176781
0 0.266489 0.426551 0.0304106 0.0275207
0 0.523727 0.818673 0.030555 0.0263467
0 0.289387 0.052435 0.0275265 0.0247712
0 0.769981 0.541716 0.0384442 0.020866
0 0.929194 0.291876 0.0243811 0.0189944
0 0.604207 0.794075 0.0327803 0.027438
0 0.243037 0.312372 0.0293388 0.023742
0 0.0797597 0.673292 0.0329789 0.0252437
0 0.892211 0.462126 0.0285225 0.0237404
0 0.994794 0.306701 0.0103357 0.0212134
0 0.634685 0.983479 0.0277355 0.0225735
0 0.384646 0.992882 0.0298224 0.0142357
0 0.463789 0.273672 0.0223815 0.0237865
0 0.116904 0.288941 0.0295772 0.0278329
0 0.0665285 0.396881 0.0281787 0.0202715
0 0.706415 0.724976 0.0188864 0.0181915
0 0.0342671 0.830418 0.0243694 0.026051
0 0.0827949 0.623989 0.0238642 0.0201845
0 0.973836 0.700746 0.0297783 0.0185779
0 0.821682 0.301248 0.0324097 0.0182707
0 0.98978 0.479438 0.0203632 0.0411337
0 0.939126 0.38004 0.0229016 0.0242563
0 0.945621 0.666296 0.0337399 0.027561
0 0.573761 0.182804 0.0311635 0.0271764
0 0.512439 0.791727 0.0278023 0.0266232
0 0.287179 0.0581123 0.0313929 0.0322768
0 0.348608 0.984476 0.0371516 0.0293555
0 0.721589 0.993068 0.0257004 0.0138643
0 0.150133 0.398516 0.0260972 0.0210105
0 0.0246778 0.573753 0.035129 0.027693
0 0.560532 0.547176 0.0263737 0.0236593
0 0.421518 0.825391 0.0293424 0.0252188
0 0.270199 0.481649 0.0261256 0.0311934
0 0.698287 0.238952 0.0230377 0.0209354
0 0.423167 0.768527 0.0301627 0.0286342
0 0.0360451 0.251818 0.0267084 0.020371
0 0.944119 0.965781 0.0352942 0.0243016
0 0.845965 0.972688 0.0327321 0.0265815
0 0.0810339 0.0924453 0.0295478 0.0259016
0 0.436532 0.165742 0.0267636 0.0239458
0 0.297274 0.573434 0.0323486 0.0240955
0 0.0508178 0.324903 0.0214015 0.0226621
0 0.429072 0.384588 0.0364068 0.0274791
0 0.993909 0.226957 0.0121604 0.0215665
0 0.828756 0.268873 0.0288284 0.0268152
0 0.772337 0.618712 0.0237106 0.0231277
0 0.634159 0.690084 0.0299508 0.0262628
0 0.729186 0.724408 0.0274631 0.0244177
0 0.673525 0.863985 0.0261784 0.0253403
0 0.610344 0.994981 0.0386282 0.0100383
0 0.588068 0.431252 0.02573 0.0151512
0 0.0459812 0.838462 0.0208835 0.0174322
0 0.804579 0.320928 0.0247778 0.0282339
0 0.299825 0.638191 0.0257332 0.0231698
0 0.868593 0.674448 0.0249121 0.0230069
0 0.254985 0.412359 0.0147575 0.0203726
0 0.1621 0.508207 0.0214761 0.0170547
0 0.674734 0.250909 0.0358423 0.0275446
0 0.627508 0.777594 0.0214777 0.0163126
0 0.396428 0.847373 0.0245795 0.0225644
0 0.589123 0.664537 0.0341708 0.0256945
0 0.25015 0.00853402 0.0226596 0.017068
0 0.64922 0.747938 0.0238584 0.0250494
0 0.642533 0.0766451 0.032052 0.0302154
0 0.524754 0.587069 0.0233985 0.0202954
0 0.428887 0.845838 0.0264536 0.0209418
0 0.283897 0.572416 0.0232991 0.0228894
0 0.0627014 0.85463 0.0179857 0.0235646
0 0.325964 0.9887 0.0300132 0.0220917
0 0.719984 0.968165 0.0272468 0.0275528
0 0.692971 0.669749 0.0333813 0.0316697
0 0.299057 0.542443 0.0383477 0.0212039
0 0.84375 0.592242 0.0319723 0.0259174
0 0.646085 0.613546 0.0263875 0.0225812
0 0.744924 0.440114 0.0343012 0.0213783
0 0.588789 0.752565 0.0215336 0.0222434
0 0.823296 0.670914 0.0302124 0.0260183
0 0.423728 0.647528 0.0244191 0.0260314
0 0.115015 0.450316 0.0329918 0.0196072
0 0.663252 0.766629 0.032236 0.0266253
0 0.0841296 0.471957 0.0284329 0.0199391
0 0.201112 0.0962281 0.0221917 0.0208725
0 0.85853 0.308154 0.0312762 0.0242378
0 0.522393 0.579598 0.0290784 0.033315
0 0.227656 0.410372 0.0214693 0.023517
0 0.177506 0.762484 0.0311107 0.0285376
0 0.63547 0.546266 0.0287078 0.0205423
0 0.393466 0.554583 0.0263165 0.0161009
0 0.773622 0.402957 0.0333095 0.0226536
0 0.392452 0.479145 0.0341357 0.0262071
0 0.87328 0.812231 0.0303424 0.0221981
0 0.549236 0.777426 0.0248612 0.0215103
0 0.154187 0.577716 0.0271415 0.0247515
0 0.450416 0.631299 0.0292094 0.0242233
0 0.162728 0.955991 0.0279623 0.0266252
0 0.898442 0.131262 0.048265 0.0272162
0 0.579364 0.868523 0.030846 0.0323086
0 0.8674 0.276601 0.0305725 0.0256827
0 0.126282 0.995983 0.029525 0.008035
0 0.689455 0.944962 0.0211555 0.0213209
0 0.949034 0.833299 0.0247879 0.0226617
0 0.428813 0.952501 0.0379829 0.0312293
0 0.355672 0.296184 0.0307588 0.0230814
0 0.0199585 0.66842 0.0246404 0.024636
0 0.466719 0.972395 0.0314571 0.0251302
0 0.978306 0.176168 0.0285783 0.0213947
0 0.987643 0.594918 0.0247138 0.0275506
0 0.274317 0.975103 0.0257354 0.0197165
0 0.748356 0.99165 0.0332834 0.0167
0 0.734876 0.356057 0.0369046 0.022408
0 0.0821208 0.101936 0.0286942 0.0281609
0 0.593879 0.702414 0.0250003 0.0261996
0 0.978109 0.978398 0.0315505 0.0325998
0 0.651848 0.00654416 0.0311317 0.0130883
0 0.950323 0.727656 0.0226959 0.0217175
0 0.675838 0.491361 0.0193754 0.0210382
0 0.989362 0.0757546 0.0212758 0.0253723
0 0.53424 0.949951 0.0323446 0.0309162
0 0.773228 0.713999 0.0282498 0.0324554
0 0.156666 0.824518 0.0296875 0.0193192
0 0.571069 0.76823 0.0268869 0.0238994
0 0.323918 0.986275 0.023824 0.024537
0 0.809074 0.130585 0.025263 0.0207829
0 0.781509 0.90002 0.0420999 0.0263653
0 0.157367 0.830777 0.029949 0.0320566
0 0.973797 0.84261 0.0308276 0.0250008
0 0.907318 0.573013 0.0304166 0.0236531
0 0.578166 0.184877 0.0363891 0.0301622
0 0.305107 0.235571 0.0331451 0.0284517
0 0.241983 0.153506 0.0254768 0.0210287
0 0.728546 0.0844063 0.0214801 0.0212498
0 0.54152 0.862334 0.0252403 0.0224121
0 0.889261 0.128559 0.0351669 0.025261
0 0.598298 0.703494 0.0344636 0.0263232
0 0.00757864 0.134024 0.0151573 0.0223759
0 0.944449 0.594751 0.0292853 0.025176
0 0.698727 0.262475 0.0220749 0.0241797
0 0.069577 0.610815 0.0210468 0.0218253
0 0.421414 0.457726 0.0334834 0.0258375
0 0.986072 0.553521 0.0278568 0.0264723
0 0.553706 0.300245 0.0358615 0.0251282
0 0.338753 0.265069 0.0245966 0.0135809
0 0.823036 0.994706 0.0228046 0.0105885
0 0.88586 0.905824 0.0264814 0.0183182
0 0.487966 0.225208 0.0298259 0.0285949
0 0.490551 0.166223 0.0284506 0.0327054
0 0.663394 0.671272 0.0278589 0.0227452
0 0.107239 0.388368 0.0280913 0.0289595
0 0.224197 0.201336 0.0309092 0.0197195
0 0.504797 0.654157 0.0267448 0.0329323
0 0.68489 0.965246 0.0285596 0.0266528
0 0.928613 0.287127 0.0267355 0.0275165
0 0.803394 0.548835 0.0266603 0.0218152
0 0.605079 0.1077 0.02758 0.0223266
0 0.486473 0.180879 0.032502 0.0357969
0 0.944036 0.670724 0.0368465 0.0366695
0 0.988141 0.893052 0.0213684 0.0249165
0 0.814552 0.956163 0.0312476 0.0251752
0 0.745529 0.456463 0.0273511 0.0213811
0 0.873503 0.82984 0.0288971 0.0241295
0 0.301278 0.232754 0.0256332 0.0229919
0 0.104195 0.322352 0.0288872 0.0249709
0 0.213115 0.436308 0.0221495 0.0233865
0 0.162361 0.639534 0.0246881 0.025371
0 0.311403 0.309861 0.0300854 0.0185094
0 0.283366 0.0403996 0.0286734 0.0199114
0 0.322419 0.376651 0.0274076 0.0249556
0 0.945941 0.590212 0.0309563 0.0311032
0 0.938585 0.47299 0.0261799 0.0233842
0 0.649823 0.0044371 0.0281818 0.00887419
0 0.58031 0.5584 0.0231737 0.0231787
0 0.981629 0.455212 0.0317053 0.0240038
0 0.912315 0.0624906 0.0334942 0.0232712
0 0.321737 0.485277 0.0254952 0.025272
0 0.904549 0.77247 0.0244721 0.0240329
0 0.485491 0.275365 0.0269211 0.0313459
0 0.76085 0.475554 0.024518 0.0210317
0 0.762549 0.958097 0.0292777 0.0225543
0 0.981586 0.6183 0.0296869 0.0268604
0 0.293662 0.542388 0.0284857 0.0197185
0 0.983268 0.730108 0.0334635 0.0334466
0 0.268541 0.634928 0.0290624 0.0324259
0 0.043724 0.155857 0.0274063 0.0285497
0 0.533587 0.938031 0.0246348 0.0162188
0 0.155825 0.404993 0.0246718 0.0223041
0 0.0197087 0.693724 0.0249213 0.025354
0 0.483969 0.994323 0.036859 0.0113539
0 0.065388 0.414609 0.0271596 0.0188717
0 0.00879939 0.18559 0.0175988 0.0181508
0 0.478343 0.292979 0.0342003 0.0260897
0 0.160691 0.209039 0.0185312 0.0254694
0 0.769194 0.1739 0.0262201 0.0227474
0 0.604097 0.705258 0.028906 0.0248642
0 0.741717 0.56323 0.0219195 0.0222346
0 0.597588 0.217274 0.0337934 0.0217969
0 0.716667 0.117896 0.0233768 0.0277644
0 0.960609 0.147945 0.0311432 0.0309477
0 0.283011 0.967027 0.0444869 0.0342484
0 0.808353 0.953642 0.0419315 0.0267673
0 0.343445 0.163738 0.0229341 0.0208472
0 0.643211 0.80745 0.0311689 0.0263998
0 0.395977 0.993501 0.0194455 0.0129988
0 0.935704 0.378783 0.0292121 0.0246664
0 0.991466 0.933362 0.0165787 0.0106363
0 0.949672 0.0936184 0.0395404 0.0252497
0 0.516328 0.858801 0.0362348 0.0252844
0 0.16536 0.510904 0.0283886 0.0219231
0 0.0086847 0.272333 0.0173694 0.026062
0 0.555513 0.811637 0.0284724 0.0270633
0 0.629791 0.0942734 0.025216 0.0175588
0 0.584154 0.428011 0.0274149 0.0210145
0 0.711465 0.567064 0.030551 0.022878
0 0.480699 0.355388 0.0248131 0.0255086
0 0.427748 0.0464159 0.0269769 0.0323502
0 0.818213 0.959552 0.0223254 0.0196375
0 0.77374 0.708242 0.0271905 0.0243378
0 0.989102 0.814338 0.0217814 0.0268353
0 0.925097 0.815837 0.0306247 0.0297574
0 0.301012 0.132064 0.0233114 0.0238152
0 0.994125 0.300599 0.0116959 0.0321277
0 0.990976 0.457467 0.0178677 0.0163085
0 0.48634 0.413068 0.0285252 0.0230119
0 0.0842975 0.104913 0.0225658 0.0214227
0 0.939561 0.21493 0.0261164 0.0195624
0 0.828922 0.37478 0.0213426 0.0177065
0 0.92107 0.836816 0.0370563 0.0295155
0 0.581153 0.858036 0.0285169 0.0201434
0 0.686403 0.957321 0.0316611 0.0264502
0 0.380855 0.151513 0.0226269 0.0265779
0 0.447322 0.993704 0.0305074 0.0125922
0 0.945381 0.600204 0.0329991 0.0362669
0 0.547407 0.7814 0.0260451 0.0253102
0 0.993622 0.893294 0.0126563 0.0311468
0 0.60747 0.515438 0.0351323 0.0287971
0 0.364774 0.267852 0.0267183 0.0278148
0 0.220084 0.248363 0.0270771 0.0249677
0 0.464161 0.729218 0.0302961 0.0305696
0 0.0303453 0.787602 0.0320087 0.0231394
0 0.471797 0.556855 0.0143276 0.0186403
0 0.809579 0.124058 0.0259774 0.0272795
0 0.52 0.0783409 0.0242162 0.0217355
0 0.492556 0.457305 0.0237925 0.0239935
0 0.778722 0.106597 0.0266632 0.0286423
0 0.514036 0.259177 0.0275405 0.0229662
0 0.595747 0.39783 0.0373732 0.0286655
0 0.748556 0.436392 0.0292416 0.0195442
