0 0.179807 0.335245 0.0234761 0.0195987
0 0.0336473 0.734125 0.0247505 0.0199663
0 0.417384 0.553375 0.0228325 0.0207354
0 0.197613 0.4641 0.0235148 0.0216969
0 0.257436 0.447253 0.0230967 0.0199457
0 0.289571 0.843201 0.0254661 0.0209604
0 0.386642 0.519871 0.0193073 0.0189784
0 0.818095 0.88764 0.023093 0.0183461
0 0.00531014 0.447693 0.0106203 0.0186994
0 0.886413 0.103553 0.0265058 0.02315
0 0.377557 0.672542 0.0214167 0.0183545
0 0.844132 0.420243 0.0226259 0.0196407
0 0.349659 0.577685 0.0202706 0.0192545
0 0.567767 0.228549 0.0272326 0.0247554
0 0.193824 0.116924 0.0248486 0.0215375
0 0.615121 0.089038 0.0220732 0.0209771
0 0.204392 0.335411 0.0229183 0.0189335
0 0.187557 0.786054 0.0241976 0.0207915
0 0.73263 0.0422387 0.0249717 0.0217565
0 0.0912295 0.445272 0.0357116 0.0223134
0 0.855055 0.753151 0.0261509 0.02276
0 0.403885 0.518458 0.0212566 0.019994
0 0.0626799 0.517027 0.0261629 0.0197224
0 0.114721 0.768763 0.0253193 0.0200065
0 0.828084 0.802517 0.0235366 0.020662
0 0.502153 0.585979 0.0294977 0.025423
0 0.495878 0.909275 0.0199534 0.0203238
0 0.640671 0.686055 0.03128 0.025448
0 0.951727 0.567504 0.0208299 0.018108
0 0.578528 0.537895 0.0286099 0.0217092
0 0.185337 0.261487 0.023689 0.0208425
0 0.681297 0.855958 0.0196988 0.0174369
0 0.969236 0.914976 0.0215941 0.0161386
0 0.045384 0.0626133 0.0216709 0.0195127
0 0.504331 0.0848788 0.025093 0.020017
0 0.739374 0.289531 0.0211471 0.0194372
0 0.11526 0.492432 0.0250045 0.0234252
0 0.979155 0.50596 0.0230303 0.0193741
0 0.292057 0.941669 0.0252361 0.0220187
0 0.333417 0.856122 0.0224828 0.020034
0 0.252245 0.696346 0.0250423 0.0209896
0 0.831654 0.230383 0.0226781 0.0195097
0 0.954248 0.648281 0.0243499 0.0214093
0 0.939344 0.974757 0.0268746 0.0235242
0 0.985809 0.0901348 0.0239964 0.0210375
0 0.776366 0.675451 0.022982 0.018896
0 0.24007 0.0479905 0.024416 0.0206155
0 0.401458 0.131213 0.0261545 0.0215714
0 0.44968 0.908845 0.0292646 0.0241404
0 0.241789 0.642359 0.0245705 0.0215086
0 0.484493 0.445775 0.0211206 0.0198801
0 0.440055 0.398701 0.0235493 0.019724
0 0.546942 0.117059 0.0313157 0.0295368
0 0.271779 0.806425 0.023998 0.0221012
0 0.123582 0.37869 0.0235562 0.0210234
0 0.0984614 0.168969 0.0218837 0.0200594
0 0.444619 0.700657 0.0297067 0.0234671
0 0.862557 0.426566 0.0223992 0.0197406
0 0.726179 0.163838 0.0250129 0.0204318
0 0.802343 0.803732 0.024304 0.0213425
0 0.431025 0.457397 0.021517 0.0183019
0 0.297784 0.744253 0.0219982 0.0207263
0 0.918459 0.822528 0.0272246 0.0230548
0 0.771047 0.440771 0.0217474 0.0196168
0 0.921558 0.010864 0.0226356 0.0186534
0 0.0822339 0.372743 0.0272018 0.0242974
0 0.526407 0.299034 0.0243595 0.0229804
0 0.113976 0.147119 0.0223942 0.0229912
0 0.856482 0.519799 0.027247 0.0233776
0 0.174886 0.301904 0.024178 0.0217108
0 0.405665 0.061928 0.0258757 0.0230026
0 0.720041 0.457506 0.0255663 0.0197997
0 0.905853 0.502877 0.0244946 0.0212284
0 0.608072 0.152974 0.0229052 0.0195479
0 0.917014 0.131787 0.0227645 0.0209667
0 0.540613 0.715716 0.0248118 0.0218408
0 0.363986 0.642971 0.0285211 0.0246409
0 0.645721 0.715126 0.0272694 0.0247642
0 0.818528 0.0988923 0.0298173 0.0262949
0 0.520878 0.919925 0.0227437 0.0203598
0 0.299812 0.319081 0.0258434 0.0222619
0 0.306431 0.120925 0.0202578 0.0210525
0 0.115505 0.33909 0.0242981 0.0226245
0 0.019144 0.269993 0.0273228 0.0232186
0 0.770595 0.403512 0.0247576 0.023412
0 0.21981 0.0132528 0.0226846 0.0194215
0 0.574418 0.350512 0.020449 0.0198702
0 0.319674 0.746312 0.0216742 0.0199588
0 0.453748 0.825101 0.0229565 0.0246508
0 0.0264204 0.428953 0.0247149 0.0220835
0 0.385885 0.413123 0.0246472 0.0213508
0 0.466169 0.460477 0.0264634 0.0222523
0 0.487582 0.309155 0.0193965 0.0149869
0 0.670417 0.310789 0.0290686 0.0257753
0 0.0956295 0.269693 0.0244691 0.0216287
0 0.656224 0.989545 0.0220962 0.0192511
0 0.501602 0.666901 0.0290239 0.0248235
0 0.730696 0.14423 0.0221683 0.0179525
0 0.760664 0.194594 0.0225561 0.0208113
0 0.653987 0.768662 0.0217642 0.0190547
0 0.300322 0.905082 0.0273584 0.0241493
0 0.0252256 0.361222 0.0260341 0.0233783
0 0.600789 0.690234 0.0367799 0.0217425
0 0.375881 0.723999 0.0308771 0.0262353
0 0.55989 0.81671 0.0236558 0.0214188
0 0.377574 0.692951 0.0221674 0.0204337
0 0.714812 0.817222 0.0371446 0.0283327
0 0.0836839 0.150659 0.0235391 0.0198235
0 0.490513 0.0604411 0.0254813 0.0210455
0 0.82338 0.407381 0.0229661 0.0202781
0 0.833827 0.912891 0.0252054 0.0186836
0 0.591051 0.725786 0.0226058 0.019323
0 0.872924 0.395961 0.0308282 0.023311
0 0.0865306 0.780217 0.0269233 0.0220645
0 0.699699 0.853958 0.023518 0.0219509
0 0.588416 0.666603 0.021485 0.0204495
0 0.918821 0.162065 0.0241663 0.0210399
0 0.543793 0.993003 0.0229298 0.0139935
0 0.953459 0.418513 0.033096 0.0229734
0 0.383529 0.0767694 0.0249332 0.0222826
0 0.0159998 0.23672 0.0275077 0.0251758
0 0.988866 0.588952 0.0219873 0.0187673
0 0.401866 0.746636 0.023932 0.0209445
0 0.743479 0.91394 0.0226616 0.0200325
0 0.143322 0.338205 0.0293367 0.0242681
0 0.452896 0.418881 0.0229729 0.0182514
0 0.470557 0.14018 0.0255859 0.0220417
0 0.186403 0.197718 0.0246652 0.0225757
0 0.144114 0.213246 0.0265359 0.0243412
0 0.121256 0.230493 0.0254133 0.0182118
0 0.513465 0.718896 0.0294259 0.0207114
0 0.740228 0.421952 0.0240373 0.0234256
0 0.806919 0.849653 0.0249932 0.0190253
0 0.341671 0.258099 0.0262533 0.022009
0 0.567654 0.659471 0.0280541 0.0221314
0 0.977669 0.615953 0.0222394 0.0192528
0 0.768858 0.921572 0.0194257 0.0164681
0 0.547941 0.172116 0.0216309 0.0174945
0 0.927928 0.401376 0.0267003 0.0205101
0 0.741781 0.126043 0.0276296 0.0259602
0 0.292758 0.701616 0.037286 0.0179709
0 0.703637 0.50192 0.028809 0.0227623
0 0.196132 0.563106 0.0264796 0.0216946
0 0.949237 0.88704 0.0232985 0.0187122
0 0.57187 0.910047 0.0280598 0.0275257
0 0.665435 0.605793 0.0328783 0.021313
0 0.274215 0.483774 0.0262643 0.0197712
0 0.484237 0.514013 0.0242565 0.0219045
0 0.74705 0.505127 0.0266889 0.020585
0 0.623726 0.0348903 0.0214443 0.0231167
0 0.535328 0.694573 0.0215709 0.0200606
0 0.854012 0.977571 0.0219116 0.0190365
0 0.360153 0.437055 0.0311539 0.0273584
0 0.278572 0.10206 0.0249113 0.0189641
0 0.989178 0.897896 0.0207617 0.0160276
0 0.5655 0.680878 0.0235642 0.0163701
0 0.495279 0.797458 0.0340595 0.0312286
0 0.325497 0.222456 0.0232462 0.0227679
0 0.362729 0.483286 0.0262591 0.0252306
0 0.303444 0.0384911 0.0247859 0.0240452
0 0.168571 0.668973 0.028042 0.0220572
0 0.81666 0.0694619 0.0279054 0.0196802
0 0.773974 0.99733 0.0181846 0.00533932
0 0.312287 0.565765 0.0281899 0.0247655
0 0.145337 0.689823 0.0240216 0.0181689
0 0.538651 0.591047 0.030209 0.0258987
0 0.894505 0.847958 0.0262323 0.0251033
0 0.0414601 0.451099 0.0373512 0.0191159
0 0.546598 0.622435 0.0256591 0.0209692
0 0.510625 0.961154 0.02482 0.022533
0 0.250346 0.582764 0.0300449 0.0210143
0 0.208001 0.613637 0.0233089 0.0231341
0 0.375462 0.36115 0.0267816 0.0241777
0 0.0651745 0.361561 0.0208308 0.0264985
0 0.00606372 0.379136 0.0121274 0.0333413
0 0.223669 0.216851 0.0259098 0.0201472
0 0.378188 0.727715 0.0246657 0.0196847
0 0.570455 0.743446 0.0220041 0.0276178
0 0.372789 0.849958 0.0314477 0.0272526
0 0.963925 0.0349424 0.0260088 0.0237532
0 0.795225 0.523137 0.0276375 0.0235254
0 0.01493 0.506678 0.024794 0.0167948
0 0.198462 0.483343 0.0244715 0.0184289
0 0.406744 0.230588 0.0283862 0.0241631
0 0.486059 0.479792 0.0158515 0.0121121
0 0.353355 0.0162562 0.0247015 0.0192444
0 0.168285 0.869518 0.0279964 0.0218116
0 0.798608 0.870806 0.037533 0.0211024
0 0.845336 0.152508 0.0303189 0.0221788
0 0.283536 0.120945 0.0230903 0.020927
0 0.709968 0.258109 0.0226668 0.0225793
0 0.672126 0.196864 0.0224387 0.0178592
0 0.785999 0.93493 0.0222203 0.0208925
0 0.520154 0.683745 0.0189152 0.0189025
0 0.597233 0.872084 0.0257721 0.0228387
0 0.0909661 0.200909 0.0386771 0.0297001
0 0.4426 0.171266 0.0168101 0.0173682
0 0.730162 0.738758 0.0428119 0.0207802
0 0.851517 0.110445 0.0229076 0.0202002
0 0.796443 0.0463733 0.0310182 0.021661
0 0.871565 0.924691 0.0241121 0.0212574
0 0.653136 0.887816 0.0295786 0.0207591
0 0.109077 0.905404 0.0286587 0.0251065
0 0.991136 0.630943 0.0177277 0.0221584
0 0.874973 0.0624431 0.0222107 0.020651
0 0.435395 0.668096 0.0261495 0.0234748
0 0.671671 0.469192 0.0275212 0.0241339
0 0.777384 0.110823 0.0362107 0.0268126
0 0.975474 0.115654 0.0283281 0.0223585
0 0.262317 0.92615 0.0269277 0.0180786
0 0.894485 0.0554197 0.0222372 0.0195716
0 0.996791 0.534881 0.00641716 0.00945961
0 0.703924 0.226778 0.0219727 0.0214399
0 0.443068 0.758479 0.0143862 0.0148931
0 0.821786 0.518354 0.0237544 0.0212584
0 0.677937 0.162956 0.0219122 0.0181488
0 0.859568 0.446414 0.0211213 0.0166142
0 0.260139 0.23537 0.0362232 0.0261904
0 0.126143 0.169461 0.0221983 0.0175342
0 0.266543 0.196965 0.02654 0.0235084
0 0.854718 0.949109 0.0230229 0.0225242
0 0.873622 0.947338 0.0169961 0.0173562
0 0.623185 0.992924 0.0262883 0.0141526
0 0.773402 0.842828 0.0178152 0.0132644
0 0.235793 0.0983186 0.0247907 0.0172798
0 0.326091 0.523567 0.0403126 0.0250098
0 0.637594 0.0783844 0.0245138 0.0276675
0 0.976189 0.562838 0.0231028 0.0209405
0 0.482705 0.984442 0.0236461 0.0203205
0 0.126632 0.464397 0.0236986 0.0198171
0 0.638129 0.0742491 0.022665 0.019611
0 0.449018 0.438336 0.0279357 0.0246509
0 0.289437 0.543536 0.0167896 0.0158911
0 0.339058 0.401132 0.0208281 0.0213706
0 0.939761 0.587168 0.0196895 0.0160459
0 0.508776 0.69074 0.02163 0.0193524
0 0.556883 0.764189 0.0261974 0.0226097
0 0.947274 0.601562 0.0412283 0.0186094
0 0.362417 0.394222 0.0245042 0.023346
0 0.889349 0.180534 0.027122 0.0201146
0 0.704032 0.196746 0.0232412 0.0196492
0 0.301916 0.809824 0.0238821 0.0196515
0 0.539454 0.330953 0.0343648 0.0339993
0 0.901647 0.194924 0.0260726 0.0170661
0 0.490064 0.259854 0.0311567 0.0240488
0 0.611876 0.738183 0.0266764 0.0237768
0 0.298242 0.390438 0.0342453 0.0283376
0 0.3158 0.526709 0.0213822 0.0175295
0 0.929083 0.929895 0.0221264 0.0219717
0 0.624793 0.974001 0.0239841 0.0195056
0 0.117457 0.495283 0.0240896 0.0178268
0 0.930729 0.932165 0.0215537 0.0178128
0 0.276541 0.420424 0.0249053 0.0170501
0 0.717973 0.738637 0.0224678 0.0189573
0 0.00988614 0.0042203 0.0197723 0.00844061
0 0.854734 0.996762 0.0140115 0.00647509
0 0.860975 0.138586 0.0273808 0.0203039
0 0.257743 0.00377763 0.0181637 0.00755525
0 0.997404 0.858791 0.00515568 0.0169964
0 0.417691 0.398068 0.0160933 0.0151416
0 0.660984 0.243805 0.0209282 0.0191072
0 0.520186 0.143912 0.0302396 0.0249598
0 0.30977 0.825782 0.022014 0.0141357
0 0.809691 0.171433 0.0114579 0.00961673
0 0.614023 0.507478 0.0236018 0.0207206
0 0.639258 0.0862906 0.0230657 0.0149009
0 0.847551 0.926952 0.0215046 0.0192795
0 0.538509 0.148032 0.0180016 0.0204946
0 0.825035 0.946132 0.0242842 0.0235304
0 0.899697 0.92835 0.0211138 0.0202724
0 0.326156 0.95904 0.0242395 0.0175838
0 0.0729211 0.11435 0.0363905 0.035909
0 0.854335 0.0548119 0.023504 0.017977
0 0.514081 0.618095 0.0312554 0.0269803
0 0.304641 0.816129 0.0303272 0.0311545
0 0.444499 0.51989 0.026508 0.0218416
0 0.584745 0.193867 0.021767 0.0201451
0 0.294232 0.196492 0.0223356 0.0205672
0 0.607885 0.229069 0.0239107 0.0216122
0 0.732489 0.0988619 0.0344842 0.0229867
0 0.908502 0.986627 0.0313604 0.0265162
0 0.769673 0.844811 0.0259368 0.0171379
0 0.663998 0.400655 0.0199478 0.0154485
0 0.623323 0.772497 0.0300645 0.0347949
0 0.255318 0.234755 0.026767 0.0244111
0 0.328651 0.0804242 0.033601 0.0253074
0 0.281732 0.185548 0.0237744 0.0206142
0 0.835955 0.0328104 0.0199631 0.0211399
0 0.646131 0.785605 0.0211145 0.019303
0 0.916866 0.963755 0.0281465 0.0198033
0 0.756821 0.321837 0.0206046 0.0250254
0 0.18377 0.711277 0.0250854 0.0210928
0 0.0750526 0.07371 0.0290522 0.0258245
0 0.556246 0.052389 0.0257555 0.0215824
0 0.728932 0.763767 0.0220408 0.0188011
0 0.258755 0.584933 0.0143316 0.0157421
0 0.467125 0.612142 0.0147588 0.018306
0 0.951883 0.765771 0.0219648 0.0125482
0 0.63489 0.65811 0.0274109 0.020979
0 0.858837 0.0264466 0.0233878 0.0182613
0 0.797358 0.242601 0.014912 0.0142377
0 0.758964 0.941189 0.0245891 0.0172869
0 0.244589 0.800403 0.0244414 0.0201611
0 0.257185 0.995255 0.0206595 0.00948912
0 0.925474 0.0774981 0.01893 0.0148163
0 0.659232 0.974601 0.0294588 0.0322316
0 0.542193 0.19232 0.0247563 0.0221082
0 0.524069 0.406892 0.0200055 0.0232861
0 0.95118 0.765266 0.017737 0.0105996
0 0.931855 0.44913 0.0384411 0.0261953
0 0.965518 0.0295569 0.023882 0.017241
0 0.176641 0.93701 0.0315289 0.0307469
0 0.192992 0.566469 0.0306119 0.0263884
0 0.294157 0.00959401 0.0355529 0.019188
0 0.19694 0.567496 0.0246954 0.0228432
0 0.79756 0.243216 0.0197166 0.0148292
0 0.961494 0.874254 0.0271572 0.0216408
0 0.514049 0.687546 0.0314977 0.024389
0 0.834978 0.0361729 0.0211461 0.0271552
0 0.663036 0.229446 0.0216202 0.0186596
0 0.45339 0.822046 0.0192129 0.0194413
0 0.559934 0.765605 0.0234719 0.0199202
0 0.318801 0.524815 0.0267305 0.021415
0 0.62195 0.981706 0.0306815 0.0355179
0 0.11696 0.985699 0.0350243 0.0278713
0 0.662771 0.239929 0.0238143 0.0225294
0 0.540559 0.959718 0.0271839 0.0230195
0 0.348284 0.35336 0.0148456 0.0141246
0 0.99195 0.562959 0.0161009 0.0245155
0 0.487041 0.509665 0.0208182 0.0167694
0 0.712601 0.943183 0.0230776 0.0182901
0 0.800757 0.43141 0.0175462 0.0147885
0 0.452204 0.905194 0.0235511 0.0178833
0 0.585809 0.0277171 0.0212893 0.0211405
0 0.206333 0.411924 0.0225734 0.0157949
0 0.717006 0.949888 0.0342527 0.0315141
0 0.608885 0.376232 0.0216075 0.0194977
0 0.010735 0.489255 0.0214701 0.0184104
0 0.620806 0.660575 0.0190486 0.0175281
0 0.752417 0.0194114 0.0271694 0.022276
0 0.417483 0.201684 0.0407889 0.0295151
0 0.25343 0.69366 0.0235497 0.0175602
0 0.736684 0.626732 0.0279817 0.021789
0 0.0277783 0.0305327 0.0229315 0.0193049
0 0.524726 0.409421 0.0181956 0.0162347
0 0.588775 0.38669 0.0245228 0.0231347
0 0.269133 0.416061 0.0370986 0.0273116
0 0.255996 0.794349 0.0436868 0.0336802
0 0.936478 0.601356 0.022316 0.0177584
0 0.74037 0.73796 0.023381 0.0186377
0 0.870189 0.780765 0.0182443 0.0121548
0 0.226242 0.468886 0.0316307 0.0137934
0 0.573888 0.996902 0.0199484 0.0061956
0 0.849005 0.619152 0.0287752 0.0146665
0 0.257042 0.401842 0.0187477 0.0153814
0 0.631188 0.0529776 0.0221993 0.0198037
0 0.501594 0.803042 0.0208314 0.0200426
0 0.0524304 0.274049 0.027519 0.0265504
0 0.326263 0.218939 0.0216137 0.0167841
0 0.481274 0.509435 0.022539 0.0162308
0 0.22528 0.465946 0.0347903 0.0204177
0 0.590952 0.383929 0.0186329 0.0189767
0 0.630303 0.658964 0.0365826 0.0227249
0 0.661391 0.237018 0.023877 0.030176
0 0.235544 0.231784 0.0178383 0.0173909
0 0.186604 0.264587 0.0218817 0.017727
0 0.774282 0.78078 0.0235443 0.0201805
0 0.742716 0.782072 0.0164863 0.0134251
0 0.658674 0.984967 0.0277812 0.0264305
0 0.991863 0.00830331 0.0162743 0.0166066
0 0.453535 0.909773 0.0249001 0.0212592
0 0.992025 0.558802 0.0159494 0.0162597
0 0.960865 0.529335 0.0202935 0.0179746
0 0.785451 0.0947082 0.0253773 0.0192479
0 0.194838 0.560145 0.0281025 0.0217965
0 0.299133 0.394242 0.0323483 0.0197864
0 0.54039 0.326392 0.0316839 0.025113
0 0.335852 0.518408 0.021764 0.0147564
0 0.857893 0.51684 0.0254114 0.0203534
0 0.983689 0.862057 0.0179164 0.0123672
0 0.246385 0.581629 0.0241737 0.0195338
0 0.0173262 0.508686 0.0283162 0.017607
0 0.708392 0.819715 0.0252411 0.0213068
0 0.25835 0.993155 0.0226212 0.0133508
0 0.372175 0.85457 0.0238097 0.0190374
0 0.660825 0.969081 0.0269408 0.0199556
0 0.587688 0.224308 0.0198612 0.0204859
0 0.772488 0.962088 0.0228312 0.0140397
0 0.234934 0.987575 0.0341696 0.0246094
0 0.0504077 0.449062 0.0205825 0.0149538
0 0.517404 0.72116 0.0284852 0.0181427
0 0.511038 0.989564 0.0237587 0.019417
0 0.691399 0.961572 0.0295519 0.0308924
0 0.796928 0.981464 0.0172077 0.0155156
0 0.707641 0.257421 0.0292105 0.0255799
0 0.536606 0.78484 0.0139618 0.0137547
0 0.907673 0.883306 0.0254247 0.013618
0 0.0315411 0.452268 0.0208924 0.014826
0 0.921393 0.820665 0.0235018 0.0194774
0 0.611783 0.862402 0.0219769 0.0232891
0 0.177506 0.932843 0.0292444 0.0235451
0 0.717314 0.94545 0.0328102 0.0225644
0 0.962614 0.0379082 0.0235468 0.0179227
0 0.365111 0.480277 0.0215443 0.0196832
0 0.76979 0.767671 0.0178238 0.0110558
0 0.316664 0.570785 0.019898 0.0194308
0 0.118241 0.497961 0.022915 0.0134519
0 0.082445 0.368877 0.0267638 0.0195967
0 0.50917 0.716667 0.0215267 0.0164332
0 0.30661 0.821156 0.0309162 0.0228424
0 0.248446 0.797246 0.0321385 0.0284721
0 0.309124 0.480935 0.0124134 0.0100047
0 0.0716127 0.109574 0.0341497 0.0268951
0 0.0770972 0.0712771 0.024779 0.0217093
0 0.758323 0.68268 0.0159308 0.0151386
0 0.688271 0.784234 0.0150541 0.0108256
0 0.175048 0.0058484 0.0362569 0.0116968
0 0.986821 0.0873635 0.0222781 0.018453
0 0.192126 0.565365 0.0368026 0.0314264
0 0.485975 0.258189 0.0388284 0.0293165
0 0.308853 0.823862 0.0255275 0.0174554
0 0.416888 0.207501 0.0407885 0.0413682
0 0.768929 0.345407 0.0286583 0.0290988
0 0.956934 0.880344 0.0234447 0.0136427
0 0.129377 0.0371219 0.0250657 0.0196154
0 0.214013 0.0128732 0.0157855 0.0180169
0 0.30018 0.00974779 0.0238993 0.0194956
0 0.315853 0.567808 0.0219888 0.0220152
0 0.977031 0.121572 0.0303176 0.0334102
0 0.545236 0.960406 0.034497 0.0235776
0 0.582825 0.383087 0.0328243 0.0274695
0 0.505299 0.665614 0.0239032 0.0218338
0 0.699897 0.103156 0.0280663 0.0240977
0 0.553368 0.761233 0.0187762 0.0174729
0 0.527087 0.296149 0.0215595 0.0196438
0 0.290963 0.00585196 0.0284262 0.0117039
0 0.499554 0.799245 0.0252814 0.0261023
0 0.709453 0.250503 0.0243707 0.01625
0 0.283978 0.701229 0.0253095 0.0185518
0 0.604136 0.22822 0.0274823 0.0219639
0 0.593056 0.873516 0.034579 0.0266603
0 0.937623 0.120204 0.018925 0.0141762
0 0.517234 0.616436 0.0247284 0.0250419
0 0.496221 0.793243 0.0297048 0.0236676
0 0.229491 0.213564 0.0174078 0.0152425
0 0.876697 0.819174 0.0389912 0.0293137
0 0.754458 0.610157 0.0253766 0.0207586
0 0.741214 0.418241 0.0219762 0.018669
0 0.578462 0.375502 0.0189225 0.0132966
0 0.571702 0.905388 0.0248981 0.0218655
0 0.712565 0.820566 0.0335888 0.0227679
0 0.447926 0.906269 0.0248765 0.020065
0 0.612432 0.090241 0.0287374 0.0233674
0 0.412877 0.197951 0.0318066 0.023012
0 0.0768815 0.124991 0.0321498 0.0149602
0 0.567462 0.954262 0.0258516 0.0235745
0 0.00974481 0.914636 0.0194896 0.0175476
0 0.280306 0.700403 0.0180299 0.0172821
0 0.822118 0.398677 0.0244877 0.0182171
0 0.575445 0.380723 0.0247115 0.0232993
0 0.54983 0.112552 0.0247793 0.0205664
0 0.875904 0.812889 0.0381333 0.0398939
0 0.550349 0.121958 0.0238906 0.019017
0 0.299474 0.741186 0.0189374 0.0164272
0 0.239314 0.0505335 0.0288387 0.0245315
0 0.524056 0.141859 0.0245357 0.0208612
0 0.944059 0.996513 0.0133375 0.0069747
0 0.127843 0.0415986 0.0264244 0.0273195
0 0.69704 0.105122 0.0231359 0.0213113
0 0.192813 0.713321 0.0405454 0.0252017
0 0.719338 0.815014 0.0302961 0.0266495
0 0.64684 0.229014 0.0170533 0.017769
0 0.542362 0.322309 0.0262203 0.0178817
0 0.26333 0.786636 0.0285609 0.0179054
0 0.299646 0.90226 0.0234381 0.0198407
0 0.692041 0.966179 0.0290102 0.023145
0 0.860258 0.135133 0.0271577 0.0153282
0 0.380549 0.722439 0.0225673 0.018893
0 0.890986 0.957059 0.0212506 0.0228546
0 0.205077 0.332557 0.0251814 0.0189544
0 0.925963 0.905839 0.0289958 0.0214587
0 0.00492727 0.893229 0.00985453 0.0200579
0 0.354178 0.00989577 0.0260813 0.0195131
0 0.81956 0.397224 0.021036 0.0155818
0 0.908487 0.886597 0.0252747 0.0211904
0 0.298071 0.319732 0.0320759 0.0270292
0 0.641617 0.682032 0.0293025 0.0189913
0 0.637372 0.656015 0.0237847 0.0185511
0 0.523928 0.29865 0.0306774 0.0263919
0 0.164049 0.116912 0.0184808 0.0183648
0 0.304521 0.0354467 0.0237835 0.019805
0 0.963523 0.0413451 0.0245283 0.013742
0 0.640442 0.456863 0.0292037 0.0236206
0 0.120689 0.232187 0.0306692 0.0218581
0 0.00544465 0.451712 0.0108893 0.0265802
0 0.702256 0.851899 0.0199175 0.018007
0 0.989788 0.583922 0.0204247 0.0115795
0 0.761905 0.321538 0.0290018 0.0271324
0 0.942214 0.97829 0.0251481 0.0173817
0 0.489323 0.617877 0.0193236 0.0175015
0 0.898817 0.0722529 0.0238636 0.0197997
0 0.144679 0.217386 0.0249598 0.01765
0 0.568026 0.908538 0.0373942 0.0340642
0 0.0750815 0.118485 0.0359449 0.029373
0 0.300645 0.701982 0.0228263 0.015561
0 0.93015 0.49661 0.0230814 0.0202045
0 0.576146 0.43299 0.0158374 0.0111944
0 0.785106 0.931877 0.0230762 0.0163475
0 0.691766 0.955294 0.0248324 0.0219514
0 0.859769 0.442204 0.0267327 0.0248988
0 0.354702 0.00527267 0.0259641 0.0105453
0 0.440788 0.17059 0.0218024 0.02035
0 0.860942 0.436713 0.0269051 0.0354744
0 0.672189 0.307758 0.0250978 0.0213737
0 0.75799 0.938383 0.0211049 0.0202544
0 0.778273 0.777838 0.018468 0.0158786
0 0.00555254 0.373242 0.0111051 0.0235266
0 0.256861 0.00492461 0.02005 0.00984922
0 0.571285 0.662935 0.0204844 0.0193922
0 0.206189 0.613963 0.0307388 0.0251759
0 0.272717 0.418332 0.0320767 0.0234448
0 0.995639 0.533184 0.00865823 0.0133224
0 0.316619 0.573499 0.0184158 0.0165624
0 0.323985 0.00394337 0.0211452 0.00788674
0 0.610256 0.141294 0.0221165 0.0173476
0 0.73583 0.289818 0.0287586 0.0206107
0 0.0550293 0.270925 0.0249757 0.0241953
0 0.996565 0.619179 0.00684404 0.0108635
0 0.608893 0.144684 0.0249169 0.0241229
0 0.84176 0.151038 0.0249897 0.0210711
0 0.36404 0.488191 0.0244861 0.0178444
0 0.577667 0.53987 0.0356671 0.0241932
0 0.951175 0.64931 0.032086 0.0240723
0 0.503941 0.662936 0.0248535 0.0179554
0 0.697562 0.603787 0.0260133 0.0216616
0 0.49553 0.527736 0.0142407 0.0100679
0 0.188355 0.715286 0.0349374 0.0283164
0 0.482254 0.514466 0.031203 0.0256728
0 0.941197 0.602507 0.0326661 0.0185436
0 0.923188 0.00647278 0.0221462 0.0129456
0 0.31074 0.563349 0.0254099 0.0192344
0 0.93127 0.934358 0.0246598 0.0184037
0 0.991215 0.624011 0.0174749 0.0212944
0 0.626143 0.780506 0.0257138 0.0213688
0 0.561247 0.768885 0.0228387 0.015798
0 0.837016 0.777066 0.0169978 0.0209553
0 0.910173 0.745681 0.0238518 0.0211013
0 0.819058 0.676641 0.0230958 0.0218135
0 0.139437 0.6188 0.0337053 0.0287808
0 0.627911 0.780289 0.0210521 0.0174099
0 0.88206 0.986102 0.0314104 0.0276791
0 0.575683 0.440009 0.0226747 0.0245755
0 0.910312 0.745816 0.0200663 0.0159003
0 0.411569 0.194322 0.0204552 0.0157309
0 0.117446 0.767017 0.021879 0.0167878
0 0.273557 0.48706 0.0305534 0.0248551
0 0.217596 0.0132902 0.0299585 0.0216315
0 0.402335 0.669914 0.0171949 0.0168027
0 0.257596 0.40494 0.0209964 0.0211618
0 0.997285 0.909157 0.00542986 0.0137253
0 0.701216 0.258337 0.0160573 0.0205253
0 0.607891 0.226494 0.0209054 0.0185884
0 0.736262 0.0966766 0.0280085 0.0208555
0 0.670757 0.305081 0.0246528 0.0181609
0 0.269417 0.80316 0.0203262 0.0163069
0 0.936046 0.732334 0.0210785 0.0237451
0 0.621472 0.767017 0.0274937 0.0248684
0 0.327834 0.664055 0.0261033 0.0251889
0 0.875628 0.80097 0.0262847 0.0170966
0 0.792136 0.52366 0.0337138 0.0289883
0 0.0503983 0.983991 0.0328101 0.0317535
0 0.208738 0.609993 0.0232014 0.0196684
0 0.0128515 0.491654 0.0257031 0.0229057
0 0.885437 0.994415 0.0252656 0.0111704
0 0.701348 0.502826 0.0333458 0.0283052
0 0.920417 0.709734 0.0260662 0.0210769
0 0.536343 0.337454 0.0298496 0.0205555
0 0.770444 0.111564 0.0246842 0.022534
0 0.982223 0.851413 0.025885 0.0167819
0 0.375408 0.856519 0.0220741 0.0152896
0 0.99687 0.498737 0.00622529 0.0172298
0 0.820521 0.101915 0.0257445 0.0191105
0 0.948738 0.648159 0.015726 0.018086
0 0.773115 0.777972 0.0263414 0.0223882
0 0.723053 0.813048 0.0228791 0.0239532
0 0.0512953 0.278571 0.0280138 0.0248099
0 0.744466 0.504269 0.0347115 0.0287282
0 0.151397 0.499927 0.0224376 0.0146463
0 0.715942 0.614538 0.023807 0.0164044
0 0.651752 0.228425 0.0260919 0.0186765
0 0.324284 0.225585 0.0226171 0.0211956
0 0.294404 0.934783 0.0275507 0.0269564
0 0.335118 0.0849704 0.0216548 0.0175919
0 0.484358 0.361416 0.0344866 0.0309515
0 0.120005 0.981548 0.031567 0.0225275
0 0.539836 0.338956 0.0309889 0.0199986
0 0.910956 0.99041 0.0266574 0.0187268
0 0.519808 0.916102 0.020544 0.0134339
0 0.259867 0.406888 0.0247829 0.0253866
0 0.108879 0.909842 0.0318939 0.0287823
0 0.72001 0.162164 0.0147247 0.0184175
0 0.85281 0.868932 0.0208596 0.018396
0 0.929269 0.501599 0.0234132 0.0287547
0 0.342105 0.253531 0.0242835 0.0193475
0 0.928797 0.4054 0.0284593 0.0259094
0 0.734145 0.0449148 0.0243573 0.0196332
0 0.771973 0.406252 0.022558 0.0198992
0 0.699449 0.850335 0.0239785 0.0176327
0 0.98268 0.56315 0.0340524 0.0240432
0 0.269841 0.785967 0.0187606 0.0164859
0 0.26224 0.792096 0.0340145 0.028962
0 0.253739 0.23968 0.0250572 0.018277
0 0.248901 0.695433 0.0212944 0.0195706
0 0.265912 0.413529 0.0316812 0.0219598
0 0.256103 0.231347 0.0222704 0.0175997
0 0.905873 0.891144 0.0293774 0.0208994
0 0.875386 0.804823 0.0325409 0.0243371
0 0.667424 0.311031 0.0368806 0.0320149
0 0.737128 0.423039 0.0327352 0.0252513
0 0.869785 0.394603 0.0254762 0.0189451
0 0.558419 0.81758 0.0310503 0.0242947
0 0.768216 0.070706 0.0250254 0.0178533
0 0.511406 0.957637 0.0242142 0.0190555
0 0.896683 0.0670573 0.0246163 0.0249208
0 0.238565 0.643593 0.0318511 0.0233086
0 0.979524 0.855996 0.0302283 0.0240566
0 0.629267 0.782627 0.0187414 0.0154597
0 0.899637 0.193311 0.0231005 0.0149207
0 0.770262 0.842517 0.0231602 0.0150446
0 0.444675 0.907317 0.019286 0.0187961
0 0.0552983 0.976555 0.0197259 0.0177392
0 0.128645 0.466515 0.025352 0.0178691
0 0.846715 0.616744 0.0319887 0.0179909
0 0.361825 0.440464 0.0277872 0.0208143
0 0.491186 0.794416 0.0299079 0.0250043
0 0.996783 0.617444 0.00639898 0.0108609
0 0.838155 0.15136 0.0184969 0.0189439
0 0.261621 0.231436 0.0328543 0.0189226
0 0.439304 0.519349 0.0364367 0.0237955
0 0.371806 0.724817 0.0396488 0.0292506
0 0.312204 0.57024 0.0269585 0.0235742
0 0.297962 0.0404465 0.0385948 0.0274096
0 0.321424 0.0785086 0.0192331 0.0190996
0 0.0685976 0.107095 0.0280184 0.0192968
0 0.992907 0.53382 0.0140812 0.0136043
0 0.568357 0.0337682 0.0230318 0.0255872
0 0.909572 0.894782 0.0151467 0.0136178
0 0.881133 0.820847 0.029235 0.0242246
0 0.5708 0.898798 0.0238931 0.0175382
0 0.985085 0.849391 0.0174775 0.0113361
0 0.443987 0.759512 0.0180237 0.0177177
