0 0.128843 0.967944 0.0235555 0.0189717
0 0.577352 0.995369 0.0203175 0.00926149
0 0.0671261 0.639334 0.0213698 0.0175145
0 0.146717 0.195341 0.0233091 0.0215767
0 0.593745 0.933093 0.0195993 0.0180729
0 0.827072 0.376912 0.0201906 0.018887
0 0.552508 0.695753 0.022263 0.0198562
0 0.215276 0.472737 0.0233676 0.0200489
0 0.769228 0.98705 0.0280883 0.0254724
0 0.073764 0.435014 0.0211717 0.0174049
0 0.0980866 0.839754 0.0229488 0.0199267
0 0.0982649 0.282482 0.0263942 0.0217365
0 0.0238234 0.201975 0.0198184 0.0164167
0 0.050503 0.690774 0.0258785 0.0211859
0 0.844173 0.962531 0.0236109 0.0209502
0 0.25955 0.980902 0.0232318 0.0205679
0 0.0741639 0.834143 0.0222324 0.0201533
0 0.0774352 0.140613 0.0260606 0.0219586
0 0.0117046 0.807366 0.0230921 0.021599
0 0.0781207 0.270674 0.0204593 0.0186591
0 0.7588 0.382589 0.0231619 0.0202611
0 0.986689 0.63743 0.0227658 0.0217916
0 0.569012 0.834956 0.0219412 0.0185601
0 0.249525 0.815352 0.021628 0.0158218
0 0.0490281 0.834924 0.0222988 0.0199465
0 0.7114 0.451235 0.0230531 0.0194009
0 0.0547783 0.379151 0.0242399 0.0228689
0 0.0152409 0.665682 0.0245217 0.0212789
0 0.191585 0.983087 0.0223968 0.0190439
0 0.686372 0.440383 0.0243982 0.0192093
0 0.151488 0.786638 0.0248301 0.0206302
0 0.178319 0.448038 0.0210379 0.0171806
0 0.330883 0.0370789 0.0223503 0.0181436
0 0.208926 0.873035 0.0228205 0.0197942
0 0.486121 0.184569 0.0216968 0.0198185
0 0.422828 0.43493 0.0251715 0.0226285
0 0.0139284 0.853861 0.0257625 0.0227414
0 0.440777 0.241673 0.0231749 0.018685
0 0.2292 0.952441 0.0244028 0.0199105
0 0.994744 0.718372 0.0105121 0.0194839
0 0.81268 0.995285 0.0229916 0.00943047
0 0.0616455 0.277718 0.0208981 0.0191477
0 0.0417189 0.302123 0.0235202 0.0205562
0 0.48084 0.0911926 0.0238734 0.0172623
0 0.12785 0.15543 0.0175361 0.0127944
0 0.120425 0.324277 0.0285206 0.0255184
0 0.178649 0.701642 0.0230133 0.0194043
0 0.0884493 0.0510523 0.030581 0.0222318
0 0.557772 0.30454 0.023416 0.015936
0 0.0954721 0.652227 0.0224842 0.0206593
0 0.828626 0.410512 0.0269074 0.024147
0 0.786814 0.674507 0.0228615 0.0194532
0 0.393919 0.951233 0.0219314 0.0187424
0 0.103597 0.87529 0.0222858 0.0222885
0 0.865856 0.433626 0.0216983 0.020412
0 0.0218126 0.141851 0.0225086 0.0189844
0 0.573812 0.699732 0.0222172 0.0213237
0 0.598717 0.848807 0.0225936 0.0192946
0 0.0499919 0.33597 0.0232721 0.0200163
0 0.618094 0.0533244 0.0216804 0.0192877
0 0.282845 0.97576 0.0237893 0.0201945
0 0.334169 0.915084 0.023167 0.0202579
0 0.796861 0.406686 0.0271993 0.0208488
0 0.556805 0.116646 0.021506 0.0196621
0 0.798362 0.577692 0.0242803 0.0220008
0 0.640527 0.433929 0.0271362 0.0242973
0 0.468769 0.451804 0.0247629 0.0212065
0 0.967067 0.759512 0.0236742 0.0204571
0 0.341935 0.874779 0.0236151 0.0212584
0 0.154482 0.762208 0.0233305 0.0214482
0 0.0603456 0.169503 0.0235132 0.0184557
0 0.48254 0.229114 0.0225202 0.0168306
0 0.773547 0.610608 0.0256656 0.0224532
0 0.270098 0.387767 0.0235425 0.0195126
0 0.055789 0.2297 0.0259537 0.020551
0 0.624025 0.176946 0.0261357 0.0232382
0 0.200677 0.338912 0.0248318 0.0224923
0 0.883086 0.946571 0.0209216 0.0185011
0 0.543652 0.613753 0.0252267 0.0215316
0 0.641225 0.377432 0.0202627 0.0175664
0 0.148162 0.400405 0.0230196 0.0199197
0 0.0745137 0.365175 0.0232575 0.0195454
0 0.0539681 0.0989324 0.0254557 0.0212123
0 0.749373 0.810872 0.0212886 0.015049
0 0.838061 0.816653 0.0211276 0.0206158
0 0.606665 0.781678 0.025634 0.0202202
0 0.875236 0.22736 0.0290508 0.022002
0 0.444638 0.898271 0.0248372 0.0208325
0 0.592419 0.821158 0.0236282 0.0216397
0 0.558874 0.930574 0.0248958 0.0166655
0 0.904843 0.387442 0.0234472 0.0207096
0 0.143737 0.116536 0.0230614 0.017946
0 0.103277 0.425692 0.0233095 0.0213364
0 0.49602 0.969011 0.0240822 0.0211231
0 0.87265 0.0683559 0.0244305 0.0204665
0 0.720933 0.687191 0.0246267 0.0238668
0 0.490524 0.014916 0.0232665 0.022384
0 0.248307 0.645326 0.0207684 0.0195268
0 0.384817 0.27238 0.0247611 0.0213333
0 0.414636 0.051352 0.0243091 0.0196024
0 0.208881 0.0262124 0.023901 0.0197135
0 0.634558 0.498915 0.0240459 0.0212623
0 0.645169 0.0467272 0.0229483 0.0192404
0 0.740663 0.0275586 0.0236865 0.0211226
0 0.0227946 0.949946 0.0259586 0.0207162
0 0.524795 0.284293 0.0206771 0.0164539
0 0.218339 0.634814 0.0221082 0.020536
0 0.0128108 0.508003 0.0250215 0.021291
0 0.240204 0.542305 0.0220112 0.0181794
0 0.671423 0.606258 0.0232034 0.0190507
0 0.0615576 0.862317 0.0240456 0.0216309
0 0.0829899 0.944899 0.0302024 0.021786
0 0.95944 0.649069 0.0218496 0.0195525
0 0.72337 0.797564 0.0230042 0.0209302
0 0.656231 0.586205 0.0270634 0.017229
0 0.676592 0.760658 0.023583 0.0190404
0 0.990089 0.87289 0.019821 0.0221428
0 0.0120447 0.904658 0.0239819 0.0236732
0 0.151805 0.0557176 0.0248839 0.0203336
0 0.991568 0.309155 0.0168638 0.0207064
0 0.558009 0.900621 0.0231237 0.0205072
0 0.0201034 0.434124 0.025897 0.021341
0 0.0485657 0.578409 0.0224583 0.0196332
0 0.687256 0.594922 0.0225354 0.020333
0 0.623335 0.28581 0.0234237 0.0191011
0 0.649019 0.561727 0.0236472 0.0222284
0 0.97954 0.710461 0.0210406 0.0198994
0 0.38521 0.0102097 0.0236416 0.0204194
0 0.475831 0.875329 0.0196744 0.0188274
0 0.495228 0.4949 0.0241477 0.0230137
0 0.298069 0.0237544 0.0232577 0.0229287
0 0.423138 0.35411 0.0247705 0.0218043
0 0.746314 0.733839 0.0245391 0.0215425
0 0.0507939 0.434686 0.0224876 0.0196132
0 0.631667 0.920921 0.0308448 0.0216827
0 0.801758 0.38534 0.0252747 0.0197577
0 0.934878 0.0122121 0.0227405 0.01781
0 0.544558 0.14819 0.0224438 0.0197263
0 0.129384 0.75707 0.0243545 0.0201697
0 0.665631 0.642953 0.0233498 0.019518
0 0.837363 0.132394 0.0252052 0.0198252
0 0.215487 0.707431 0.0245583 0.0219883
0 0.0351367 0.554008 0.0209253 0.0192562
0 0.517143 0.171794 0.0222034 0.0199756
0 0.531588 0.537026 0.0238786 0.0189133
0 0.945761 0.946215 0.0254088 0.0197102
0 0.116354 0.904872 0.0226423 0.0220618
0 0.961949 0.701714 0.0222199 0.0193855
0 0.460802 0.39855 0.0238581 0.0207864
0 0.29417 0.419346 0.02085 0.0174389
0 0.262353 0.139246 0.0251798 0.0217146
0 0.804791 0.825544 0.0271743 0.0176308
0 0.997323 0.798689 0.00531381 0.0154114
0 0.887925 0.410513 0.0222204 0.0224366
0 0.680595 0.400439 0.0242168 0.0227199
0 0.19023 0.0569144 0.0253423 0.0215559
0 0.982934 0.569603 0.0235981 0.0187261
0 0.572996 0.557519 0.0202374 0.0194868
0 0.983774 0.680863 0.0227804 0.0201114
0 0.397402 0.99676 0.0231685 0.00648093
0 0.475602 0.51998 0.0244451 0.0218303
0 0.241899 0.992327 0.023344 0.0153465
0 0.345504 0.513733 0.0195503 0.0176988
0 0.169664 0.00548386 0.0224533 0.0109677
0 0.986382 0.247368 0.0238588 0.0205119
0 0.0649794 0.562179 0.0232739 0.0207739
0 0.732248 0.452081 0.0195312 0.0209071
0 0.923155 0.644799 0.0268267 0.0295101
0 0.539806 0.986898 0.0242364 0.0230979
0 0.844368 0.782238 0.026783 0.0229239
0 0.38995 0.889936 0.0236947 0.0208088
0 0.776906 0.715494 0.0244917 0.021534
0 0.22864 0.0789828 0.0211827 0.0191481
0 0.0670348 0.654015 0.0225965 0.0172202
0 0.307052 0.108858 0.024442 0.0232157
0 0.0620723 0.0259228 0.0273538 0.0202792
0 0.471283 0.173323 0.0210407 0.0202252
0 0.494456 0.1115 0.022363 0.0159846
0 0.536087 0.260482 0.0177263 0.0164827
0 0.219742 0.759704 0.0298936 0.0280747
0 0.442014 0.0630786 0.0220511 0.0196393
0 0.171072 0.962898 0.0266078 0.0225875
0 0.737246 0.547063 0.0213759 0.0168329
0 0.23652 0.0112518 0.0253724 0.0223069
0 0.0260841 0.0780636 0.0214468 0.018319
0 0.0497505 0.757848 0.0250508 0.0200548
0 0.44018 0.304636 0.0245166 0.0230024
0 0.140406 0.541883 0.0220992 0.0192151
0 0.530879 0.585767 0.0244327 0.0191143
0 0.472624 0.347764 0.0199498 0.0169708
0 0.361132 0.423509 0.0258292 0.0201394
0 0.511888 0.889321 0.0236484 0.0208994
0 0.882858 0.267178 0.0237992 0.0167171
0 0.95174 0.385445 0.0242829 0.0183536
0 0.860334 0.938241 0.0273142 0.0239909
0 0.384671 0.253928 0.0233154 0.0190673
0 0.581009 0.191887 0.0210269 0.0178287
0 0.325869 0.610988 0.0227402 0.0197182
0 0.923371 0.977968 0.0240644 0.0214587
0 0.887045 0.185144 0.0284326 0.0206479
0 0.708298 0.415805 0.0246225 0.020701
0 0.579144 0.341502 0.0257493 0.0228464
0 0.418671 0.0741606 0.0228811 0.0202972
0 0.00656088 0.0697796 0.0131218 0.01683
0 0.449881 0.355134 0.0245858 0.0208682
0 0.985883 0.84726 0.027982 0.0234767
0 0.227235 0.270462 0.0249588 0.0233454
0 0.155421 0.315172 0.0272841 0.0223699
0 0.12437 0.500751 0.0194384 0.0198354
0 0.295563 0.301133 0.0217836 0.0196423
0 0.82247 0.113476 0.0269632 0.0233565
0 0.327136 0.993395 0.0239586 0.0132093
0 0.46787 0.478298 0.0235377 0.0198187
0 0.773171 0.653995 0.0285128 0.0188779
0 0.392746 0.384679 0.0226511 0.0184688
0 0.987091 0.457648 0.0214646 0.02019
0 0.943099 0.707655 0.0200848 0.0185609
0 0.439315 0.858515 0.0218993 0.0204172
0 0.949039 0.560529 0.0212094 0.0190073
0 0.285622 0.648264 0.0215147 0.0186373
0 0.508915 0.691129 0.0202221 0.0190253
0 0.78412 0.955764 0.0254202 0.0210776
0 0.9365 0.760404 0.021573 0.0194615
0 0.359068 0.0282353 0.0275293 0.0193872
0 0.521857 0.147663 0.0231709 0.0201942
0 0.593647 0.366829 0.0269631 0.0207329
0 0.0966689 0.553708 0.0228418 0.0183265
0 0.958837 0.520522 0.0249892 0.0209318
0 0.264767 0.754069 0.0260155 0.0234414
0 0.754676 0.557579 0.02173 0.0210585
0 0.90251 0.519767 0.0250778 0.0202398
0 0.294465 0.70897 0.0251851 0.0205211
0 0.507737 0.843782 0.0221876 0.0186842
0 0.406039 0.169861 0.0228112 0.0182507
0 0.350618 0.557124 0.0214715 0.0170394
0 0.049881 0.482594 0.0245917 0.0201435
0 0.670133 0.0793149 0.0232022 0.0187017
0 0.928561 0.180692 0.0206317 0.0186257
0 0.318983 0.431881 0.0263178 0.020615
0 0.68949 0.636435 0.024727 0.0220135
0 0.191174 0.413891 0.0214069 0.0185315
0 0.571749 0.153252 0.0222257 0.0203607
0 0.888332 0.446871 0.0295186 0.0223621
0 0.227773 0.557845 0.0248307 0.0208898
0 0.882756 0.333866 0.0197889 0.0177007
0 0.421461 0.205373 0.0259375 0.0224075
0 0.371285 0.154056 0.0266307 0.020572
0 0.199214 0.392865 0.0254085 0.0205266
0 0.289921 0.396465 0.0215026 0.0205419
0 0.542946 0.912739 0.0232954 0.0206438
0 0.640677 0.658926 0.0297234 0.0175446
0 0.812943 0.955537 0.0231839 0.0197439
0 0.47522 0.284709 0.0220118 0.0198377
0 0.0349617 0.592722 0.0204705 0.0179933
0 0.45484 0.0956403 0.023093 0.0202613
0 0.319878 0.829407 0.0246463 0.0199163
0 0.794959 0.0696289 0.0238622 0.020055
0 0.39702 0.235372 0.0208451 0.0157244
0 0.241996 0.473963 0.0248287 0.0223515
0 0.0251272 0.347239 0.0244701 0.0202229
0 0.994 0.388289 0.0119554 0.0222853
0 0.369982 0.696307 0.0216649 0.0201445
0 0.391481 0.122407 0.0210912 0.0194579
0 0.0751382 0.94411 0.0151386 0.0173395
0 0.319609 0.0809972 0.0219448 0.0206433
0 0.913323 0.478445 0.0199282 0.0182218
0 0.47109 0.323871 0.0217068 0.0153469
0 0.997117 0.443345 0.00572091 0.0165865
0 0.796689 0.123981 0.0209961 0.0161126
0 0.370113 0.57851 0.0289639 0.0188707
0 0.252819 0.601539 0.0253401 0.0228413
0 0.201316 0.553794 0.021795 0.019071
0 0.00750053 0.182268 0.0150011 0.023724
0 0.387203 0.41761 0.0224293 0.0182475
0 0.38353 0.364947 0.0214307 0.0174468
0 0.508157 0.36367 0.0217016 0.0194459
0 0.96514 0.307621 0.0242837 0.0205556
0 0.549035 0.517441 0.0247799 0.022213
0 0.774798 0.434319 0.0197091 0.0189309
0 0.433342 0.496807 0.0235948 0.0214088
0 0.870948 0.164419 0.025303 0.0198406
0 0.324608 0.562678 0.0241173 0.0202813
0 0.348942 0.6196 0.0227778 0.0209225
0 0.147246 0.499447 0.0283358 0.0212529
0 0.21178 0.677738 0.0203966 0.0175139
0 0.235589 0.373346 0.0243723 0.0210682
0 0.734617 0.428674 0.02266 0.0211804
0 0.320666 0.587826 0.026814 0.0213336
0 0.822039 0.69767 0.0276757 0.0221388
0 0.541591 0.0585716 0.0274215 0.0245435
0 0.0406332 0.414382 0.0218214 0.0159131
0 0.45716 0.561004 0.0234037 0.0217865
0 0.531024 0.300986 0.0195928 0.0189147
0 0.117562 0.043232 0.0218666 0.0189104
0 0.571057 0.554071 0.0246635 0.0249095
0 0.310593 0.860873 0.0222727 0.0193384
0 0.22011 0.166758 0.0243926 0.021634
0 0.331875 0.297808 0.0227668 0.0193346
0 0.515397 0.772225 0.0246753 0.0205364
0 0.720387 0.985103 0.0281155 0.0226112
0 0.305733 0.19796 0.0197526 0.0191717
0 0.508477 0.00825404 0.0175921 0.0157856
0 0.508334 0.910329 0.0236035 0.0186602
0 0.407484 0.691115 0.0254429 0.021699
0 0.709325 0.585603 0.0242144 0.0207818
0 0.956605 0.248551 0.0198243 0.0165056
0 0.419855 0.289258 0.0221082 0.0192183
0 0.861612 0.992729 0.0239329 0.0145413
0 0.319087 0.452619 0.0231057 0.0185751
0 0.184975 0.588455 0.0315167 0.0223002
0 0.346551 0.583406 0.0225183 0.0213035
0 0.553415 0.381357 0.0224749 0.0229155
0 0.340441 0.823919 0.0241709 0.0155015
0 0.270984 0.188344 0.0230556 0.0213949
0 0.178181 0.473771 0.0238775 0.0218616
0 0.242166 0.686654 0.0249061 0.0214701
0 0.848669 0.833837 0.0220081 0.0197741
0 0.414271 0.268549 0.0237074 0.0206874
0 0.949057 0.993185 0.0266308 0.0136294
0 0.462658 0.958365 0.0268172 0.0214516
0 0.505184 0.549544 0.0246013 0.022875
0 0.467126 0.136335 0.0212493 0.0207713
0 0.60543 0.949734 0.0267449 0.021218
0 0.973558 0.379127 0.0214112 0.0161327
0 0.983797 0.511918 0.0224133 0.0206704
0 0.465297 0.0423264 0.0241764 0.0190322
0 0.35735 0.338202 0.0217572 0.0195826
0 0.532807 0.354981 0.0242135 0.020985
0 0.333735 0.00461429 0.0224849 0.00922859
0 0.276005 0.293666 0.0216205 0.0197087
0 0.322224 0.70846 0.0217101 0.0180265
0 0.77259 0.0391441 0.025233 0.0213354
0 0.297922 0.566455 0.0232248 0.0210928
0 0.850569 0.475846 0.0196335 0.0156295
0 0.402047 0.718441 0.028269 0.0233749
0 0.180469 0.562764 0.018942 0.0181172
0 0.505465 0.468626 0.0210292 0.018081
0 0.298374 0.994257 0.0353726 0.0114862
0 0.00274966 0.562578 0.00549931 0.0171955
0 0.879078 0.804632 0.0226411 0.0226132
0 0.297955 0.157938 0.0307873 0.0215071
0 0.120728 0.837146 0.021228 0.0187256
0 0.163397 0.521787 0.0221437 0.0211251
0 0.864757 0.71813 0.0232661 0.0202309
0 0.109082 0.242767 0.0272238 0.0198155
0 0.450022 0.753487 0.0294426 0.0217521
0 0.387609 0.97122 0.0203194 0.0147156
0 0.982412 0.947194 0.0273882 0.0188258
0 0.486548 0.424274 0.0205395 0.0191373
0 0.262678 0.558289 0.0246439 0.0205985
0 0.897847 0.136843 0.0211865 0.0205804
0 0.752033 0.447237 0.0215526 0.0199117
0 0.347118 0.27878 0.0216929 0.020768
0 0.859782 0.0307745 0.0288612 0.0231823
0 0.497639 0.244369 0.0207464 0.0188463
0 0.0468149 0.457591 0.0268476 0.0175785
0 0.873217 0.904851 0.0275214 0.0199119
0 0.866458 0.718872 0.0192613 0.0156187
0 0.352448 0.711857 0.0234539 0.0201098
0 0.849545 0.415382 0.0197625 0.0189282
0 0.992978 0.0738455 0.0140436 0.020084
0 0.70654 0.777519 0.0283495 0.022365
0 0.241532 0.710414 0.0284382 0.020022
0 0.881817 0.485598 0.0218402 0.0165451
0 0.44724 0.263055 0.0248595 0.0187408
0 0.375795 0.7454 0.0241763 0.0195845
0 0.852125 0.499602 0.025429 0.0173317
0 0.20341 0.781348 0.0300849 0.0217116
0 0.280632 0.856799 0.021912 0.0214018
0 0.331079 0.330683 0.0236742 0.019628
0 0.324068 0.976241 0.0266363 0.0217081
0 0.604758 0.831635 0.0154389 0.0155198
0 0.358782 0.972692 0.0348943 0.0311026
0 0.490649 0.587121 0.0276973 0.0212484
0 0.78158 0.467086 0.0227389 0.0183727
0 0.238708 0.832178 0.0199804 0.0208302
0 0.86326 0.344273 0.0230986 0.0175567
0 0.020731 0.47129 0.0199005 0.0192588
0 0.950996 0.074026 0.0228547 0.0209167
0 0.706359 0.412939 0.0287561 0.0256689
0 0.693348 0.229505 0.0257156 0.0202122
0 0.88387 0.989942 0.0219488 0.0198106
0 0.522806 0.461138 0.0209113 0.0177273
0 0.970596 0.271735 0.0207565 0.0202522
0 0.142612 0.118387 0.0280361 0.018751
0 0.669041 0.984858 0.0179728 0.0133523
0 0.491263 0.0596895 0.0235495 0.0225219
0 0.214633 0.911884 0.0188501 0.0161207
0 0.560832 0.997038 0.015406 0.00592297
0 0.714198 0.734193 0.0238155 0.018715
0 0.928661 0.144647 0.0239555 0.0163281
0 0.00787152 0.00490081 0.015743 0.00980161
0 0.953662 0.133947 0.0267191 0.0198628
0 0.419885 0.968118 0.0210271 0.0172775
0 0.488558 0.793065 0.0270311 0.0233226
0 0.984704 0.488357 0.0227886 0.0216942
0 0.277898 0.618588 0.0311651 0.0266443
0 0.27348 0.364406 0.0317799 0.015365
0 0.637756 0.921375 0.020559 0.0185639
0 0.394852 0.860981 0.0259169 0.0219513
0 0.489451 0.682147 0.0240841 0.0223165
0 0.229135 0.181958 0.0223777 0.0173517
0 0.419857 0.594754 0.0255215 0.0190808
0 0.680912 0.973311 0.0162284 0.0128985
0 0.703876 0.34814 0.0235386 0.0228305
0 0.333801 0.258043 0.0225136 0.0198761
0 0.72387 0.354386 0.0229362 0.0230557
0 0.93261 0.311559 0.0220259 0.0182881
0 0.432077 0.0283106 0.0406103 0.016934
0 0.509339 0.312324 0.0220864 0.0199764
0 0.271653 0.995337 0.0185478 0.00932622
0 0.892346 0.447022 0.0227627 0.0205037
0 0.307306 0.00362258 0.0207815 0.00724516
0 0.352872 0.783942 0.0268938 0.0228616
0 0.303712 0.618974 0.0227747 0.0205327
0 0.885645 0.0399558 0.0236506 0.0217177
0 0.63764 0.698134 0.0212545 0.0204091
0 0.0878477 0.669457 0.0270685 0.0195951
0 0.616778 0.500405 0.0137547 0.0150025
0 0.36704 0.123229 0.0240573 0.0222035
0 0.338561 0.400161 0.0256875 0.0216517
0 0.0784347 0.0797403 0.0219207 0.0167586
0 0.402002 0.0303225 0.0222233 0.0187248
0 0.0785488 0.944224 0.0224028 0.0201382
0 0.904745 0.0526042 0.023369 0.0200824
0 0.0896141 0.771395 0.0263331 0.0213376
0 0.259358 0.839229 0.0204143 0.0179974
0 0.794607 0.0119484 0.026686 0.0187024
0 0.948735 0.739798 0.0220327 0.0222923
0 0.70481 0.722836 0.0207136 0.0153582
0 0.961429 0.158689 0.0221125 0.0174334
0 0.296172 0.788294 0.0219049 0.0190405
0 0.721544 0.968944 0.021647 0.0143158
0 0.526399 0.231796 0.0294345 0.0211239
0 0.0177671 0.327157 0.0355343 0.0282795
0 0.86846 0.105489 0.0222493 0.0200862
0 0.931143 0.596542 0.0210711 0.0178026
0 0.65367 0.459726 0.0252069 0.0233239
0 0.435222 0.414578 0.0232403 0.0200836
0 0.423926 0.00771538 0.0239027 0.0154308
0 0.315257 0.399214 0.0180929 0.0163235
0 0.106109 0.619956 0.0176664 0.0132982
0 0.982627 0.1219 0.0339469 0.0261803
0 0.668265 0.987001 0.0208287 0.0173979
0 0.346951 0.186849 0.0220172 0.0190427
0 0.502958 0.390104 0.0242767 0.0254796
0 0.26804 0.269462 0.0248939 0.0216171
0 0.521444 0.837853 0.0349991 0.0215303
0 0.932086 0.337753 0.0234947 0.0162313
0 0.509979 0.84163 0.0265029 0.0217563
0 0.468939 0.0630811 0.0230949 0.0208527
0 0.740932 0.468575 0.0150121 0.0115408
0 0.273524 0.823419 0.0224116 0.0192329
0 0.733155 0.564297 0.022233 0.0216675
0 0.673915 0.730521 0.0214424 0.0198185
0 0.773538 0.431865 0.0201699 0.0188037
0 0.31448 0.181123 0.0200555 0.0177366
0 0.288346 0.439178 0.0190839 0.0171899
0 0.835351 0.253338 0.0232268 0.0196358
0 0.00431961 0.243245 0.00863922 0.0196753
0 0.896909 0.623819 0.0200601 0.0170089
0 0.939638 0.807669 0.0246741 0.0195493
0 0.265693 0.00417086 0.0225824 0.00834172
0 0.0107193 0.786122 0.020558 0.0172281
0 0.519144 0.0232301 0.0289946 0.0194255
0 0.0144188 0.744339 0.0244565 0.0219097
0 0.881958 0.748978 0.0172451 0.0199259
0 0.649335 0.00323195 0.0244476 0.00646389
0 0.153877 0.419591 0.0230033 0.0193529
0 0.447739 0.974706 0.0192447 0.0163386
0 0.0647387 0.304678 0.0209112 0.0182676
0 0.115469 0.471142 0.0322312 0.025107
0 0.316874 0.357559 0.039721 0.0262014
0 0.0335027 0.991965 0.0218874 0.0157131
0 0.116932 0.203231 0.0221789 0.0208288
0 0.978137 0.272491 0.036107 0.0234399
0 0.505089 0.441679 0.0259288 0.0188928
0 0.433579 0.692007 0.0216344 0.0204118
0 0.106017 0.939149 0.0146739 0.0137801
0 0.0755778 0.414891 0.0196135 0.0104463
0 0.990911 0.351912 0.0181785 0.0201913
0 0.426352 0.87809 0.0216965 0.018917
0 0.477641 0.106459 0.0201783 0.0149278
0 0.92877 0.24963 0.0279047 0.0192971
0 0.418262 0.507099 0.0386479 0.0210567
0 0.709684 0.316319 0.0345294 0.025152
0 0.207469 0.851782 0.0258246 0.0176238
0 0.914312 0.994763 0.0261036 0.0104733
0 0.533104 0.398017 0.0206593 0.019068
0 0.395725 0.616413 0.0248078 0.0200075
0 0.76782 0.53596 0.0280784 0.020438
0 0.845822 0.385267 0.0211321 0.0180983
0 0.471996 0.764537 0.0217189 0.02022
0 0.968243 0.463747 0.0200189 0.0163115
0 0.742161 0.467779 0.019404 0.014366
0 0.275407 0.686244 0.0245709 0.0202033
0 0.294405 0.791035 0.0252717 0.0233292
0 0.989556 0.275984 0.0206867 0.0167267
0 0.31355 0.732695 0.0248269 0.0208157
0 0.45383 0.710908 0.0241579 0.0188172
0 0.676492 0.6947 0.0226236 0.0194263
0 0.270765 0.425279 0.0197243 0.0178682
0 0.297883 0.786708 0.0177506 0.014802
0 0.954588 0.00505267 0.0307922 0.0101053
0 0.487011 0.790725 0.0246934 0.0178077
0 0.273554 0.574857 0.0220692 0.017031
0 0.464225 0.884448 0.0167151 0.0167722
0 0.75598 0.00368559 0.0196876 0.00737117
0 0.323423 0.689974 0.0212675 0.0185238
0 0.416434 0.851686 0.023331 0.020652
0 0.501925 0.867315 0.0296402 0.0196686
0 0.759796 0.145023 0.0219924 0.0242647
0 0.934064 0.359457 0.0251434 0.0168022
0 0.633686 0.808653 0.0227612 0.0130444
0 0.525654 0.837481 0.0266968 0.0193764
0 0.2504 0.281583 0.0222034 0.0201923
0 0.99397 0.527542 0.0120598 0.022808
0 0.409444 0.749323 0.0243925 0.0199381
0 0.0856314 0.0526109 0.0257443 0.0187785
0 0.961345 0.184431 0.0203568 0.0166008
0 0.917455 0.162371 0.020184 0.0150026
0 0.995021 0.00302881 0.00995767 0.00605763
0 0.964587 0.664886 0.0231833 0.0201811
0 0.014396 0.288012 0.0269409 0.0233862
0 0.728825 0.513689 0.0441414 0.0307262
0 0.330862 0.953266 0.0441649 0.0269957
0 0.514576 0.093135 0.0347264 0.0184786
0 0.337371 0.639129 0.028861 0.0217033
0 0.990361 0.526671 0.0190793 0.0244123
0 0.930041 0.101502 0.0189761 0.0167359
0 0.882357 0.726909 0.0193415 0.0188149
0 0.130952 0.00471326 0.0186816 0.00942652
0 0.931986 0.34576 0.0258619 0.0320582
0 0.994685 0.79725 0.0103533 0.0205111
0 0.742848 0.983228 0.0267433 0.0303501
0 0.506875 0.343247 0.0239459 0.0213375
0 0.704151 0.272584 0.0271661 0.0221681
0 0.958759 0.539327 0.0221272 0.0182587
0 0.160708 0.543921 0.0226253 0.021082
0 0.635866 0.811997 0.0257604 0.0189624
0 0.257258 0.861662 0.0247954 0.0215343
0 0.6177 0.239416 0.0195186 0.0203439
0 0.536141 0.55058 0.0231606 0.022777
0 0.611774 0.636363 0.0222109 0.0152001
0 0.209227 0.970836 0.0336712 0.0269697
0 0.901921 0.806054 0.0196868 0.0200621
0 0.431845 0.500507 0.0257849 0.0279627
0 0.360105 0.445602 0.0327785 0.0198786
0 0.861388 0.142906 0.0181317 0.0151519
0 0.456982 0.787846 0.0229695 0.0198741
0 0.276274 0.350347 0.0228938 0.0194129
0 0.894092 0.110243 0.026867 0.0213937
0 0.928869 0.245321 0.0288891 0.0259952
0 0.183726 0.59094 0.0292818 0.0167121
0 0.584385 0.282221 0.0220697 0.0180676
0 0.229536 0.597164 0.0202887 0.0165483
0 0.320255 0.211251 0.024203 0.0201264
0 0.00980741 0.506396 0.0196148 0.0172606
0 0.838809 0.163056 0.0207682 0.0171882
0 0.694118 0.98927 0.0201221 0.0185208
0 0.83714 0.32118 0.0257934 0.0191949
0 0.364288 0.978859 0.024749 0.0189518
0 0.799418 0.145984 0.0211 0.0172652
0 0.499551 0.928581 0.0211823 0.0230547
0 0.669549 0.572748 0.0218298 0.0202491
0 0.735445 0.566202 0.0274665 0.0248362
0 0.0778135 0.0801494 0.0171223 0.0146973
0 0.984082 0.918565 0.031837 0.0289609
0 0.0869578 0.481249 0.0282946 0.0184859
0 0.075323 0.942272 0.0230077 0.0169853
0 0.768871 0.235389 0.0289226 0.0194389
0 0.181061 0.230597 0.0220662 0.0206189
0 0.72904 0.113724 0.0232924 0.0244434
0 0.691608 0.73855 0.0225409 0.0201625
0 0.494556 0.928886 0.0305053 0.0235985
0 0.923393 0.639949 0.0253341 0.0205799
0 0.519639 0.232928 0.0179409 0.0191973
0 0.48368 0.932419 0.0223642 0.0168827
0 0.99084 0.0539316 0.0183194 0.020575
0 0.986456 0.84209 0.0269688 0.0272704
0 0.362379 0.175678 0.0220084 0.0179093
0 0.996223 0.139311 0.00751191 0.0184648
0 0.99455 0.531665 0.0108857 0.0162421
0 0.429671 0.510322 0.0235744 0.0146168
0 0.712519 0.313608 0.0354038 0.0213636
0 0.475864 0.983638 0.018306 0.0181315
0 0.928131 0.240911 0.0308542 0.0316355
0 0.625673 0.919906 0.0198724 0.0188525
0 0.95862 0.340279 0.0225996 0.0192072
0 0.475031 0.705119 0.0245618 0.0189894
0 0.40492 0.109225 0.022863 0.01928
0 0.646038 0.284154 0.027225 0.0233365
0 0.766239 0.652896 0.0200806 0.019435
0 0.0297374 0.402211 0.0172244 0.0125349
0 0.0964075 0.574543 0.0341083 0.0195525
0 0.543477 0.0552197 0.0265408 0.0253494
0 0.0143773 0.740611 0.0278269 0.0280239
0 0.795756 0.126373 0.0235365 0.0194745
0 0.0126625 0.99565 0.0251448 0.00870013
0 0.890113 0.414588 0.0223801 0.0178052
0 0.71684 0.00665867 0.0232385 0.0133173
0 0.122287 0.143107 0.0134324 0.0112356
0 0.537133 0.553234 0.0210526 0.0175282
0 0.338401 0.840658 0.0231671 0.0192741
0 0.918962 0.983552 0.0336667 0.030614
0 0.0911961 0.57474 0.0237897 0.018091
0 0.734689 0.556719 0.0264876 0.0334193
0 0.777813 0.653819 0.0203068 0.0183818
0 0.774392 0.152239 0.0162143 0.015385
0 0.0252428 0.974385 0.0311738 0.0210188
0 0.427679 0.708397 0.0233102 0.0184427
0 0.722746 0.665381 0.0257197 0.0190205
0 0.778468 0.467696 0.0298584 0.0218512
0 0.694975 0.697151 0.0197861 0.0197176
0 0.960214 0.0922859 0.0208076 0.0170806
0 0.944953 0.272365 0.0195075 0.0155483
0 0.958457 0.528875 0.0270871 0.037457
0 0.747245 0.737869 0.026049 0.0275585
0 0.360461 0.976928 0.032247 0.0226434
0 0.15226 0.95833 0.020115 0.0186372
0 0.518086 0.266076 0.0212561 0.0186762
0 0.497085 0.241444 0.0194894 0.0158081
0 0.132965 0.852347 0.0213828 0.0186865
0 0.489346 0.93341 0.0335533 0.0182372
0 0.875746 0.232399 0.0307981 0.0184589
0 0.447143 0.602235 0.0196395 0.0181733
0 0.968167 0.36187 0.023816 0.0209347
0 0.759631 0.117141 0.027333 0.0226114
0 0.64798 0.207176 0.0251065 0.0199193
0 0.828819 0.181138 0.035588 0.035022
0 0.332628 0.521609 0.0470867 0.0339068
0 0.253251 0.353723 0.0284743 0.0202091
0 0.705516 0.879807 0.0322999 0.03355
0 0.169739 0.00682846 0.0263373 0.0136569
0 0.306992 0.356226 0.0217076 0.022728
0 0.0214861 0.253834 0.0215508 0.015649
0 0.0234949 0.980734 0.0362655 0.0341383
0 0.919972 0.0409129 0.0225435 0.021522
0 0.900415 0.35432 0.0260317 0.0255963
0 0.247042 0.425523 0.0241944 0.018538
0 0.387224 0.331358 0.0270493 0.0240469
0 0.113662 0.149609 0.0125419 0.01141
0 0.282387 0.615726 0.023221 0.0209281
0 0.636927 0.657569 0.0282418 0.0155324
0 0.423297 0.54133 0.0289101 0.0178593
0 0.744004 0.221797 0.020345 0.0176494
0 0.664139 0.534781 0.0240263 0.0224035
0 0.926082 0.791944 0.0267722 0.0172876
0 0.485399 0.897019 0.0198879 0.0157156
0 0.665287 0.113026 0.0247569 0.0236891
0 0.703214 0.18498 0.0347917 0.0265503
0 0.485462 0.812707 0.0241399 0.020564
0 0.207629 0.781064 0.0232355 0.0201257
0 0.319533 0.528451 0.0220538 0.0189982
0 0.980403 0.487738 0.0320973 0.0241244
0 0.904079 0.745887 0.0206203 0.0172885
0 0.887837 0.499348 0.0203438 0.016614
0 0.548121 0.514154 0.0237828 0.0213432
0 0.963869 0.892745 0.0330999 0.0209516
0 0.72334 0.358078 0.0218285 0.0210617
0 0.259328 0.137311 0.0223536 0.0186676
0 0.962788 0.662489 0.025501 0.0227183
0 0.0957998 0.118156 0.0142106 0.0146596
0 0.267129 0.995313 0.0271845 0.00937492
0 0.477764 0.911131 0.0270116 0.0234513
0 0.20824 0.443861 0.0248115 0.0198062
0 0.727266 0.664827 0.01797 0.0169327
0 0.304321 0.2778 0.0248 0.0232503
0 0.700312 0.266638 0.0332881 0.0337782
0 0.163401 0.582593 0.0261999 0.0210938
0 0.101835 0.577289 0.0228679 0.0147365
0 0.29641 0.020489 0.0223899 0.0179788
0 0.497111 0.532034 0.0231614 0.0198561
0 0.52086 0.704725 0.0190959 0.0166104
0 0.330786 0.916503 0.0281192 0.024469
0 0.89196 0.451133 0.0225319 0.0200065
0 0.465885 0.599198 0.0347736 0.0251849
0 0.517573 0.8412 0.0413471 0.0263273
0 0.779561 0.177159 0.0231411 0.0190185
0 0.927364 0.23439 0.0297517 0.0230432
0 0.273889 0.620265 0.0252128 0.0217938
0 0.481147 0.899135 0.0298407 0.01932
0 0.994547 0.522358 0.0108721 0.0160333
0 0.895358 0.621822 0.0208709 0.0195219
0 0.751563 0.00392153 0.0282833 0.00784306
0 0.933076 0.35053 0.0259698 0.0330407
0 0.92624 0.652771 0.0208299 0.0173233
0 0.98891 0.160556 0.0197695 0.0187149
0 0.922002 0.0712756 0.0186446 0.0171563
0 0.830992 0.404329 0.0246205 0.0157781
0 0.270411 0.212304 0.0279204 0.0168235
0 0.765542 0.146587 0.0332664 0.0256932
0 0.884044 0.492177 0.0258601 0.0288335
0 0.913404 0.952704 0.0203077 0.0182305
0 0.456113 0.558249 0.0222207 0.0178703
0 0.143673 0.229461 0.0287969 0.0206202
0 0.819991 0.888473 0.0246082 0.0239527
0 0.481513 0.0943448 0.0254497 0.0234376
0 0.456144 0.857747 0.0154524 0.0137985
0 0.373125 0.834005 0.0322326 0.0239655
0 0.840966 0.521978 0.0144956 0.0164692
0 0.344601 0.6018 0.0212688 0.0167113
0 0.17364 0.965674 0.0211267 0.0185294
0 0.764144 0.650576 0.0163405 0.0159932
0 0.868619 0.821205 0.0180128 0.0151476
0 0.819951 0.754357 0.0266068 0.0239608
0 0.735388 0.162572 0.0323043 0.0259621
0 0.956426 0.873639 0.0204578 0.0164694
0 0.499141 0.921846 0.0202686 0.014154
0 0.740807 0.977046 0.0225499 0.0184696
0 0.682072 0.00783711 0.0192438 0.0156742
0 0.692794 0.11599 0.0176262 0.0176069
0 0.492142 0.0541931 0.021048 0.0120457
0 0.332187 0.78905 0.0184008 0.017314
0 0.960952 0.652184 0.0268467 0.0252718
0 0.126073 0.0807908 0.0247803 0.0164998
0 0.127513 0.0804727 0.0199064 0.0141677
0 0.0521965 0.686931 0.0225783 0.0171465
0 0.847044 0.779156 0.0219163 0.0177854
0 0.369806 0.829326 0.0253275 0.0142599
0 0.758216 0.175766 0.0193294 0.0188263
0 0.205458 0.874293 0.0326773 0.0236748
0 0.991836 0.522035 0.0161114 0.0157785
0 0.0169601 0.051907 0.0339203 0.0345406
0 0.222209 0.763646 0.0254514 0.0208128
0 0.260647 0.139709 0.0313272 0.0256816
0 0.983112 0.949449 0.0332431 0.0243374
0 0.681673 0.0122972 0.0201093 0.0245945
0 0.260481 0.864845 0.0301884 0.0257891
0 0.387763 0.891515 0.0303398 0.0240555
0 0.271936 0.591891 0.0251489 0.0202755
0 0.387525 0.888033 0.0209174 0.0171785
0 0.961478 0.659036 0.0279741 0.0322443
0 0.493656 0.967072 0.020864 0.0177985
0 0.461418 0.00320479 0.0156484 0.00640958
0 0.743737 0.948149 0.0285618 0.0301065
0 0.284334 0.0522903 0.0180042 0.0143301
0 0.881801 0.531168 0.0190066 0.017719
0 0.0329901 0.593629 0.0243343 0.0219364
0 0.257217 0.0288688 0.0221881 0.0145926
0 0.623375 0.182933 0.0278947 0.0344045
0 0.0608605 0.028683 0.0260871 0.0185557
0 0.836456 0.552866 0.0274988 0.020341
0 0.608374 0.778597 0.0234728 0.0158139
0 0.655876 0.181384 0.0270182 0.0184014
0 0.447607 0.830246 0.0220231 0.0172141
0 0.768207 0.982646 0.0242285 0.0165367
0 0.390821 0.39057 0.0262567 0.0298907
0 0.121412 0.471103 0.0215524 0.0224533
0 0.87923 0.452735 0.0174375 0.0197186
0 0.373708 0.603089 0.0240091 0.0171932
0 0.0828198 0.308491 0.0201472 0.0184311
0 0.117816 0.90795 0.0214222 0.019578
0 0.987129 0.839977 0.0256192 0.0194362
0 0.873709 0.228028 0.0343547 0.0266791
0 0.936324 0.508854 0.0235894 0.0208986
0 0.489828 0.798925 0.0248358 0.0171283
0 0.398163 0.993358 0.0241134 0.0129265
0 0.244656 0.404559 0.0173243 0.0162576
0 0.498651 0.925179 0.0213149 0.0190313
0 0.286201 0.831564 0.0201898 0.0159988
0 0.591668 0.365525 0.0240849 0.016847
0 0.10338 0.00814475 0.0247287 0.0162895
0 0.0910436 0.0214298 0.0234076 0.019146
0 0.504039 0.869209 0.025223 0.0166925
0 0.94535 0.116929 0.0185972 0.0173479
0 0.493893 0.71032 0.025185 0.0212269
0 0.0512802 0.0966636 0.0236017 0.0162893
0 0.266351 0.868534 0.0217489 0.0221794
0 0.63962 0.69568 0.0236844 0.0201085
0 0.376666 0.777263 0.0225756 0.0182709
0 0.480167 0.90601 0.0304275 0.0328056
0 0.460973 0.419673 0.0225803 0.0212149
0 0.384893 0.40008 0.0232491 0.0186608
0 0.252422 0.308258 0.0273648 0.0177469
0 0.0194285 0.473123 0.0246172 0.0216652
0 0.864019 0.721975 0.0253013 0.0227119
0 0.273344 0.173152 0.0210125 0.0157122
0 0.921376 0.85493 0.0331158 0.0266201
0 0.915732 0.506585 0.0248852 0.0195329
0 0.592712 0.369678 0.031538 0.0244244
0 0.309276 0.732099 0.0317191 0.0215974
0 0.956637 0.892361 0.0430515 0.0221222
0 0.774816 0.712891 0.0231482 0.0187459
0 0.827011 0.176887 0.0318126 0.0276898
0 0.14362 0.122193 0.0288124 0.0260623
0 0.331147 0.762666 0.0280396 0.0208386
0 0.925137 0.649856 0.024303 0.0202593
0 0.289259 0.995474 0.0167567 0.00905222
0 0.105711 0.617614 0.0215126 0.0176422
0 0.545972 0.152434 0.0249736 0.027459
0 0.696784 0.263403 0.0400478 0.0413978
0 0.888438 0.0072653 0.0247162 0.0145306
0 0.974347 0.0679571 0.0295903 0.0175497
0 0.376885 0.598018 0.0303479 0.0274043
0 0.012986 0.0467174 0.0259719 0.0244649
0 0.991324 0.0967143 0.0167165 0.0168175
0 0.752056 0.746443 0.0191453 0.0141423
0 0.521835 0.0933247 0.0212619 0.0169193
0 0.172616 0.958204 0.0250939 0.0176611
0 0.915662 0.292099 0.0232472 0.0240502
0 0.863443 0.00777665 0.0208406 0.0155533
0 0.369118 0.520059 0.0340554 0.0316118
0 0.732691 0.711473 0.0170184 0.0132242
0 0.00710778 0.0942602 0.0142156 0.020579
0 0.398867 0.769109 0.0239646 0.0221605
0 0.699694 0.189438 0.0299178 0.0213552
0 0.0273269 0.991314 0.0329522 0.0169882
0 0.215478 0.634837 0.0301756 0.0228378
0 0.0395283 0.411915 0.0215696 0.0153581
0 0.227627 0.0763695 0.0207625 0.0155903
0 0.36575 0.522442 0.0265792 0.0357141
0 0.114056 0.148275 0.0147256 0.0137543
0 0.271607 0.181655 0.0230649 0.0291056
0 0.182489 0.78201 0.0146609 0.0197793
0 0.353618 0.444865 0.02095 0.0175042
0 0.719994 0.945966 0.0309948 0.029728
0 0.808296 0.258388 0.0206739 0.0159856
0 0.555071 0.263691 0.0193316 0.0159803
0 0.145607 0.560331 0.0229391 0.0150501
0 0.630896 0.678121 0.0318258 0.0168129
0 0.547611 0.164201 0.0260904 0.0203605
0 0.82907 0.406561 0.0263526 0.0192178
0 0.0139731 0.991847 0.0279463 0.0162854
0 0.455428 0.690421 0.0223002 0.0182125
0 0.497151 0.964424 0.0229367 0.0161467
0 0.9435 0.704973 0.0188011 0.0154089
0 0.0085312 0.0437939 0.0170624 0.0153623
0 0.226771 0.267498 0.0228294 0.0175785
0 0.384878 0.276674 0.0252384 0.0274395
0 0.918003 0.852108 0.0289713 0.0200091
0 0.303731 0.108485 0.0324603 0.0265335
0 0.184097 0.780549 0.0133531 0.0198439
0 0.325083 0.357898 0.0251264 0.0213979
0 0.93625 0.806154 0.0280542 0.0210137
0 0.96951 0.368807 0.0276532 0.031336
0 0.914559 0.0855206 0.0236803 0.0193845
0 0.98448 0.684122 0.0222012 0.0177372
0 0.194108 0.780447 0.011924 0.0191746
0 0.00572398 0.252259 0.011448 0.0375808
0 0.413206 0.391321 0.0258365 0.0263266
0 0.687197 0.250434 0.0266988 0.0202508
0 0.212502 0.410754 0.0227666 0.0234041
0 0.428917 0.395812 0.0170016 0.0135567
0 0.154022 0.311872 0.0296635 0.0205689
0 0.0672491 0.305617 0.0249575 0.0210691
0 0.794509 0.140232 0.0307849 0.0300193
0 0.11866 0.321079 0.0252929 0.0203926
0 0.717065 0.66666 0.0147627 0.0164351
0 0.0538255 0.232191 0.0303093 0.0246928
0 0.985152 0.849992 0.0250738 0.019267
0 0.692042 0.633531 0.020956 0.0173447
0 0.230637 0.443004 0.023542 0.0180448
0 0.723123 0.690494 0.0232336 0.0188262
0 0.621098 0.286846 0.0302788 0.0218455
0 0.83049 0.225107 0.0265558 0.0217298
0 0.721461 0.9737 0.023361 0.0226574
0 0.608032 0.784468 0.0238119 0.0163807
0 0.614916 0.635023 0.0275968 0.0178039
0 0.310691 0.35708 0.0289685 0.0243339
0 0.568753 0.806017 0.0245501 0.0194111
0 0.553549 0.80635 0.0406486 0.0218723
0 0.0796819 0.00809277 0.023687 0.0161855
0 0.969216 0.0663568 0.0196926 0.0146612
0 0.555205 0.180574 0.0343522 0.0207929
0 0.51723 0.234742 0.0134342 0.0155388
0 0.880546 0.947775 0.0263547 0.0217873
0 0.729817 0.161804 0.0432587 0.0294236
0 0.267603 0.756563 0.0217409 0.017309
0 0.723562 0.0376577 0.0186024 0.0142764
0 0.422207 0.20221 0.0258596 0.0186882
0 0.77824 0.657025 0.0176814 0.0133814
0 0.991818 0.00334756 0.0163634 0.00669513
0 0.873674 0.809827 0.0308575 0.0277256
0 0.9534 0.521008 0.0146945 0.0151353
0 0.914892 0.298198 0.0225784 0.0177869
0 0.420215 0.390298 0.0349084 0.0257314
0 0.955519 0.851718 0.0211908 0.0191748
0 0.342692 0.515811 0.025203 0.0227922
0 0.769643 0.0409522 0.0296903 0.0243715
0 0.0896664 0.945302 0.0182774 0.0193231
0 0.561833 0.806173 0.0311986 0.0206268
0 0.251806 0.260274 0.0218817 0.0203019
0 0.771715 0.17849 0.0410131 0.0217035
0 0.226352 0.17651 0.0244635 0.0265167
0 0.874004 0.838285 0.0305117 0.0201215
0 0.720681 0.97905 0.0248381 0.028306
0 0.380178 0.836291 0.0229742 0.0200215
0 0.460188 0.684046 0.0238231 0.0231918
0 0.862824 0.718833 0.0289136 0.0269989
0 0.293324 0.7967 0.0240953 0.0180955
0 0.543158 0.0645441 0.0293859 0.0172019
0 0.39321 0.474868 0.0232397 0.0191688
0 0.997339 0.291714 0.00523329 0.0163166
0 0.36743 0.394729 0.0293104 0.0272825
0 0.812226 0.30822 0.0258205 0.0168687
0 0.211225 0.678163 0.0256691 0.0204244
0 0.400014 0.107085 0.028836 0.0187129
0 0.377306 0.781973 0.0240327 0.0273428
0 0.0070835 0.328029 0.014167 0.0244701
0 0.32628 0.16644 0.0200664 0.0165126
0 0.707116 0.885893 0.0287034 0.0235258
0 0.470266 0.87786 0.0301556 0.0229048
0 0.976068 0.0928415 0.0173073 0.0175605
0 0.546496 0.806594 0.0287769 0.0212024
0 0.579439 0.992974 0.0268791 0.0137178
0 0.72058 0.682733 0.0235378 0.0159166
0 0.977223 0.122959 0.0235084 0.0219922
0 0.555527 0.285716 0.0207589 0.0161294
0 0.400257 0.111593 0.0259489 0.0207646
0 0.859309 0.934727 0.0253932 0.019678
0 0.74165 0.942263 0.0209091 0.0183949
0 0.121938 0.0812764 0.0144378 0.0140439
0 0.15527 0.427255 0.0271554 0.0342389
0 0.260298 0.0303872 0.0307055 0.0183573
0 0.990196 0.348572 0.019608 0.0245949
0 0.863363 0.941871 0.0245835 0.0208208
0 0.997711 0.45027 0.00457716 0.0281982
0 0.913141 0.295346 0.0259935 0.0227744
0 0.383969 0.836274 0.0171158 0.01823
0 0.659468 0.693094 0.0191962 0.0200616
0 0.674885 0.601571 0.0158019 0.0117993
0 0.536248 0.986996 0.0331758 0.0248255
0 0.264352 0.864459 0.0236644 0.0200012
