0 0.401568 0.995458 0.0245831 0.00908434
0 0.258548 0.971105 0.0214667 0.0202435
0 0.576177 0.972826 0.0230108 0.0199559
0 0.964959 0.513894 0.0233815 0.0207639
0 0.794987 0.945259 0.0257182 0.0218188
0 0.590373 0.933036 0.0228631 0.0190843
0 0.545407 0.446104 0.0254322 0.0201488
0 0.228816 0.426336 0.0214027 0.0192894
0 0.379981 0.977428 0.0244766 0.0222522
0 0.668697 0.737646 0.0228509 0.0222192
0 0.476935 0.728058 0.0250374 0.0213344
0 0.313813 0.781159 0.0226869 0.0199238
0 0.223319 0.227417 0.0219198 0.019837
0 0.176047 0.922643 0.02434 0.020301
0 0.1789 0.886787 0.0246327 0.0209457
0 0.730969 0.696611 0.0243816 0.0211182
0 0.51882 0.855776 0.0261196 0.0194865
0 0.498456 0.921988 0.025675 0.020849
0 0.197695 0.91925 0.0224083 0.0193699
0 0.0887608 0.0414751 0.0208952 0.0195751
0 0.828257 0.63717 0.0226966 0.0190754
0 0.0142554 0.78026 0.0220661 0.0203353
0 0.546408 0.545676 0.0230654 0.0205161
0 0.217564 0.97815 0.0238672 0.0196423
0 0.144233 0.767515 0.0226147 0.0219162
0 0.934613 0.97092 0.0245337 0.0202715
0 0.763476 0.812434 0.0273045 0.0202877
0 0.774551 0.662703 0.0257633 0.02191
0 0.413562 0.820271 0.0270108 0.0224593
0 0.855501 0.621211 0.0249426 0.0191618
0 0.399855 0.958574 0.0220297 0.02025
0 0.581926 0.802826 0.0276052 0.0197886
0 0.0304241 0.00979355 0.0224076 0.0195871
0 0.0657108 0.291681 0.0243775 0.0198521
0 0.168518 0.9946 0.0235889 0.0107999
0 0.216921 0.889083 0.0253259 0.0231566
0 0.111429 0.837189 0.0214254 0.0174758
0 0.240085 0.0988981 0.0220308 0.0191182
0 0.0550089 0.819047 0.0221286 0.0198174
0 0.120242 0.975909 0.025971 0.0210664
0 0.554477 0.734592 0.0243908 0.020587
0 0.7203 0.488974 0.0234307 0.0199429
0 0.570849 0.88134 0.0231072 0.0212873
0 0.250011 0.896549 0.0230569 0.0199403
0 0.248904 0.322256 0.0230442 0.0166596
0 0.895222 0.634471 0.0251064 0.0244613
0 0.45382 0.378421 0.022865 0.0191657
0 0.594481 0.870296 0.0244187 0.0209129
0 0.134335 0.904613 0.0241613 0.0232992
0 0.955658 0.462779 0.0219834 0.0188138
0 0.0178306 0.103744 0.0241317 0.0215084
0 0.601313 0.220713 0.0234236 0.0197505
0 0.992097 0.631596 0.0158064 0.0191442
0 0.901691 0.0291708 0.0249744 0.0202636
0 0.527229 0.137082 0.0212411 0.0195451
0 0.389576 0.775212 0.0238209 0.0216275
0 0.00505708 0.623506 0.0101142 0.0179428
0 0.983401 0.976271 0.0209273 0.0213084
0 0.290343 0.781479 0.0208746 0.018618
0 0.545026 0.0995182 0.026053 0.0213638
0 0.487307 0.946899 0.0257351 0.0224137
0 0.860193 0.977567 0.0271065 0.0241178
0 0.405589 0.237187 0.0214415 0.0195025
0 0.869633 0.648861 0.0260572 0.0216946
0 0.316975 0.942859 0.0257818 0.023701
0 0.547833 0.157996 0.0248851 0.0196967
0 0.197729 0.425178 0.0230611 0.0191086
0 0.193703 0.0266342 0.0308944 0.0216479
0 0.96002 0.642455 0.0259805 0.0269718
0 0.144405 0.938879 0.0234726 0.0196452
0 0.530493 0.589727 0.0225767 0.02013
0 0.0596981 0.138365 0.0245763 0.0234073
0 0.620605 0.958674 0.0238448 0.0206838
0 0.694604 0.513589 0.0235046 0.0212808
0 0.410472 0.885464 0.0512459 0.0232062
0 0.285559 0.911754 0.0207492 0.0194853
0 0.321887 0.705812 0.0235046 0.0203543
0 0.897399 0.920403 0.0211096 0.0178459
0 0.765469 0.957277 0.0233533 0.0202624
0 0.992103 0.0781501 0.0157344 0.0202036
0 0.434293 0.429385 0.0199984 0.0187505
0 0.169603 0.156265 0.0230464 0.0194945
0 0.610837 0.996887 0.0209014 0.00622511
0 0.887831 0.0625605 0.0228791 0.0196374
0 0.225164 0.756847 0.0253925 0.0224493
0 0.344035 0.133395 0.0227168 0.0199771
0 0.273221 0.939581 0.0215221 0.0219522
0 0.730859 0.605917 0.0245059 0.0205283
0 0.555794 0.0582465 0.0242071 0.0193576
0 0.0246458 0.0622948 0.0239488 0.0216355
0 0.402128 0.590684 0.0254475 0.020946
0 0.839359 0.596651 0.0236391 0.0177868
0 0.0559946 0.542995 0.0237154 0.0201997
0 0.0785417 0.823391 0.0214084 0.0210292
0 0.556344 0.0249904 0.0246213 0.0214598
0 0.388403 0.677297 0.0251171 0.0210118
0 0.203027 0.819224 0.0224831 0.0203657
0 0.353039 0.705192 0.0216516 0.0193338
0 0.985228 0.0606073 0.020807 0.0204362
0 0.0935099 0.15141 0.0261152 0.0227325
0 0.534553 0.365727 0.0248621 0.0203389
0 0.671182 0.697861 0.0233797 0.0223653
0 0.168904 0.237745 0.0229989 0.0202302
0 0.0733602 0.702891 0.0218998 0.0189711
0 0.19307 0.550047 0.0229566 0.0194185
0 0.553242 0.966807 0.0222573 0.018495
0 0.608955 0.041449 0.0234764 0.0201739
0 0.472557 0.241704 0.0220592 0.0205277
0 0.132294 0.366268 0.0207183 0.0190793
0 0.0552024 0.992144 0.0239872 0.0157126
0 0.545984 0.281021 0.0228156 0.0201738
0 0.601778 0.105472 0.0208857 0.0190355
0 0.312912 0.0155319 0.0255761 0.0198312
0 0.456722 0.319067 0.0224908 0.0203622
0 0.641224 0.540107 0.0212717 0.0198058
0 0.467585 0.44396 0.0214903 0.0209313
0 0.527685 0.988564 0.0258811 0.0214484
0 0.0473558 0.968808 0.0205315 0.018656
0 0.0938317 0.876712 0.0251194 0.0229467
0 0.300553 0.877309 0.0303908 0.0217928
0 0.49303 0.648104 0.0250264 0.0227919
0 0.662034 0.654338 0.0264193 0.0227435
0 0.685113 0.673347 0.0245228 0.0215587
0 0.874416 0.453828 0.0233011 0.020412
0 0.520439 0.0192695 0.0222334 0.019434
0 0.106603 0.111632 0.0227789 0.0194828
0 0.935458 0.818506 0.0236465 0.0212052
0 0.62989 0.484763 0.0209773 0.0196941
0 0.700309 0.866908 0.0259547 0.0185865
0 0.188448 0.952881 0.0301627 0.0237076
0 0.287974 0.993628 0.0290129 0.0127435
0 0.265076 0.303044 0.0219566 0.019578
0 0.896924 0.113883 0.021903 0.0201948
0 0.860241 0.776474 0.0217844 0.0200226
0 0.635291 0.185873 0.02259 0.0190621
0 0.550618 0.478539 0.0241644 0.019628
0 0.346479 0.88379 0.0249906 0.0337463
0 0.460836 0.103378 0.0232326 0.0204774
0 0.307957 0.335582 0.0237851 0.0221049
0 0.486317 0.159131 0.0250837 0.0185949
0 0.85466 0.00454937 0.0219054 0.00909874
0 0.0310846 0.810712 0.021469 0.021157
0 0.439692 0.956076 0.0207855 0.021061
0 0.395856 0.883866 0.0238501 0.0184888
0 0.834055 0.921288 0.0241112 0.0217039
0 0.880161 0.935951 0.0229306 0.0181128
0 0.888282 0.791519 0.0226746 0.0201291
0 0.57349 0.768982 0.0218051 0.0205243
0 0.61586 0.65435 0.0275329 0.0192282
0 0.372263 0.515141 0.0231841 0.0201134
0 0.705806 0.631637 0.0253989 0.0217131
0 0.296285 0.0835884 0.02466 0.0213299
0 0.605824 0.243201 0.0240659 0.0203446
0 0.0781576 0.414329 0.0245964 0.0206388
0 0.265579 0.220964 0.0225851 0.0216198
0 0.470892 0.909754 0.0289524 0.0254053
0 0.879375 0.682732 0.024528 0.0192878
0 0.587851 0.638108 0.0294645 0.0188855
0 0.363166 0.430406 0.0249518 0.022018
0 0.400959 0.216292 0.0249145 0.0201804
0 0.372223 0.659437 0.0210641 0.017794
0 0.145069 0.512961 0.0239975 0.0176442
0 0.535276 0.835355 0.0235753 0.019689
0 0.268293 0.685984 0.0218726 0.0195983
0 0.487848 0.834209 0.0261299 0.0197147
0 0.0147128 0.350953 0.020042 0.0188806
0 0.0911578 0.920265 0.0221136 0.0194934
0 0.342621 0.3705 0.0218755 0.0196591
0 0.672239 0.992387 0.0233176 0.0152257
0 0.747993 0.0684201 0.0248934 0.0213725
0 0.249237 0.0565921 0.0246876 0.0220695
0 0.775056 0.985957 0.0239199 0.0204051
0 0.205577 0.840151 0.0193341 0.0192277
0 0.51986 0.404054 0.0258367 0.0198273
0 0.4148 0.167632 0.0200673 0.0195846
0 0.800217 0.989336 0.0254939 0.0210402
0 0.207746 0.318464 0.0218595 0.0187086
0 0.610654 0.885067 0.0218127 0.0194632
0 0.0224052 0.621028 0.0261651 0.0201554
0 0.675681 0.891476 0.0247787 0.0210847
0 0.918767 0.161446 0.0236486 0.0219902
0 0.988278 0.157224 0.0220265 0.0183581
0 0.00898242 0.232719 0.0179648 0.0205668
0 0.721284 0.588763 0.0247602 0.0183601
0 0.6099 0.61641 0.0215483 0.0189847
0 0.946831 0.0989449 0.0263331 0.0219899
0 0.348529 0.945059 0.0251647 0.0193144
0 0.940359 0.0535536 0.0252342 0.0235909
0 0.402145 0.884407 0.0358043 0.0204306
0 0.210904 0.00476517 0.0222636 0.00953033
0 0.388726 0.149372 0.0223843 0.0194914
0 0.75027 0.201451 0.0218347 0.0200819
0 0.426828 0.991192 0.0237704 0.0173538
0 0.719983 0.785345 0.0236117 0.0239348
0 0.205494 0.0968979 0.0210467 0.0204759
0 0.947909 0.924473 0.0229586 0.0191608
0 0.771007 0.477757 0.0240537 0.0201689
0 0.77529 0.16323 0.0259393 0.0243197
0 0.83655 0.997464 0.0190459 0.00507182
0 0.505762 0.968801 0.0204469 0.0208123
0 0.352854 0.764884 0.0235799 0.0191063
0 0.517768 0.452312 0.0238366 0.0190043
0 0.549975 0.712436 0.0303039 0.0185534
0 0.870893 0.606276 0.0246939 0.0192838
0 0.320911 0.831947 0.0178486 0.0169895
0 0.662974 0.578537 0.0286556 0.0167986
0 0.130725 0.991248 0.0257662 0.0171142
0 0.827502 0.00690173 0.022024 0.0138035
0 0.454183 0.495995 0.0223833 0.0213127
0 0.183423 0.391198 0.0224398 0.019567
0 0.227626 0.328611 0.0226072 0.0191112
0 0.948341 0.897584 0.0234542 0.0203204
0 0.498183 0.14809 0.0161601 0.0138825
0 0.17038 0.305598 0.0218945 0.021396
0 0.0950536 0.983205 0.0231779 0.0252073
0 0.128419 0.190707 0.0242047 0.020341
0 0.149155 0.106326 0.0263657 0.0176871
0 0.424839 0.644303 0.0216126 0.0196413
0 0.0034324 0.148922 0.00686479 0.016186
0 0.552896 0.136028 0.0241718 0.0219047
0 0.710831 0.153016 0.0236034 0.020738
0 0.0104951 0.827765 0.0209903 0.0216275
0 0.089322 0.277081 0.023167 0.0182564
0 0.420251 0.491799 0.0208864 0.019502
0 0.949645 0.792835 0.0276606 0.0222384
0 0.317457 0.0545653 0.0244753 0.0224021
0 0.659803 0.0912498 0.0226801 0.0184713
0 0.605887 0.388711 0.0252398 0.0236451
0 0.485319 0.295558 0.0241372 0.0207854
0 0.948172 0.00996705 0.0235873 0.0199341
0 0.926877 0.371046 0.0269645 0.027725
0 0.00805576 0.9573 0.0161115 0.0186089
0 0.409438 0.774872 0.0228689 0.0206006
0 0.592632 0.491124 0.0240195 0.0185506
0 0.944072 0.749972 0.0268295 0.0187967
0 0.197378 0.681445 0.0213168 0.018076
0 0.524379 0.813857 0.0249648 0.020284
0 0.652561 0.614384 0.0250928 0.023513
0 0.631235 0.904253 0.0243617 0.0196228
0 0.472205 0.270112 0.020776 0.0206231
0 0.968105 0.493376 0.0247598 0.0226525
0 0.168163 0.185901 0.0222592 0.0197698
0 0.187488 0.836898 0.0196039 0.0203461
0 0.199302 0.719557 0.0227106 0.0192032
0 0.0651053 0.747942 0.0197071 0.0182966
0 0.648067 0.138195 0.0191841 0.0153445
0 0.424999 0.705981 0.0221095 0.0213451
0 0.69554 0.552801 0.0230839 0.0245501
0 0.770337 0.769193 0.024205 0.0211598
0 0.678463 0.0446534 0.0228617 0.0200723
0 0.170622 0.261323 0.0212117 0.0197062
0 0.0566639 0.943309 0.0202727 0.0194261
0 0.240339 0.791024 0.0237329 0.0185099
0 0.15511 0.971372 0.0391446 0.0335911
0 0.570238 0.00937351 0.0214099 0.0184919
0 0.847613 0.372425 0.0240055 0.0217383
0 0.578618 0.0625072 0.0233408 0.0208353
0 0.197433 0.348263 0.0247916 0.0217199
0 0.118821 0.155993 0.0251836 0.0217429
0 0.698702 0.74616 0.0231423 0.0233567
0 0.671322 0.814129 0.0281037 0.0189764
0 0.972766 0.922332 0.0293407 0.026931
0 0.759077 0.233058 0.0309714 0.0308924
0 0.723531 0.546667 0.0272995 0.0279645
0 0.0184039 0.725862 0.0297324 0.0181988
0 0.0300938 0.99459 0.0218216 0.01082
0 0.0538812 0.48352 0.0230865 0.0185626
0 0.726344 0.644261 0.0291766 0.0242972
0 0.499969 0.482682 0.0254481 0.0177499
0 0.80729 0.717186 0.0247501 0.0199911
0 0.308559 0.81805 0.0133076 0.0143949
0 0.0675448 0.0646132 0.0206224 0.0181189
0 0.453039 0.835381 0.0214517 0.019819
0 0.994043 0.929504 0.0119143 0.0202621
0 0.763423 0.301437 0.0290622 0.0252615
0 0.159892 0.872984 0.018951 0.019183
0 0.627822 0.00560907 0.0222972 0.0112181
0 0.412675 0.846535 0.0277477 0.0199994
0 0.726927 0.0372722 0.0246202 0.0205063
0 0.292831 0.942721 0.0210231 0.0204808
0 0.173452 0.836609 0.0188821 0.0198176
0 0.800539 0.664836 0.0240912 0.0183772
0 0.430519 0.145152 0.0206416 0.018953
0 0.32114 0.666993 0.0246301 0.0215785
0 0.272637 0.169355 0.0227762 0.020551
0 0.64041 0.819844 0.0230774 0.017907
0 0.956111 0.44116 0.0262792 0.0223087
0 0.728551 0.717288 0.0225786 0.0218163
0 0.923637 0.705676 0.0311295 0.0222921
0 0.907047 0.00985293 0.028183 0.0197059
0 0.372616 0.165368 0.0280184 0.0179878
0 0.507386 0.684082 0.0229986 0.0189422
0 0.771692 0.892595 0.0229011 0.0198389
0 0.916101 0.05365 0.0223113 0.0197026
0 0.283894 0.312756 0.0230365 0.0211203
0 0.207075 0.186548 0.0227747 0.0218253
0 0.970225 0.21251 0.025774 0.0215207
0 0.840783 0.679993 0.0250611 0.0222604
0 0.0798594 0.539492 0.022515 0.0180973
0 0.191096 0.784137 0.026699 0.0223962
0 0.014193 0.282031 0.0252775 0.0208637
0 0.524877 0.472333 0.0279636 0.0206808
0 0.68171 0.274859 0.0234125 0.020359
0 0.0344228 0.741395 0.0235195 0.0192342
0 0.2689 0.777944 0.0240293 0.0198227
0 0.00723929 0.0150748 0.0144786 0.0177707
0 0.018585 0.856238 0.0257008 0.020178
0 0.816481 0.893958 0.0248429 0.0171878
0 0.529918 0.311734 0.0243204 0.0212105
0 0.639371 0.845957 0.0221362 0.0180041
0 0.168136 0.369366 0.0213864 0.0202512
0 0.860835 0.41409 0.0222781 0.0191801
0 0.582019 0.691637 0.0318264 0.0192904
0 0.832044 0.857337 0.028155 0.0241877
0 0.00914968 0.398268 0.0182994 0.0179051
0 0.010512 0.0833746 0.0210241 0.0196731
0 0.447391 0.235959 0.0257758 0.0235453
0 0.460848 0.0713637 0.0224494 0.0204756
0 0.743361 0.964651 0.0238696 0.0187678
0 0.119773 0.819891 0.021931 0.0197039
0 0.890529 0.726878 0.0246491 0.0212436
0 0.91187 0.813557 0.0246361 0.0202103
0 0.272001 0.26617 0.0212155 0.0191564
0 0.0972948 0.223629 0.0229479 0.0189453
0 0.981904 0.787502 0.0274733 0.0233002
0 0.993465 0.493224 0.0129669 0.0217562
0 0.344853 0.278141 0.0207938 0.0193755
0 0.581462 0.800138 0.0253314 0.0168594
0 0.975114 0.0998063 0.0221197 0.0199343
0 0.508181 0.740716 0.0246747 0.0198814
0 0.42054 0.954274 0.0220869 0.0211251
0 0.513128 0.223481 0.0240352 0.0190182
0 0.774578 0.418245 0.0220855 0.0203961
0 0.307967 0.755556 0.0186405 0.0183066
0 0.533806 0.247528 0.0292152 0.0223901
0 0.870558 0.0793707 0.0219018 0.019682
0 0.10909 0.0402491 0.0199709 0.0191902
0 0.473535 0.216301 0.0228447 0.017843
0 0.720823 0.06754 0.0228149 0.0216654
0 0.693063 0.0700629 0.0191826 0.0197094
0 0.92363 0.472163 0.0249441 0.021137
0 0.809469 0.277024 0.0268003 0.0189482
0 0.229037 0.289953 0.0231872 0.0246453
0 0.0030282 0.191445 0.00605639 0.0176779
0 0.823377 0.819067 0.0229598 0.0181249
0 0.567103 0.414561 0.0253919 0.0201819
0 0.930333 0.335338 0.0250874 0.0210821
0 0.591126 0.667367 0.0250509 0.0220765
0 0.491142 0.24722 0.0235284 0.0213025
0 0.247221 0.256692 0.0224056 0.0218358
0 0.490136 0.273758 0.0215445 0.0221552
0 0.766548 0.563134 0.0239553 0.0158337
0 0.142028 0.599092 0.0275859 0.0207314
0 0.484486 0.0395363 0.0254741 0.0244317
0 0.150641 0.122538 0.0263395 0.0222155
0 0.844416 0.0773832 0.0233104 0.0239582
0 0.329635 0.0933004 0.0329552 0.0195363
0 0.667803 0.518648 0.0270451 0.0212753
0 0.249482 0.528581 0.0253605 0.0218704
0 0.736195 0.887002 0.0279088 0.01797
0 0.487598 0.571579 0.026647 0.0222701
0 0.678711 0.313352 0.0206207 0.019087
0 0.30867 0.189331 0.0230114 0.0208939
0 0.985184 0.710468 0.0197874 0.0182255
0 0.648066 0.720325 0.0305416 0.023269
0 0.891324 0.575719 0.0300367 0.0213755
0 0.543912 0.804347 0.0213084 0.0192897
0 0.0364161 0.778461 0.0182179 0.0175428
0 0.249485 0.00740707 0.0220711 0.0148141
0 0.841954 0.893196 0.0274371 0.0237979
0 0.464971 0.595096 0.0240405 0.0199143
0 0.184758 0.514055 0.0239371 0.020939
0 0.39609 0.79716 0.0232735 0.0198591
0 0.589429 0.133905 0.0253577 0.0220503
0 0.288736 0.00296342 0.0203352 0.00592685
0 0.504158 0.0637833 0.0208769 0.0196432
0 0.290162 0.615696 0.027925 0.0243785
0 0.0499886 0.582533 0.0244754 0.0234498
0 0.653332 0.060061 0.024409 0.0212849
0 0.991778 0.833053 0.0164407 0.0238431
0 0.632831 0.619393 0.02289 0.0329844
0 0.151845 0.713084 0.0253863 0.0225077
0 0.0869019 0.846133 0.023761 0.0207341
0 0.86568 0.900537 0.0263805 0.0204651
0 0.665974 0.154044 0.0221586 0.0204476
0 0.714819 0.118804 0.0252218 0.0229098
0 0.330071 0.194181 0.0209388 0.0203676
0 0.839264 0.500766 0.0267753 0.0223382
0 0.0191986 0.175072 0.0234721 0.0220892
0 0.838437 0.191392 0.0250082 0.0195156
0 0.990988 0.874775 0.0180241 0.0199102
0 0.294923 0.273147 0.0213831 0.0218682
0 0.567406 0.909904 0.0214199 0.0185531
0 0.2765 0.0447123 0.0239056 0.0227691
0 0.993283 0.256611 0.0132602 0.0189313
0 0.416932 0.463678 0.0165227 0.0171502
0 0.769842 0.858235 0.0221405 0.018991
0 0.877998 0.100049 0.0244342 0.0189409
0 0.4918 0.193223 0.028945 0.0214914
0 0.583474 0.157339 0.0216554 0.0192583
0 0.0871607 0.307372 0.0192795 0.0166643
0 0.197242 0.283914 0.0236075 0.0219698
0 0.425161 0.303494 0.0262767 0.0209425
0 0.0503817 0.0755845 0.0261482 0.0234332
0 0.0822674 0.557684 0.0213141 0.0170689
0 0.0920682 0.0798961 0.0221068 0.0194876
0 0.0748623 0.798275 0.0261861 0.0257202
0 0.590042 0.281165 0.0250729 0.0193095
0 0.979953 0.572378 0.0252396 0.0202329
0 0.854741 0.147497 0.0206711 0.0176859
0 0.00452619 0.0454164 0.00905238 0.0158795
0 0.029525 0.665297 0.0266785 0.0220652
0 0.0898784 0.00319505 0.0191242 0.00639011
0 0.744496 0.0143813 0.0203013 0.0162212
0 0.37986 0.345772 0.0233724 0.0182343
0 0.420588 0.30714 0.0349665 0.0278824
0 0.831921 0.119161 0.0200357 0.0233391
0 0.618322 0.107662 0.0184136 0.0187935
0 0.99256 0.0440037 0.0148607 0.0178172
0 0.0639115 0.236984 0.0245844 0.0218751
0 0.789441 0.261808 0.0312906 0.0209945
0 0.392091 0.0946336 0.0253664 0.0225983
0 0.409675 0.658193 0.0279499 0.0224195
0 0.347738 0.0756975 0.027568 0.0207066
0 0.62604 0.586664 0.0280432 0.0303935
0 0.804189 0.361871 0.0237814 0.0201983
0 0.12625 0.132794 0.0253708 0.0218019
0 0.613614 0.339688 0.0220936 0.019719
0 0.0440157 0.764609 0.0243496 0.0190637
0 0.843379 0.763157 0.0205003 0.0198011
0 0.914964 0.956872 0.0242848 0.0205597
0 0.3658 0.557997 0.0259236 0.0229676
0 0.347178 0.878229 0.024685 0.0230414
0 0.934592 0.392567 0.0247702 0.0194584
0 0.0716951 0.341367 0.0250684 0.0200524
0 0.0107599 0.684934 0.0215198 0.0195016
0 0.794131 0.0216451 0.0217866 0.0240038
0 0.11396 0.739951 0.0212891 0.0183898
0 0.627885 0.592251 0.0265053 0.018541
0 0.5523 0.76221 0.0205817 0.0179219
0 0.433832 0.20855 0.030719 0.023433
0 0.971001 0.0270214 0.0275612 0.01943
0 0.155232 0.0429163 0.0228879 0.01706
0 0.0445166 0.186459 0.0346923 0.0250308
0 0.745049 0.766516 0.020595 0.0166242
0 0.972256 0.324746 0.0226489 0.0195777
0 0.540388 0.941917 0.0231925 0.0222272
0 0.54546 0.613487 0.0352834 0.024254
0 0.930519 0.641488 0.0283752 0.0213123
0 0.177141 0.540569 0.0256474 0.0209141
0 0.945728 0.308173 0.0231409 0.0200248
0 0.626846 0.0513586 0.0197379 0.0187305
0 0.695074 0.074513 0.0234078 0.0284448
0 0.688282 0.792769 0.0261581 0.0207297
0 0.967465 0.720175 0.0224626 0.0197114
0 0.471973 0.266737 0.0237912 0.0231674
0 0.632146 0.612019 0.0200185 0.0191832
0 0.688605 0.596175 0.0228888 0.0198426
0 0.0202786 0.515294 0.0247987 0.0191894
0 0.0877912 0.252338 0.0267532 0.0196704
0 0.762241 0.0457931 0.0213107 0.0188735
0 0.017366 0.172116 0.0268986 0.0275512
0 0.447593 0.802737 0.0229034 0.0189183
0 0.919323 0.310439 0.0219175 0.0204573
0 0.678632 0.100594 0.024577 0.018755
0 0.181029 0.104045 0.0226614 0.0223646
0 0.752647 0.346635 0.0252982 0.0190053
0 0.334978 0.557045 0.0224824 0.0211284
0 0.17322 0.0704562 0.026288 0.0233556
0 0.770665 0.370236 0.0233989 0.0181439
0 0.0205934 0.595773 0.0203492 0.0184779
0 0.266667 0.507113 0.0211233 0.0152835
0 0.522031 0.777707 0.0245155 0.0189291
0 0.870984 0.157913 0.0260604 0.0177566
0 0.0491213 0.328725 0.0231089 0.0196365
0 0.79963 0.0665576 0.0226554 0.0196419
0 0.118861 0.344534 0.0239342 0.0187531
0 0.0929648 0.0994812 0.0233253 0.0203013
0 0.740797 0.454119 0.0233596 0.0210491
0 0.64717 0.99734 0.0238865 0.00531918
0 0.0393682 0.446809 0.0251627 0.0193141
0 0.550052 0.207524 0.0276493 0.022251
0 0.248266 0.052988 0.0245326 0.0160562
0 0.418656 0.404216 0.018083 0.0180376
0 0.00487912 0.715342 0.00975824 0.0137793
0 0.198987 0.402021 0.0186176 0.0174348
0 0.598158 0.544937 0.0221459 0.0165267
0 0.855132 0.750697 0.0240175 0.0214113
0 0.687698 0.156348 0.0215106 0.0227571
0 0.65495 0.451072 0.0217678 0.0183508
0 0.602057 0.978572 0.0251809 0.0258572
0 0.688127 0.132234 0.0252043 0.0217213
0 0.433135 0.331831 0.0230452 0.0201956
0 0.848399 0.452561 0.0276043 0.0181682
0 0.85944 0.833726 0.0335369 0.0158044
0 0.5614 0.937374 0.0210993 0.0259351
0 0.809684 0.201781 0.0228968 0.0188057
0 0.525006 0.0047024 0.0208128 0.00940479
0 0.978018 0.122752 0.0235498 0.0228011
0 0.375784 0.19924 0.0223579 0.0132164
0 0.288636 0.759018 0.0198976 0.0200977
0 0.6828 0.930901 0.0218536 0.0183522
0 0.331972 0.324183 0.0236765 0.0210012
0 0.579339 0.24613 0.0290696 0.0234791
0 0.521076 0.503751 0.0238137 0.0178039
0 0.860017 0.816803 0.0258211 0.0226289
0 0.717006 0.956581 0.0247288 0.0222483
0 0.709281 0.681863 0.021704 0.0185109
0 0.341361 0.169878 0.0246987 0.0222013
0 0.667419 0.468137 0.0413454 0.0191633
0 0.966599 0.276416 0.0273739 0.0232739
0 0.433923 0.569067 0.0243334 0.0189195
0 0.627581 0.276246 0.024537 0.0203812
0 0.678607 0.333783 0.0213906 0.0182909
0 0.36555 0.798533 0.0216603 0.0174681
0 0.863837 0.86351 0.0406111 0.0369025
0 0.259344 0.763581 0.0196531 0.0140966
0 0.870377 0.15673 0.0208143 0.0152956
0 0.851974 0.0477913 0.0272046 0.0208047
0 0.0352082 0.349214 0.0204446 0.0198249
0 0.684141 0.670399 0.0227127 0.0170999
0 0.847125 0.0271499 0.0216425 0.0179262
0 0.718069 0.00469536 0.0258327 0.00939072
0 0.499666 0.00508492 0.024854 0.0101698
0 0.254344 0.54936 0.0377533 0.0209243
0 0.976495 0.944579 0.0197189 0.0193037
0 0.901897 0.274143 0.0255091 0.0224921
0 0.13184 0.0589489 0.0263712 0.0241502
0 0.539869 0.649544 0.0256751 0.0192056
0 0.652269 0.921958 0.0247648 0.0220264
0 0.14887 0.0736766 0.0236494 0.0220945
0 0.117338 0.598779 0.0199511 0.0187126
0 0.150371 0.0117311 0.0164689 0.0118785
0 0.0147942 0.165524 0.0229949 0.0205361
0 0.941517 0.56193 0.0200302 0.0268603
0 0.873321 0.345637 0.0225505 0.0216165
0 0.912428 0.237003 0.0326054 0.0295994
0 0.100917 0.582089 0.0280924 0.0250001
0 0.613508 0.916201 0.0265095 0.0233784
0 0.751365 0.171029 0.0194696 0.0185845
0 0.744504 0.4138 0.0262983 0.0240021
0 0.110961 0.359075 0.022413 0.0188148
0 0.441625 0.531355 0.0314808 0.0222275
0 0.423334 0.127133 0.0215414 0.0187571
0 0.58015 0.688833 0.0345839 0.0247077
0 0.661764 0.542219 0.0222848 0.0191833
0 0.471574 0.905166 0.0282719 0.0206836
0 0.967148 0.697411 0.0221009 0.0222621
0 0.546104 0.496574 0.0271154 0.0216861
0 0.985969 0.454343 0.0265278 0.0198913
0 0.246874 0.399308 0.0235617 0.0207307
0 0.270999 0.363793 0.0215891 0.0202543
0 0.177849 0.836639 0.0263526 0.0208841
0 0.209634 0.643769 0.0309911 0.0191353
0 0.325463 0.886962 0.0222545 0.0164357
0 0.0339214 0.84792 0.0278338 0.0235414
0 0.210853 0.509665 0.022808 0.0236177
0 0.622665 0.0694236 0.0223113 0.0204303
0 0.652238 0.379971 0.0286141 0.0251976
0 0.314841 0.753691 0.0316623 0.0233122
0 0.545865 0.807267 0.0243002 0.0207721
0 0.397684 0.285905 0.0201103 0.0181701
0 0.75553 0.137711 0.0252145 0.0191413
0 0.485731 0.548151 0.0235527 0.0205759
0 0.530601 0.665863 0.0233011 0.0200722
0 0.485405 0.392893 0.0316833 0.025297
0 0.240819 0.569042 0.022985 0.020235
0 0.156741 0.873278 0.0249004 0.0209445
0 0.803733 0.83139 0.0143988 0.0174268
0 0.691808 0.0157409 0.0218019 0.0183483
0 0.643085 0.975069 0.022616 0.0204497
0 0.0762296 0.774523 0.0290918 0.0225867
0 0.351677 0.643038 0.0206075 0.0183929
0 0.326823 0.488452 0.0244873 0.0211118
0 0.901613 0.766016 0.0285003 0.0207302
0 0.424945 0.245507 0.0246762 0.0159876
0 0.993809 0.939626 0.012258 0.0403874
0 0.422589 0.888092 0.0324441 0.0203322
0 0.508023 0.0946004 0.0252982 0.0209788
0 0.167707 0.78799 0.0196916 0.0185567
0 0.389314 0.924953 0.0263798 0.0219379
0 0.883202 0.674969 0.0306708 0.0311279
0 0.609043 0.418419 0.0252782 0.0222512
0 0.763877 0.852603 0.0293428 0.0291313
0 0.160487 0.622901 0.0233036 0.0195905
0 0.899295 0.893689 0.0184641 0.0173989
0 0.149387 0.115477 0.0290127 0.0340777
0 0.9015 0.191901 0.0258747 0.0239818
0 0.640476 0.34733 0.0269097 0.0173003
0 0.136861 0.278554 0.0299121 0.0208695
0 0.20793 0.858295 0.0221259 0.019047
0 0.698035 0.743049 0.0222399 0.0167074
0 0.266084 0.0210353 0.0225168 0.0179479
0 0.915715 0.938939 0.0202906 0.0170156
0 0.728978 0.996403 0.0249663 0.00719416
0 0.636859 0.789046 0.0316417 0.0239303
0 0.276258 0.96858 0.0228193 0.0222387
0 0.88729 0.297474 0.0218279 0.0209921
0 0.60548 0.455777 0.0273769 0.0223022
0 0.186808 0.741662 0.024013 0.0295261
0 0.708282 0.356062 0.0216858 0.0187107
0 0.0441352 0.259566 0.0246986 0.0202428
0 0.457577 0.565299 0.022209 0.0217108
0 0.922042 0.0892261 0.0298884 0.0204099
0 0.539396 0.896073 0.0278754 0.0199228
0 0.0152962 0.484389 0.0211479 0.0187477
0 0.918335 0.212429 0.0257817 0.0199082
0 0.70785 0.40591 0.022894 0.0203632
0 0.0405332 0.692475 0.0189963 0.0180781
0 0.372563 0.71369 0.0269697 0.0260557
0 0.871059 0.374254 0.0210595 0.022146
0 0.287535 0.537481 0.024127 0.0189586
0 0.952707 0.236401 0.0229291 0.0197833
0 0.731758 0.747162 0.0251631 0.0215514
0 0.545792 0.943691 0.0330561 0.0284174
0 0.989305 0.282615 0.0213898 0.0224549
0 0.895411 0.341231 0.0232447 0.0186244
0 0.415237 0.516973 0.0342909 0.0247822
0 0.231981 0.503534 0.0219263 0.0223807
0 0.722852 0.337923 0.0245197 0.0197129
0 0.780087 0.33817 0.026328 0.0251061
0 0.388253 0.432713 0.0225411 0.0231911
0 0.111394 0.0619942 0.0226701 0.0164412
0 0.272735 0.575388 0.0228743 0.0221789
0 0.92897 0.288365 0.0276787 0.019464
0 0.458927 0.190229 0.0224883 0.0203954
0 0.144148 0.965409 0.0147981 0.0172103
0 0.638981 0.55805 0.0234417 0.0183671
0 0.0801709 0.958493 0.021144 0.0195329
0 0.882467 0.40377 0.0273515 0.0291598
0 0.759043 0.75008 0.0222837 0.0198419
0 0.0262492 0.327202 0.0210306 0.0197078
0 0.725325 0.422146 0.0225194 0.0198388
0 0.621184 0.136265 0.0241597 0.0252402
0 0.841906 0.730343 0.0242524 0.0249069
0 0.911437 0.397553 0.0245837 0.0210682
0 0.627222 0.0306575 0.0218447 0.021897
0 0.803716 0.685329 0.0240481 0.019819
0 0.193563 0.956828 0.0198195 0.0169551
0 0.775742 0.0704744 0.022446 0.021018
0 0.894004 0.473058 0.024698 0.0156558
0 0.201761 0.994415 0.0279157 0.0111698
0 0.0350476 0.224063 0.0287042 0.0181787
0 0.452433 0.802372 0.0318177 0.0188894
0 0.616743 0.291671 0.0199447 0.0191573
0 0.828513 0.70493 0.0252444 0.0183941
0 0.313279 0.425063 0.0226682 0.0197634
0 0.405033 0.938709 0.0225909 0.0152469
0 0.102156 0.186366 0.02535 0.0182606
0 0.37326 0.716978 0.0250576 0.020353
0 0.355545 0.111472 0.0201396 0.016244
0 0.286075 0.23911 0.021801 0.0190438
0 0.310491 0.414906 0.0291407 0.0324334
0 0.904873 0.127003 0.022534 0.0167449
0 0.720918 0.55073 0.0225626 0.0202129
0 0.466856 0.673949 0.0232154 0.0209438
0 0.571658 0.440582 0.0262695 0.0305798
0 0.810413 0.454722 0.0233579 0.0209758
0 0.633906 0.627118 0.0228369 0.0201285
0 0.936512 0.561738 0.0305192 0.037311
0 0.22852 0.164495 0.023855 0.0201555
0 0.938254 0.560178 0.0256233 0.0288109
0 0.399525 0.350283 0.0250534 0.0202651
0 0.09867 0.724507 0.0230554 0.0217149
0 0.701576 0.339407 0.0216925 0.0152271
0 0.994506 0.123524 0.0109336 0.0184038
0 0.867737 0.547829 0.0210153 0.0191108
0 0.804739 0.00334447 0.0193622 0.00668893
0 0.460891 0.704126 0.0198866 0.0188187
0 0.147877 0.145461 0.0316661 0.0221731
0 0.886661 0.668673 0.0243566 0.0188078
0 0.636437 0.411284 0.0275441 0.0246605
0 0.624422 0.580148 0.0248014 0.0201712
0 0.261234 0.649749 0.0212087 0.0186516
0 0.365085 0.366532 0.021076 0.0193647
0 0.0764401 0.0735489 0.0196579 0.0159358
0 0.961977 0.0581435 0.0196877 0.018255
0 0.364017 0.799192 0.0285627 0.0244527
0 0.470152 0.342607 0.0159515 0.0120534
0 0.809205 0.773312 0.0243241 0.0337063
0 0.65971 0.259054 0.0261494 0.0221506
0 0.370929 0.619646 0.0204351 0.0172591
0 0.290312 0.55456 0.0219521 0.0172923
0 0.824607 0.754559 0.0224177 0.0208958
0 0.555838 0.34402 0.0237182 0.0181209
0 0.249939 0.934377 0.0203727 0.0183589
0 0.386007 0.759598 0.021715 0.0207625
0 0.848383 0.107611 0.0219759 0.0163206
0 0.764656 0.605641 0.0350283 0.023269
0 0.127864 0.259186 0.0238634 0.0201509
0 0.00851395 0.745897 0.0170279 0.0215663
0 0.162586 0.944187 0.0155381 0.0119652
0 0.43249 0.393457 0.0246989 0.0217846
0 0.23812 0.68549 0.0233582 0.0201014
0 0.616768 0.921293 0.0258022 0.0159511
0 0.94344 0.0985866 0.0205101 0.0198544
0 0.567859 0.605116 0.0251994 0.0220942
0 0.773767 0.738914 0.023211 0.0207741
0 0.627222 0.778664 0.0236586 0.0181502
0 0.0364867 0.188504 0.0200351 0.0193889
0 0.830268 0.657982 0.0283658 0.0216881
0 0.346003 0.893051 0.0219483 0.0189092
0 0.533764 0.896454 0.0189683 0.017707
0 0.119469 0.903971 0.00867825 0.0142981
0 0.11618 0.282744 0.0210722 0.0221014
0 0.191668 0.0842678 0.0226164 0.0194587
0 0.414838 0.430912 0.0210966 0.0181163
0 0.809979 0.832622 0.026395 0.0200934
0 0.182444 0.765124 0.0216486 0.0186138
0 0.641095 0.311409 0.0227731 0.021487
0 0.906228 0.848655 0.0221285 0.0192222
0 0.0886111 0.478056 0.0215289 0.018366
0 0.78606 0.259537 0.0332171 0.0235885
0 0.463712 0.657701 0.0235783 0.0177362
0 0.401787 0.271484 0.022908 0.0165741
0 0.709849 0.849827 0.026509 0.0208576
0 0.816355 0.899464 0.0289397 0.0280486
0 0.855256 0.433781 0.0216074 0.0190832
0 0.222112 0.532768 0.0277122 0.0234141
0 0.407621 0.0792901 0.0226054 0.0184859
0 0.162055 0.334563 0.0200875 0.0156308
0 0.371804 0.295208 0.0227643 0.0181854
0 0.734479 0.101335 0.0350391 0.01934
0 0.0449722 0.26731 0.0286779 0.0353213
0 0.989545 0.237969 0.0209092 0.0194293
0 0.201917 0.724856 0.0271802 0.0289128
0 0.696206 0.956906 0.0200096 0.0203422
0 0.318467 0.30643 0.0208322 0.0196042
0 0.39594 0.487084 0.02501 0.021173
0 0.17635 0.17169 0.020655 0.0184217
0 0.33676 0.244144 0.019688 0.0198505
0 0.0850323 0.755863 0.0212859 0.0151517
0 0.351911 0.980233 0.0270817 0.0206406
0 0.37526 0.29376 0.0167015 0.0165311
0 0.13943 0.275419 0.0251946 0.0150597
0 0.725894 0.647906 0.027571 0.0184308
0 0.406821 0.848374 0.0360802 0.023468
0 0.337774 0.00524559 0.0218259 0.0104912
0 0.809041 0.778356 0.0230643 0.0231383
0 0.62197 0.140861 0.0227638 0.0172851
0 0.598153 0.566855 0.0261571 0.0215566
0 0.464576 0.662118 0.0248196 0.025196
0 0.895637 0.722827 0.0339862 0.0283059
0 0.816764 0.378918 0.0287716 0.0214245
0 0.727177 0.542209 0.0199524 0.0194147
0 0.560831 0.298797 0.0236839 0.0224891
0 0.292725 0.722672 0.0232346 0.0197084
0 0.39653 0.850523 0.0171644 0.0197486
0 0.964216 0.396372 0.0237792 0.022851
0 0.992788 0.105289 0.014423 0.0287383
0 0.289648 0.983155 0.0254111 0.0163262
0 0.728034 0.63902 0.0261201 0.0152866
0 0.0960913 0.874588 0.0230262 0.0224033
0 0.576011 0.536958 0.0266795 0.0189626
0 0.421916 0.463243 0.0263849 0.0195025
0 0.696658 0.0795295 0.0221501 0.019464
0 0.8287 0.572264 0.0275207 0.0198207
0 0.542875 0.696252 0.0215719 0.0185443
0 0.68725 0.246547 0.0173408 0.0166718
0 0.205108 0.142904 0.0246555 0.0187251
0 0.620568 0.544829 0.0216877 0.0161529
0 0.93363 0.619118 0.0247321 0.022208
0 0.0923969 0.864543 0.0261569 0.0198615
0 0.550405 0.3241 0.0231603 0.0190981
0 0.0500513 0.0710822 0.0264019 0.0272071
0 0.731714 0.808872 0.0268908 0.0249141
0 0.603002 0.26471 0.0285479 0.0291631
0 0.0466082 0.365073 0.0227922 0.0214542
0 0.115378 0.376014 0.0195992 0.0179715
0 0.661619 0.299436 0.0245163 0.015711
0 0.151027 0.144137 0.026652 0.0187381
0 0.640635 0.790904 0.0273751 0.0215883
0 0.525558 0.0608759 0.0232535 0.0237569
0 0.363744 0.747412 0.0306633 0.0237001
0 0.279515 0.641409 0.0261408 0.0239241
0 0.0313248 0.975631 0.0171177 0.016331
0 0.896784 0.431236 0.0333299 0.018613
0 0.319174 0.22061 0.0232463 0.0194261
0 0.790997 0.89013 0.0208906 0.0189638
0 0.774217 0.521029 0.0212005 0.019533
0 0.126119 0.636137 0.0254978 0.025212
0 0.654521 0.239685 0.032847 0.0238812
0 0.311929 0.421283 0.0254129 0.0243568
0 0.58272 0.248001 0.022001 0.0205108
0 0.424335 0.751051 0.0276315 0.0241972
0 0.184351 0.950279 0.0250205 0.0196449
0 0.279946 0.311673 0.0160212 0.017931
0 0.743175 0.537299 0.0242904 0.0221443
0 0.832042 0.349743 0.0195864 0.0206988
0 0.63216 0.747028 0.0447642 0.0273288
0 0.0132609 0.163545 0.0196493 0.0167895
0 0.310731 0.40677 0.0251344 0.017194
0 0.412961 0.329216 0.0213927 0.0191526
0 0.226964 0.403842 0.019566 0.0187289
0 0.399153 0.132281 0.0219736 0.0195457
0 0.761084 0.22908 0.0275769 0.0236022
0 0.804485 0.249869 0.0378918 0.020328
0 0.0763342 0.956051 0.0283405 0.0254247
0 0.994102 0.94767 0.0115846 0.0241544
0 0.00630466 0.560289 0.0126093 0.0214171
0 0.669819 0.695912 0.0205055 0.0176265
0 0.809468 0.558382 0.023407 0.0211108
0 0.483175 0.39512 0.028319 0.0198606
0 0.0338193 0.645804 0.0232065 0.0201794
0 0.567939 0.663954 0.0261305 0.0229422
0 0.0832757 0.294815 0.0166545 0.0135632
0 0.480773 0.701462 0.0256358 0.0196195
0 0.490183 0.309418 0.014358 0.0089311
0 0.181842 0.657169 0.0247417 0.020363
0 0.967912 0.376166 0.0265967 0.0208781
0 0.91877 0.0730272 0.0230685 0.0179502
0 0.319541 0.755427 0.0228971 0.0192748
0 0.0853991 0.297104 0.0199495 0.017074
0 0.433693 0.466623 0.018388 0.0186111
0 0.694817 0.433106 0.0230035 0.0192391
0 0.0989552 0.825573 0.0209043 0.0223022
0 0.483697 0.09023 0.0266441 0.0229698
0 0.421377 0.0997242 0.0228517 0.0189918
0 0.817498 0.903217 0.0287823 0.0205526
0 0.976108 0.695353 0.0390489 0.0279797
0 0.560787 0.934086 0.0196543 0.0188339
0 0.551549 0.00555985 0.0204236 0.0111197
0 0.0845973 0.457254 0.0227127 0.020348
0 0.727424 0.260426 0.019155 0.0159239
0 0.839802 0.524894 0.0243582 0.022103
0 0.3753 0.601333 0.0284543 0.019151
0 0.280903 0.380223 0.0262684 0.0222175
0 0.0947704 0.423023 0.0239362 0.0217113
0 0.465595 0.671512 0.0203292 0.0196694
0 0.940809 0.350542 0.0212021 0.0188906
0 0.953511 0.886617 0.0337216 0.0214675
0 0.423355 0.950137 0.0175817 0.0151958
0 0.425172 0.241898 0.0257281 0.0219425
0 0.307665 0.158578 0.0215438 0.01998
0 0.975647 0.173896 0.017159 0.0187291
0 0.923491 0.879132 0.0197004 0.0171432
0 0.037335 0.950968 0.0120357 0.0133443
0 0.315293 0.644086 0.02186 0.0179028
0 0.816988 0.906687 0.0300699 0.0145686
0 0.132754 0.281436 0.02196 0.0166689
0 0.426805 0.646732 0.0212953 0.0209622
0 0.597017 0.439102 0.0237213 0.0203572
0 0.762688 0.848158 0.0265427 0.0215962
0 0.295819 0.876616 0.0230501 0.0199361
0 0.546269 0.155577 0.0221683 0.0156808
0 0.72148 0.974465 0.0244543 0.0176559
0 0.66199 0.650457 0.0253885 0.0166847
0 0.672729 0.557486 0.0243829 0.0174291
0 0.457289 0.123693 0.0283369 0.0165149
0 0.679929 0.272842 0.019429 0.0162626
0 0.647781 0.0301932 0.022464 0.0220131
0 0.333054 0.615304 0.0245971 0.0180613
0 0.0183017 0.421894 0.0225581 0.0190645
0 0.166695 0.568341 0.0333897 0.0267512
0 0.745612 0.479335 0.022498 0.016262
0 0.74916 0.703795 0.0209501 0.0223694
0 0.234408 0.379539 0.0298195 0.0212621
0 0.911204 0.232508 0.0289696 0.0211432
0 0.0611756 0.141761 0.0218052 0.0177485
0 0.0338028 0.746065 0.0256056 0.0280145
0 0.125348 0.981746 0.0267088 0.0271902
0 0.427832 0.755728 0.0211701 0.0166613
0 0.115366 0.280189 0.0187905 0.0168752
0 0.254436 0.49995 0.015907 0.0162047
0 0.695092 0.241665 0.0330936 0.0263017
0 0.165033 0.769616 0.0183716 0.0170702
0 0.831373 0.575591 0.028221 0.0186829
0 0.66929 0.810631 0.0285206 0.0220551
0 0.307947 0.817838 0.0182937 0.0160438
0 0.765206 0.0061587 0.022208 0.0123174
0 0.190564 0.0250773 0.0281616 0.0189755
0 0.806651 0.294096 0.0315133 0.0199611
0 0.902921 0.125368 0.0216579 0.0170167
0 0.480567 0.415009 0.0232492 0.0172442
0 0.225784 0.841204 0.0228748 0.0218585
0 0.608301 0.356128 0.0242842 0.0177684
0 0.271528 0.905089 0.0199404 0.0181252
0 0.82681 0.347934 0.0304572 0.0226673
0 0.0413727 0.424159 0.0227467 0.0203132
0 0.744723 0.948114 0.0230079 0.016223
0 0.10381 0.44838 0.0220877 0.0204372
0 0.0971962 0.869946 0.0209858 0.0215733
0 0.484068 0.13842 0.0302825 0.0195407
0 0.175271 0.00483382 0.0275304 0.00966764
0 0.239399 0.730808 0.0364768 0.0253452
0 0.828451 0.644715 0.0258617 0.0334713
0 0.981331 0.412649 0.0265111 0.0223648
0 0.504455 0.702597 0.0227809 0.0190138
0 0.482359 0.0688825 0.0218208 0.0179737
0 0.371285 0.622174 0.0215419 0.0242801
0 0.979114 0.47313 0.0362139 0.0207562
0 0.921628 0.081251 0.0305452 0.0335317
0 0.135323 0.538496 0.0193118 0.0166414
0 0.655694 0.870065 0.0332661 0.028718
0 0.968552 0.298125 0.0223925 0.0183893
0 0.336713 0.00614604 0.0265318 0.0122921
0 0.525052 0.781363 0.0193141 0.012368
0 0.462193 0.00719172 0.0278398 0.0143834
0 0.591435 0.28607 0.0261657 0.0289158
0 0.00641204 0.664188 0.0128241 0.0219749
0 0.983387 0.576228 0.0312031 0.0276496
0 0.399276 0.699933 0.0241052 0.0187128
0 0.935725 0.77206 0.0244913 0.0215337
0 0.398463 0.549004 0.0210372 0.0183127
0 0.0974681 0.866321 0.0192143 0.0182794
0 0.428885 0.236767 0.0192467 0.0199219
0 0.48945 0.860638 0.0247183 0.0181544
0 0.700171 0.373774 0.0218267 0.016914
0 0.427825 0.752092 0.0222935 0.0231187
0 0.361036 0.293811 0.0192282 0.0194535
0 0.0105574 0.980135 0.0202936 0.0173752
0 0.538031 0.617186 0.0200377 0.0164565
0 0.624358 0.0661838 0.0195194 0.0154956
0 0.629743 0.782144 0.0298777 0.0238017
0 0.914304 0.240849 0.0314693 0.0247021
0 0.603279 0.314494 0.0253339 0.023515
0 0.00450546 0.264371 0.00901091 0.0162849
0 0.804529 0.0913234 0.0199159 0.0168651
0 0.992959 0.111952 0.0139615 0.0403607
0 0.191368 0.780651 0.0248914 0.0177544
0 0.819949 0.346566 0.0170885 0.017861
0 0.556477 0.258907 0.0199777 0.0180055
0 0.542086 0.93732 0.0229276 0.0188372
0 0.845833 0.401848 0.025027 0.0199624
0 0.236878 0.682474 0.0233974 0.0252833
0 0.952293 0.892688 0.0309073 0.0248954
0 0.0294017 0.0074308 0.0220126 0.0148616
0 0.801774 0.667388 0.0273996 0.0233364
0 0.704217 0.301125 0.0247095 0.0162828
0 0.483077 0.423901 0.0289508 0.0347399
0 0.780826 0.342762 0.0275506 0.0340421
0 0.0615463 0.0221757 0.0212969 0.0164499
0 0.771823 0.373599 0.0241888 0.0236337
0 0.985066 0.691415 0.0209084 0.0206047
0 0.784537 0.900692 0.0234914 0.0152143
0 0.212466 0.390156 0.0200464 0.015137
0 0.292083 0.163709 0.0209107 0.0191159
0 0.42508 0.463585 0.0320095 0.0229755
0 0.770023 0.104005 0.0291541 0.0189399
0 0.624647 0.578573 0.0210474 0.0159735
0 0.50784 0.895883 0.0247798 0.0165534
0 0.869966 0.573049 0.0215772 0.017965
0 0.196166 0.426416 0.029584 0.0219988
0 0.704475 0.304413 0.0262084 0.0226609
0 0.4937 0.152576 0.0161615 0.0132925
0 0.982307 0.894602 0.0290573 0.0170411
0 0.991626 0.218508 0.0167475 0.0210139
0 0.245016 0.656489 0.0195262 0.014759
0 0.872402 0.260646 0.0324438 0.0188552
0 0.245544 0.348494 0.0320299 0.0208318
0 0.729139 0.310119 0.0230489 0.0167455
0 0.422073 0.747487 0.0250677 0.0182427
0 0.649335 0.995565 0.0249602 0.00886911
0 0.24295 0.60265 0.0260633 0.0205848
0 0.149999 0.0704057 0.0214464 0.0172035
0 0.147841 0.0768453 0.023461 0.0167288
0 0.38334 0.34493 0.0252023 0.018752
0 0.796303 0.401105 0.0283447 0.0182151
0 0.239098 0.992468 0.0282586 0.0150644
0 0.586702 0.417691 0.0210814 0.0146023
0 0.629461 0.742585 0.038618 0.0188621
0 0.992834 0.100738 0.0143329 0.0198483
0 0.963652 0.0517626 0.0231611 0.0287029
0 0.668624 0.813845 0.0316908 0.0228739
0 0.97329 0.91847 0.0277833 0.0210831
0 0.230577 0.293243 0.0226706 0.0229308
0 0.487858 0.136632 0.0238992 0.0168253
0 0.360172 0.289878 0.0182941 0.0151673
0 0.519609 0.223712 0.0359554 0.0202836
0 0.0866541 0.304184 0.0195664 0.0147765
0 0.790247 0.893284 0.0213392 0.0220902
0 0.67285 0.0205981 0.0205445 0.0185579
0 0.975877 0.326146 0.0295884 0.0220992
0 0.21363 0.393884 0.0192989 0.0164075
0 0.821415 0.507414 0.0215897 0.0182015
0 0.658547 0.864051 0.0253567 0.0181109
0 0.221834 0.224641 0.0208485 0.0150625
0 0.920878 0.163933 0.0224944 0.0187489
0 0.141519 0.938814 0.0332743 0.0221447
0 0.0895898 0.861716 0.0194055 0.0145634
0 0.052348 0.563261 0.0202948 0.0180424
0 0.776147 0.654708 0.0248642 0.0137603
0 0.793886 0.260772 0.023056 0.0197423
0 0.605045 0.269125 0.0236932 0.0206532
0 0.317628 0.938968 0.0252463 0.0181391
0 0.237307 0.622245 0.0269677 0.0207443
0 0.0514915 0.184854 0.0223816 0.0210943
0 0.238815 0.378844 0.0219533 0.020187
0 0.959217 0.885753 0.0224978 0.0187002
0 0.751857 0.271354 0.0238535 0.0171932
0 0.143895 0.0032153 0.0220263 0.0064306
0 0.00790368 0.471511 0.0158074 0.0205375
0 0.9471 0.92942 0.0280924 0.028115
0 0.676738 0.0027004 0.0228345 0.00540081
0 0.776049 0.659816 0.0260143 0.0220745
0 0.593641 0.292232 0.0233162 0.017025
0 0.762935 0.0456472 0.0279248 0.0212018
0 0.628755 0.678178 0.0266534 0.0279391
0 0.775508 0.54437 0.0335047 0.0301163
0 0.227472 0.285679 0.0206957 0.0175659
0 0.00529351 0.148576 0.010587 0.016893
0 0.690055 0.451861 0.0344891 0.0190111
0 0.735197 0.176735 0.0201922 0.0157846
0 0.591805 0.898115 0.0225814 0.0190628
0 0.428884 0.464739 0.0259195 0.0212803
0 0.0580379 0.00617706 0.0200312 0.0123541
0 0.653929 0.680278 0.0214444 0.0174811
0 0.398082 0.702836 0.0274523 0.0242625
0 0.470817 0.343713 0.0200408 0.0145806
0 0.588336 0.279189 0.0211958 0.0160244
0 0.794709 0.425349 0.0198091 0.0176713
0 0.380857 0.489025 0.0175652 0.0140249
0 0.375918 0.411295 0.0213474 0.0193439
0 0.448256 0.411121 0.0284387 0.0226809
0 0.470668 0.00467176 0.0168136 0.00934353
0 0.928234 0.375342 0.0236784 0.0188112
0 0.928563 0.454576 0.0209461 0.017438
0 0.730898 0.8049 0.0264506 0.0194967
0 0.647026 0.313292 0.0326129 0.0245021
0 0.481918 0.419597 0.027167 0.0266214
0 0.638116 0.855551 0.0270278 0.0382603
0 0.431559 0.110895 0.0206687 0.0187518
0 0.0111154 0.994749 0.0182221 0.0105013
0 0.103278 0.537514 0.0228168 0.0176086
0 0.914 0.687148 0.0225688 0.0171708
0 0.571918 0.435933 0.0252796 0.0223298
0 0.852182 0.109746 0.0227414 0.0140027
0 0.425795 0.104341 0.0307757 0.0268947
0 0.745296 0.017026 0.0220308 0.0207255
0 0.0278883 0.420849 0.0402304 0.0225417
0 0.206344 0.62016 0.0358449 0.0289763
0 0.292084 0.0617681 0.0244594 0.0199729
0 0.387406 0.765115 0.023361 0.0316168
0 0.660752 0.957955 0.0271224 0.0214826
0 0.65613 0.241959 0.0273354 0.0194006
0 0.206431 0.844394 0.0218169 0.0268972
0 0.736223 0.109828 0.0375071 0.0349231
0 0.310421 0.975986 0.0302905 0.0226154
0 0.0317164 0.807634 0.0217379 0.0188615
0 0.0853995 0.0785488 0.0327257 0.0219019
0 0.673569 0.017142 0.0183018 0.0133752
0 0.776114 0.895549 0.0309747 0.0242859
0 0.032369 0.409796 0.0227596 0.0144988
0 0.0393113 0.881537 0.0169782 0.0136511
0 0.963236 0.842173 0.0206264 0.0173317
0 0.15501 0.74168 0.0353553 0.0314795
0 0.0568661 0.137195 0.0201994 0.0198147
0 0.94137 0.0568036 0.0232028 0.0179974
0 0.232525 0.730298 0.0272937 0.025001
0 0.641248 0.750796 0.0320354 0.0212122
0 0.13506 0.899898 0.0240223 0.0164256
0 0.585875 0.00484474 0.0195124 0.00968949
0 0.258371 0.616401 0.0220718 0.0187058
0 0.894947 0.559236 0.0236105 0.0168781
0 0.0912304 0.601563 0.0225719 0.0185401
0 0.771841 0.66209 0.0337605 0.0276705
0 0.419943 0.352845 0.0190413 0.0198031
0 0.627443 0.672677 0.0228539 0.0169131
0 0.590775 0.290202 0.0256529 0.0213991
0 0.661877 0.302405 0.0233384 0.020796
0 0.679523 0.927768 0.0283898 0.0251579
0 0.913923 0.670492 0.0242871 0.0187125
0 0.0126566 0.477945 0.0252316 0.0317543
0 0.392317 0.488756 0.0315149 0.0206264
0 0.217752 0.892307 0.0240677 0.0175902
0 0.162845 0.570063 0.027941 0.0222321
0 0.00332448 0.639817 0.00664895 0.0124137
0 0.64797 0.00424302 0.0203 0.00848604
0 0.174898 0.686289 0.0231778 0.0218965
0 0.726782 0.362375 0.019954 0.0185311
0 0.525252 0.504094 0.0312286 0.0198273
0 0.573445 0.0835809 0.026926 0.0193219
0 0.0829437 0.943025 0.0215664 0.0143601
0 0.774345 0.15842 0.0229638 0.0151642
0 0.828246 0.655488 0.0273067 0.0223014
0 0.0222036 0.209367 0.0182103 0.0162056
0 0.860197 0.825076 0.033156 0.0318955
0 0.395223 0.348052 0.0174166 0.0170893
0 0.765993 0.566457 0.0252115 0.0230023
0 0.0295949 0.967418 0.0179425 0.0261478
0 0.599459 0.256283 0.0192069 0.0126
0 0.487268 0.38974 0.0274705 0.0205558
0 0.368135 0.294278 0.0293933 0.0195531
0 0.28901 0.00416374 0.0224235 0.00832748
0 0.893628 0.56749 0.0277737 0.0242459
0 0.66601 0.807388 0.0232427 0.016633
0 0.778593 0.335521 0.0230719 0.0204442
0 0.101562 0.722693 0.02826 0.0268341
