0 0.683777 0.155646 0.0223083 0.0193247
0 0.987286 0.876358 0.0217201 0.0219613
0 0.129873 0.432413 0.0256622 0.0204104
0 0.969312 0.0954801 0.0242766 0.0207387
0 0.57638 0.517136 0.0271336 0.0209842
0 0.712933 0.707533 0.0236502 0.0189511
0 0.253826 0.168788 0.0194931 0.0175001
0 0.434499 0.535446 0.0268898 0.0229994
0 0.939736 0.994032 0.0270816 0.0119354
0 0.36585 0.289455 0.023536 0.0201281
0 0.164099 0.202312 0.0244934 0.0214664
0 0.773802 0.00742705 0.0215133 0.0148541
0 0.717028 0.0472929 0.0294465 0.0212322
0 0.344937 0.144527 0.0230469 0.020431
0 0.908367 0.387516 0.026592 0.020099
0 0.214279 0.617192 0.023643 0.0190928
0 0.370041 0.400281 0.0260443 0.0227085
0 0.393511 0.50332 0.0231869 0.0200664
0 0.235036 0.627368 0.024934 0.0187082
0 0.215837 0.494031 0.0231984 0.020222
0 0.698594 0.612185 0.0228084 0.0185668
0 0.364819 0.0915045 0.0220024 0.021057
0 0.302306 0.333862 0.0236741 0.0209527
0 0.951441 0.961175 0.023578 0.020449
0 0.393334 0.54696 0.0252463 0.0202176
0 0.289886 0.104949 0.0223835 0.0216358
0 0.96166 0.924434 0.0210311 0.0198156
0 0.989992 0.34657 0.0200166 0.0241971
0 0.906595 0.216057 0.0245322 0.0237808
0 0.0797448 0.303805 0.0262321 0.0195047
0 0.747032 0.56091 0.0243579 0.0206375
0 0.667078 0.612361 0.0272164 0.0223114
0 0.893805 0.147444 0.0219832 0.0202813
0 0.0937912 0.110049 0.0240818 0.0191542
0 0.989354 0.597671 0.0212919 0.0258412
0 0.991714 0.375327 0.0165721 0.021263
0 0.67207 0.488459 0.0232376 0.0213017
0 0.759222 0.236287 0.0247452 0.0214194
0 0.727509 0.516627 0.0243277 0.0208404
0 0.972 0.992916 0.0270252 0.0141679
0 0.10571 0.369507 0.0251844 0.0227973
0 0.0871011 0.494922 0.0255216 0.0224582
0 0.991968 0.130839 0.0160211 0.0240416
0 0.2765 0.05727 0.0224604 0.0204897
0 0.629273 0.739021 0.0290104 0.021551
0 0.0496504 0.111603 0.0230262 0.0197319
0 0.0428012 0.00973696 0.0245862 0.0194739
0 0.372297 0.797286 0.0253697 0.0205607
0 0.0449522 0.713055 0.0249037 0.0221082
0 0.504274 0.020117 0.0263705 0.021846
0 0.69142 0.699843 0.024827 0.0203338
0 0.707427 0.64806 0.033231 0.0294055
0 0.14637 0.828886 0.0242264 0.021593
0 0.812957 0.78172 0.0220318 0.0183411
0 0.875968 0.0935437 0.0215019 0.0185482
0 0.390113 0.101136 0.0238783 0.0196331
0 0.136165 0.196444 0.0218026 0.020094
0 0.0132565 0.225601 0.0240421 0.020821
0 0.938407 0.0446031 0.0272226 0.0244627
0 0.965317 0.625013 0.0244128 0.0212926
0 0.370569 0.2128 0.0215701 0.0194369
0 0.863073 0.867314 0.0255504 0.0204858
0 0.302119 0.407353 0.0238541 0.0219621
0 0.14548 0.626462 0.0276691 0.0200741
0 0.756091 0.0414608 0.0266777 0.0225885
0 0.617996 0.407159 0.0278981 0.0234909
0 0.730652 0.462227 0.0261256 0.0230913
0 0.0104942 0.684722 0.0209885 0.0223954
0 0.631451 0.155388 0.0183994 0.0140521
0 0.182145 0.144731 0.0258372 0.0173241
0 0.401195 0.785578 0.0301271 0.0249233
0 0.550373 0.0316501 0.026535 0.0212456
0 0.0858377 0.267786 0.0252984 0.0205918
0 0.871693 0.414109 0.0246212 0.0205877
0 0.819192 0.132456 0.0253016 0.0212512
0 0.91824 0.435175 0.0234297 0.0179382
0 0.0357618 0.829342 0.0203808 0.0179672
0 0.263569 0.199568 0.022115 0.0195981
0 0.242483 0.711557 0.0227687 0.0202158
0 0.723975 0.144803 0.0265266 0.0232583
0 0.840315 0.408466 0.0256 0.0235742
0 0.981748 0.729159 0.0262844 0.0238425
0 0.56775 0.471098 0.028502 0.0261258
0 0.0667017 0.686582 0.0280904 0.0237418
0 0.888829 0.0409207 0.0240147 0.0211224
0 0.881484 0.47852 0.0178469 0.014989
0 0.859067 0.130999 0.021251 0.0204693
0 0.943612 0.916492 0.0200244 0.0203152
0 0.828724 0.652853 0.0249929 0.0204122
0 0.809951 0.054596 0.0207951 0.0193355
0 0.88671 0.00477725 0.0268082 0.0095545
0 0.267595 0.674417 0.0238365 0.0199105
0 0.764226 0.313294 0.0283158 0.0253045
0 0.895428 0.85196 0.027385 0.0262263
0 0.833538 0.0586454 0.0243511 0.0204716
0 0.946102 0.861353 0.0222126 0.0192732
0 0.96511 0.36343 0.0322658 0.0201142
0 0.175898 0.781794 0.0253962 0.0233281
0 0.971278 0.191783 0.0302036 0.0253352
0 0.501862 0.511096 0.0323267 0.0258191
0 0.465246 0.65466 0.0249084 0.0221652
0 0.465205 0.690235 0.0250238 0.022426
0 0.980857 0.650009 0.0227327 0.0197348
0 0.244712 0.493468 0.0244078 0.0207848
0 0.767605 0.821352 0.0268243 0.0229083
0 0.29918 0.193816 0.0310392 0.0204204
0 0.343269 0.50643 0.029621 0.0249538
0 0.140587 0.108063 0.0238912 0.0198367
0 0.474292 0.492508 0.0300105 0.0229852
0 0.470769 0.801006 0.0282136 0.0250689
0 0.589274 0.627688 0.0240516 0.0204052
0 0.479325 0.719622 0.023582 0.021618
0 0.406461 0.629786 0.0239565 0.0208632
0 0.740463 0.757399 0.0241506 0.0240197
0 0.139327 0.893781 0.0320636 0.0241732
0 0.386543 0.169403 0.0246282 0.0215728
0 0.87719 0.727777 0.034681 0.0208599
0 0.759871 0.500492 0.0255815 0.0268108
0 0.679797 0.354657 0.0355915 0.0291122
0 0.113986 0.745352 0.025108 0.0205382
0 0.0781218 0.203946 0.0257781 0.0216309
0 0.351333 0.21 0.0192697 0.0202892
0 0.717818 0.566917 0.0289537 0.0290662
0 0.198992 0.713297 0.0281567 0.0199773
0 0.235269 0.145495 0.0310139 0.0220051
0 0.339135 0.402662 0.0244607 0.0218775
0 0.865618 0.370255 0.029767 0.0208516
0 0.328361 0.61298 0.0282594 0.0247017
0 0.986032 0.301122 0.0246839 0.0193725
0 0.490873 0.111642 0.0291016 0.0237858
0 0.928409 0.88182 0.0213571 0.0180726
0 0.639319 0.440647 0.0241365 0.0222778
0 0.291972 0.53716 0.0232541 0.0193447
0 0.825666 0.543392 0.0251828 0.0228684
0 0.0276981 0.104268 0.0238066 0.020439
0 0.272234 0.996812 0.0187472 0.00637704
0 0.280596 0.517554 0.0315725 0.024935
0 0.0399965 0.377947 0.0231242 0.0194574
0 0.703479 0.976978 0.026176 0.0212547
0 0.823988 0.712545 0.0253083 0.0201048
0 0.316029 0.528293 0.0320461 0.0232629
0 0.829881 0.577452 0.0230859 0.021577
0 0.266615 0.116184 0.0269452 0.023919
0 0.841547 0.189402 0.026526 0.0193441
0 0.939971 0.608691 0.0289089 0.0244114
0 0.118814 0.575022 0.0324301 0.0285813
0 0.357535 0.67654 0.0263037 0.021695
0 0.958972 0.82477 0.0242229 0.0226361
0 0.444853 0.642381 0.0275162 0.0228029
0 0.0231768 0.977631 0.024955 0.0220373
0 0.775949 0.968397 0.0225807 0.0198838
0 0.132052 0.757758 0.0264949 0.0233875
0 0.989067 0.827598 0.0218667 0.0221457
0 0.453097 0.971707 0.0266667 0.0222577
0 0.991921 0.768943 0.0161576 0.0209367
0 0.952041 0.450429 0.0236576 0.0191902
0 0.996777 0.672799 0.00637496 0.021413
0 0.0194833 0.171149 0.0245169 0.0186381
0 0.708095 0.590685 0.0354653 0.0199291
0 0.170903 0.842983 0.0250245 0.0229582
0 0.521215 0.0541202 0.0255614 0.0234738
0 0.397693 0.398449 0.0208989 0.0317807
0 0.570549 0.550199 0.0237385 0.020254
0 0.932948 0.13314 0.0198829 0.0200578
0 0.966148 0.769596 0.0254054 0.0218136
0 0.0183867 0.849391 0.0272315 0.02078
0 0.947823 0.422778 0.0226434 0.0192598
0 0.750288 0.352686 0.0297598 0.0188045
0 0.873582 0.818371 0.0247288 0.020914
0 0.653837 0.0142008 0.0370616 0.0220415
0 0.954159 0.655076 0.0242819 0.0236492
0 0.0671248 0.93245 0.026635 0.0208578
0 0.544425 0.00458183 0.0264118 0.00916366
0 0.388157 0.140744 0.0293052 0.0236898
0 0.598169 0.866906 0.0242448 0.0198468
0 0.132138 0.985735 0.0372404 0.0280414
0 0.934308 0.530574 0.0297946 0.021333
0 0.896513 0.413835 0.0217805 0.0171744
0 0.934634 0.472689 0.0239261 0.0188749
0 0.0811002 0.462256 0.03015 0.0256077
0 0.858266 0.229607 0.0258419 0.0243675
0 0.820242 0.162415 0.022819 0.0186595
0 0.993293 0.284547 0.0134135 0.0191532
0 0.969566 0.430624 0.022946 0.019589
0 0.863963 0.783566 0.025402 0.0225369
0 0.344711 0.510683 0.026501 0.0174606
0 0.0281172 0.925039 0.0335834 0.0285453
0 0.0552881 0.219052 0.0295033 0.020237
0 0.649883 0.183482 0.025146 0.0151553
0 0.138327 0.285846 0.0384464 0.0251964
0 0.434995 0.386307 0.0244592 0.0241339
0 0.925871 0.858728 0.0217707 0.0212545
0 0.363759 0.362596 0.025688 0.0198887
0 0.608307 0.811409 0.0297803 0.0242475
0 0.548759 0.508793 0.0267738 0.0262126
0 0.25258 0.0176108 0.0292617 0.0350916
0 0.427061 0.467884 0.0236065 0.0208204
0 0.906689 0.496898 0.0297071 0.0205779
0 0.976898 0.569489 0.0216607 0.0162551
0 0.868719 0.687753 0.0211363 0.0185456
0 0.117019 0.958953 0.0215255 0.0221337
0 0.963596 0.896812 0.029566 0.0257234
0 0.870729 0.24727 0.0260774 0.0172587
0 0.88217 0.882924 0.0208784 0.017308
0 0.905715 0.978845 0.0396873 0.0295718
0 0.857543 0.069929 0.0198243 0.0165991
0 0.12088 0.619425 0.0277864 0.0231639
0 0.740538 0.924364 0.0240259 0.022114
0 0.130625 0.309109 0.0232215 0.0185335
0 0.149785 0.312503 0.0227362 0.0174878
0 0.181691 0.993837 0.0348389 0.0123264
0 0.857148 0.702012 0.0203819 0.0160568
0 0.704237 0.154047 0.0225449 0.020783
0 0.696013 0.0341729 0.0204468 0.0194895
0 0.105999 0.398056 0.0238394 0.018199
0 0.899277 0.0839484 0.0330704 0.0234593
0 0.901992 0.737873 0.0271879 0.019293
0 0.417242 0.393245 0.0211787 0.0221252
0 0.573294 0.597893 0.0298832 0.0240286
0 0.834551 0.6052 0.0262044 0.0208826
0 0.79698 0.190008 0.0356262 0.029372
0 0.47807 0.490436 0.0227636 0.0203089
0 0.532611 0.603086 0.0286614 0.0235597
0 0.200056 0.735751 0.0255896 0.0234063
0 0.911929 0.702139 0.0288823 0.0172025
0 0.99436 0.0321911 0.011248 0.0180371
0 0.188231 0.500172 0.0242567 0.0198407
0 0.83129 0.208714 0.0261623 0.0231507
0 0.435578 0.660763 0.0212107 0.0164081
0 0.621571 0.536915 0.0236493 0.0238106
0 0.00835144 0.682663 0.0167029 0.0194266
0 0.620269 0.548403 0.0247947 0.0248279
0 0.397887 0.403981 0.0200594 0.0204836
0 0.951219 0.473481 0.0391927 0.0193757
0 0.236281 0.273346 0.0423623 0.0239691
0 0.138375 0.757623 0.0388724 0.0247582
0 0.814514 0.691114 0.0220218 0.0202199
0 0.547939 0.655005 0.0300936 0.0295401
0 0.903165 0.0852669 0.0261198 0.0210613
0 0.872125 0.728253 0.0249919 0.0191998
0 0.0433548 0.852213 0.0274944 0.0213761
0 0.218916 0.221382 0.0229614 0.0199348
0 0.6223 0.00509946 0.0257772 0.0101989
0 0.275616 0.241998 0.0510854 0.0247929
0 0.226741 0.220637 0.0378935 0.0224031
0 0.621141 0.54384 0.0246363 0.0341391
0 0.252908 0.225679 0.0419756 0.025255
0 0.19253 0.501706 0.0295918 0.0202932
0 0.796337 0.168388 0.0291398 0.0236436
0 0.955101 0.600957 0.0261683 0.0191486
0 0.071422 0.123216 0.0241385 0.0219686
0 0.302569 0.211455 0.0255772 0.0192733
0 0.408491 0.464964 0.0196843 0.026271
0 0.452778 0.0341858 0.0228817 0.0174851
0 0.477825 0.301437 0.0238172 0.0213844
0 0.513842 0.903605 0.0168606 0.0121284
0 0.976023 0.453703 0.0291389 0.0245861
0 0.397846 0.390722 0.0201828 0.0168157
0 0.673064 0.208798 0.025757 0.0220826
0 0.21366 0.43247 0.0300637 0.032986
0 0.899834 0.737442 0.0225781 0.0160659
0 0.897007 0.632826 0.02686 0.0193354
0 0.122612 0.227251 0.0199126 0.0162973
0 0.629813 0.742739 0.0284758 0.015899
0 0.0220961 0.506135 0.0238231 0.0196875
0 0.448987 0.32764 0.0346273 0.0313354
0 0.901982 0.496845 0.0225363 0.0182454
0 0.512133 0.905413 0.024774 0.0194508
0 0.0761448 0.123237 0.0345225 0.0232574
0 0.13544 0.98399 0.0287795 0.0269103
0 0.291863 0.0880151 0.0333014 0.0280435
0 0.214735 0.491468 0.0232789 0.0165831
0 0.795609 0.0531947 0.010377 0.0174363
0 0.623913 0.534061 0.0186952 0.0192699
0 0.993919 0.0291497 0.0121152 0.0236977
0 0.671389 0.857206 0.0353032 0.0346787
0 0.588485 0.474363 0.0198955 0.0194092
0 0.907448 0.98287 0.0373256 0.021902
0 0.474075 0.996244 0.025771 0.00751239
0 0.943556 0.472782 0.0409079 0.0202176
0 0.432058 0.600779 0.0185477 0.0182796
0 0.469733 0.494067 0.0230275 0.0200544
0 0.259564 0.485019 0.0167612 0.0180935
0 0.592932 0.914571 0.0238336 0.0218531
0 0.680403 0.954466 0.0259567 0.0216146
0 0.425749 0.633307 0.0136482 0.0195553
0 0.957026 0.473585 0.0273962 0.0188552
0 0.892131 0.78388 0.0358679 0.0322483
0 0.564208 0.149121 0.0227067 0.0157917
0 0.252462 0.0242172 0.027558 0.0218967
0 0.288812 0.0859032 0.0272903 0.022886
0 0.865897 0.973771 0.0226494 0.0184777
0 0.134963 0.310352 0.0310328 0.0206704
0 0.94372 0.612294 0.0222715 0.0169064
0 0.805525 0.976038 0.0237774 0.0170041
0 0.625391 0.737904 0.0238571 0.0197526
0 0.568413 0.548681 0.0209358 0.0170855
0 0.946868 0.427022 0.022153 0.0199034
0 0.527554 0.60333 0.0228139 0.0220868
0 0.244653 0.455187 0.0127865 0.0145879
0 0.855005 0.705264 0.0253679 0.0216022
0 0.974564 0.457345 0.0263067 0.0185767
0 0.835741 0.892417 0.0234907 0.0256973
0 0.704983 0.648577 0.0285985 0.0220699
0 0.549468 0.512912 0.0267801 0.0224544
0 0.197094 0.772813 0.0232929 0.0201728
0 0.213387 0.438095 0.0296118 0.0262647
0 0.903923 0.893335 0.0213403 0.0141537
0 0.0468649 0.547975 0.037865 0.0311139
0 0.892949 0.788884 0.0346488 0.0217779
0 0.727731 0.463019 0.0326096 0.027004
0 0.425074 0.76529 0.0365676 0.0196909
0 0.825546 0.540348 0.0230841 0.0201553
0 0.972917 0.188626 0.0262315 0.0199279
0 0.647111 0.187669 0.0283434 0.0210876
0 0.617197 0.177447 0.0220025 0.0245355
0 0.772155 0.920843 0.0240203 0.0230794
0 0.721356 0.0442547 0.0221239 0.0170275
0 0.897644 0.788648 0.0253471 0.018973
0 0.83372 0.975926 0.0238335 0.0198419
0 0.908184 0.112638 0.051307 0.0235149
0 0.723662 0.0425447 0.0185404 0.0137751
0 0.140501 0.311043 0.0405787 0.0208645
0 0.567562 0.822953 0.0481775 0.025171
0 0.0288563 0.505692 0.0349852 0.0218498
0 0.517073 0.906511 0.0301561 0.0191556
0 0.842846 0.403978 0.0233268 0.0173213
0 0.520995 0.851939 0.0258354 0.0204731
0 0.218454 0.421926 0.0213645 0.0223473
0 0.901942 0.980741 0.0327768 0.0234119
0 0.196782 0.503407 0.021619 0.0159649
0 0.425274 0.0206999 0.0329072 0.0217534
0 0.0288868 0.930168 0.0298211 0.0191553
0 0.709799 0.644238 0.0282564 0.0226452
0 0.478985 0.487476 0.021723 0.0203818
0 0.854943 0.26117 0.0254361 0.0190114
0 0.342845 0.49972 0.0280463 0.0176406
0 0.313772 0.0891932 0.0224315 0.0163561
0 0.460814 0.988818 0.0508812 0.0221499
0 0.855178 0.646704 0.0225192 0.0315391
0 0.55125 0.648196 0.024124 0.0170614
0 0.569691 0.59988 0.037162 0.0286958
0 0.431333 0.464851 0.0153315 0.0170106
0 0.941149 0.00981861 0.0157401 0.0188983
0 0.842764 0.690783 0.0226405 0.0200113
0 0.814494 0.785497 0.0209954 0.0169834
0 0.766564 0.310533 0.0262061 0.0212301
0 0.266458 0.121134 0.027436 0.0189063
0 0.433878 0.383215 0.0241798 0.0197351
0 0.497701 0.513418 0.0256704 0.0200428
0 0.892153 0.0831961 0.0193791 0.0208371
0 0.0116543 0.444026 0.0224626 0.0177784
0 0.662919 0.612796 0.0346834 0.0257888
0 0.587613 0.629531 0.0291966 0.0249505
0 0.365405 0.383027 0.0335833 0.0191394
0 0.994763 0.675748 0.0101901 0.0317035
0 0.0409151 0.00714222 0.0218764 0.0142844
0 0.267917 0.2433 0.0383114 0.021783
0 0.241159 0.228746 0.0195716 0.0188077
0 0.342239 0.145216 0.0316364 0.0222962
0 0.678821 0.957087 0.0232813 0.0207336
0 0.17775 0.77747 0.0218501 0.0158831
0 0.554342 0.824363 0.0244515 0.0210894
0 0.291315 0.23901 0.022089 0.0194499
0 0.245825 0.490471 0.022441 0.0158454
0 0.0655673 0.498362 0.0176376 0.0229873
0 0.611504 0.176973 0.0357036 0.0262077
0 0.623274 0.907242 0.0217157 0.0188578
0 0.142773 0.829676 0.0323617 0.025591
0 0.248208 0.713837 0.0236816 0.0193894
0 0.119851 0.571442 0.0289926 0.0220546
0 0.868995 0.727315 0.0191527 0.0170903
0 0.326847 0.612942 0.0358326 0.0288322
0 0.823531 0.544442 0.03186 0.0260933
0 0.449843 0.323288 0.0326556 0.0249989
0 0.0781519 0.3044 0.0344408 0.0215942
0 0.461485 0.691717 0.0341204 0.0273907
0 0.657209 0.917106 0.0329322 0.0258633
0 0.0850445 0.264901 0.0233673 0.0189443
0 0.996657 0.681542 0.00659686 0.0398163
0 0.70136 0.903158 0.0285577 0.0186459
0 0.841899 0.687537 0.0258041 0.0264933
0 0.991335 0.285125 0.0173305 0.0209281
0 0.269809 0.112504 0.0195287 0.0178105
0 0.902955 0.216388 0.0324754 0.0276692
0 0.727902 0.513439 0.0227687 0.0161098
0 0.855464 0.640263 0.0213717 0.0202566
0 0.711939 0.901633 0.0465984 0.021037
0 0.289932 0.0904036 0.027455 0.0240903
0 0.738133 0.755053 0.0208427 0.0190384
0 0.992675 0.344304 0.0146197 0.0207608
0 0.727523 0.460826 0.0238451 0.0203354
0 0.0425602 0.549017 0.0318227 0.0276879
0 0.740677 0.75351 0.0227202 0.0189332
0 0.63048 0.736545 0.0250171 0.0189072
0 0.0490648 0.21789 0.0258235 0.0176293
0 0.674165 0.860873 0.0294507 0.0265909
0 0.50293 0.50817 0.0291777 0.020165
0 0.219356 0.419747 0.0181519 0.0187527
0 0.949935 0.448694 0.0223979 0.0173186
0 0.896927 0.112941 0.0303075 0.0199567
0 0.477777 0.722144 0.0290385 0.0254672
0 0.0676324 0.68278 0.0265418 0.0179011
0 0.994033 0.127508 0.011916 0.0194093
0 0.442566 0.648189 0.0319378 0.034095
0 0.00524858 0.164051 0.0104972 0.0194615
0 0.362911 0.344972 0.021064 0.0143877
0 0.761692 0.494971 0.0199567 0.0162477
0 0.85666 0.259514 0.0212214 0.016133
0 0.952981 0.958098 0.0224417 0.0167035
0 0.575505 0.821991 0.0326379 0.0232151
0 0.450927 0.974183 0.0318289 0.0256797
0 0.0905702 0.763773 0.0213697 0.0263149
0 0.347927 0.504578 0.0215247 0.0188007
0 0.4088 0.460513 0.018385 0.0182553
0 0.636024 0.442921 0.0321524 0.0267787
0 0.260004 0.99132 0.0123827 0.0167389
0 0.989618 0.702938 0.0207637 0.0194421
0 0.774106 0.96991 0.0281904 0.0241628
0 0.94278 0.611868 0.0256661 0.0225474
0 0.0118581 0.169917 0.0130515 0.0155925
0 0.566775 0.552108 0.0346736 0.0250146
0 0.432068 0.536027 0.0328667 0.0270911
0 0.200019 0.724223 0.0308956 0.0406676
0 0.721107 0.56008 0.0222546 0.018842
0 0.912121 0.699203 0.0313014 0.020477
0 0.741769 0.763521 0.0217845 0.0182833
0 0.474286 0.986661 0.0250363 0.0227113
0 0.563328 0.468716 0.0194771 0.0185315
0 0.371869 0.382555 0.0211608 0.0168598
0 0.757028 0.236738 0.0345605 0.0258327
0 0.794542 0.0526498 0.0131995 0.0196926
0 0.338567 0.500954 0.0219537 0.019147
0 0.977793 0.445889 0.0254636 0.0163195
0 0.239502 0.224524 0.0168085 0.015211
0 0.145381 0.951439 0.0255833 0.0219716
0 0.658753 0.905665 0.0362583 0.0293725
0 0.467284 0.987624 0.0399271 0.0243676
0 0.147793 0.114831 0.0370265 0.0315537
0 0.215326 0.220454 0.0164039 0.0182249
0 0.800086 0.710805 0.0264977 0.0166756
0 0.960196 0.363967 0.0248858 0.01785
0 0.0493093 0.428223 0.0232236 0.0186159
0 0.0306757 0.500435 0.036531 0.0278202
0 0.80561 0.0120641 0.0311492 0.021866
0 0.762212 0.313297 0.037259 0.028779
0 0.989944 0.131474 0.0196983 0.0273957
0 0.922129 0.110556 0.0258638 0.0209427
0 0.573781 0.466146 0.0175243 0.0164892
0 0.0575219 0.425238 0.040782 0.0258982
0 0.257603 0.224852 0.0320342 0.0228207
0 0.842527 0.271455 0.0240534 0.0165041
0 0.849202 0.264728 0.0359147 0.0261659
0 0.132659 0.196849 0.0308139 0.0216807
0 0.181097 0.147196 0.0295386 0.0212402
0 0.467654 0.649909 0.0197663 0.0152351
0 0.831261 0.606107 0.036688 0.0253022
0 0.937918 0.526588 0.0285745 0.0169722
0 0.0156468 0.17132 0.020387 0.0177646
0 0.448359 0.990536 0.0316243 0.0186328
0 0.759602 0.496551 0.0241225 0.0197032
0 0.405592 0.628656 0.0301129 0.0261594
0 0.703525 0.642228 0.0227572 0.0175316
0 0.577915 0.00370878 0.0242163 0.00741756
0 0.521166 0.85568 0.0267338 0.0250082
0 0.518 0.0547461 0.0357669 0.0285403
0 0.918667 0.111983 0.036525 0.0238777
0 0.214965 0.44201 0.0279671 0.0220115
0 0.67135 0.849459 0.0275866 0.0205669
0 0.890773 0.0803689 0.0160698 0.0154451
0 0.473789 0.992887 0.0270112 0.013792
0 0.708662 0.925636 0.0223562 0.02431
0 0.0229269 0.977062 0.0328656 0.0248754
0 0.963051 0.769346 0.0339367 0.0254267
0 0.329441 0.609165 0.0282434 0.0209742
0 0.494229 0.510971 0.0178039 0.0173517
0 0.526479 0.584242 0.0233994 0.0180432
0 0.906159 0.211225 0.0227145 0.0182991
0 0.559082 0.11775 0.0185599 0.0183275
0 0.937792 0.0487149 0.0281878 0.0248338
0 0.863281 0.370075 0.0386969 0.0242177
0 0.507147 0.507086 0.0209206 0.0177887
0 0.625398 0.738734 0.038636 0.0253322
0 0.427802 0.0287431 0.0376576 0.0366198
0 0.128259 0.434083 0.0323788 0.0235541
0 0.0696167 0.690491 0.0273056 0.0181073
0 0.680977 0.358841 0.0341796 0.0223048
0 0.0257639 0.928308 0.0279805 0.0213029
0 0.996236 0.669798 0.00744855 0.0221159
0 0.835328 0.0615024 0.0230986 0.0178092
0 0.899386 0.783145 0.0224624 0.0234112
0 0.213129 0.43141 0.0364531 0.0402679
0 0.579567 0.821265 0.0242578 0.0198806
0 0.445764 0.320729 0.0259464 0.0186526
0 0.862116 0.21392 0.0235239 0.0178504
0 0.434035 0.380088 0.0230094 0.0149469
