0 0.098463 0.947768 0.0225652 0.0239298
0 0.646083 0.605505 0.0198702 0.0230442
0 0.446938 0.653627 0.0229273 0.0194967
0 0.781645 0.766147 0.0302283 0.0303189
0 0.98305 0.362852 0.0286752 0.0261448
0 0.3116 0.580664 0.0262735 0.0228354
0 0.85047 0.0855571 0.0302804 0.0331816
0 0.665382 0.344527 0.0266781 0.0282667
0 0.119545 0.827585 0.0316254 0.0283275
0 0.86896 0.726392 0.0235981 0.0240359
0 0.556484 0.841803 0.0313388 0.0268962
0 0.38789 0.716627 0.0225962 0.0205596
0 0.943775 0.137428 0.0284334 0.0293183
0 0.490121 0.968028 0.0194816 0.0193537
0 0.411071 0.927837 0.0263897 0.0277641
0 0.788288 0.803931 0.0254419 0.0286609
0 0.930041 0.0640228 0.0288702 0.030839
0 0.291883 0.559622 0.0287792 0.0260417
0 0.582767 0.804035 0.0323426 0.0279942
0 0.49872 0.374076 0.0202386 0.0197164
0 0.969229 0.256981 0.0324605 0.0273872
0 0.227577 0.788967 0.02784 0.0254773
0 0.173415 0.38137 0.033454 0.0328321
0 0.256683 0.0393423 0.0227045 0.0241705
0 0.768619 0.920037 0.0271754 0.0218895
0 0.972025 0.744525 0.0241647 0.0307286
0 0.513284 0.455013 0.0250218 0.0259464
0 0.84475 0.300369 0.0335755 0.0262068
0 0.8486 0.557721 0.023495 0.0242829
0 0.551327 0.229482 0.028792 0.0264873
0 0.527076 0.832627 0.0331418 0.0317584
0 0.870619 0.75402 0.0223408 0.0222147
0 0.249085 0.466251 0.0293546 0.0240259
0 0.25269 0.988395 0.0262713 0.0227982
0 0.982005 0.899984 0.0299254 0.0288466
0 0.977075 0.54252 0.0261458 0.0181047
0 0.0084721 0.387738 0.0169442 0.0192615
0 0.968276 0.385888 0.028542 0.022922
0 0.0608642 0.288336 0.0233858 0.0246958
0 0.74665 0.57348 0.0293131 0.0323136
0 0.65469 0.934243 0.0322269 0.0286179
0 0.112601 0.985746 0.0326949 0.0285076
0 0.994378 0.305804 0.0112436 0.0210903
0 0.799094 0.00924078 0.0355302 0.0184816
0 0.65315 0.967367 0.0264588 0.0276374
0 0.233489 0.854733 0.0293486 0.0202321
0 0.611691 0.759927 0.0190524 0.0249645
0 0.93895 0.398042 0.0287229 0.0236673
0 0.6252 0.596852 0.026036 0.0352884
0 0.436011 0.887003 0.0205857 0.0219957
0 0.879452 0.830453 0.0327401 0.0256825
0 0.988897 0.18685 0.0222064 0.0266129
0 0.519846 0.247567 0.0299075 0.0262085
0 0.0134578 0.782111 0.0227774 0.0140413
0 0.252235 0.0957684 0.0272613 0.0253965
0 0.799418 0.422712 0.0296543 0.0240194
0 0.986756 0.521109 0.0264875 0.0294418
0 0.351414 0.0821732 0.0265123 0.030713
0 0.599012 0.384368 0.0317964 0.0357087
0 0.822333 0.833784 0.027146 0.0283828
0 0.83268 0.935804 0.0284145 0.0297375
0 0.315596 0.372134 0.0307541 0.0366701
0 0.278392 0.886274 0.028051 0.0340349
0 0.70901 0.0744793 0.0255004 0.0271208
0 0.0083391 0.257127 0.0166782 0.0295879
0 0.372824 0.598911 0.0325948 0.0254683
0 0.301891 0.133094 0.027752 0.0212674
0 0.402501 0.192447 0.0270738 0.029612
0 0.504868 0.660032 0.0227041 0.0270469
0 0.7267 0.258905 0.0340219 0.023001
0 0.680458 0.0422775 0.0303922 0.0285637
0 0.670938 0.613518 0.0221044 0.0236635
0 0.686165 0.178826 0.0244777 0.0289393
0 0.776669 0.0787486 0.0224551 0.0191755
0 0.0184055 0.782812 0.0332066 0.016597
0 0.47328 0.477277 0.0311957 0.0341959
0 0.0556838 0.903386 0.0255169 0.0321919
0 0.904057 0.3425 0.0328892 0.0269986
0 0.502925 0.22164 0.0256925 0.0300797
0 0.246628 0.695957 0.0297034 0.0279694
0 0.0804576 0.274451 0.0252761 0.0293937
0 0.472199 0.620936 0.0266127 0.0340141
0 0.563943 0.681109 0.0251359 0.022593
0 0.715069 0.91114 0.0267177 0.0288745
0 0.534074 0.684407 0.0290967 0.0248455
0 0.0557347 0.222483 0.0291997 0.0230036
0 0.652722 0.468564 0.0271032 0.0235591
0 0.549649 0.186631 0.0304668 0.0254199
0 0.185131 0.913223 0.0231014 0.02333
0 0.810645 0.288037 0.0339223 0.0301717
0 0.0389959 0.482687 0.0282827 0.032797
0 0.924183 0.113362 0.0358069 0.0288092
0 0.984492 0.700479 0.0273723 0.0293171
0 0.313025 0.0879795 0.0212815 0.0207726
0 0.596575 0.558121 0.029472 0.031293
0 0.929742 0.836135 0.0284367 0.0294329
0 0.755085 0.82033 0.0301958 0.0243465
0 0.00332717 0.920775 0.00665434 0.0171095
0 0.884169 0.0307277 0.0329041 0.0358217
0 0.453112 0.216691 0.0226651 0.0298539
0 0.598128 0.00470644 0.0178793 0.00941287
0 0.920606 0.363121 0.0284879 0.0320756
0 0.346085 0.288376 0.0253901 0.0191024
0 0.637855 0.896183 0.0344124 0.0276808
0 0.972134 0.260914 0.0266347 0.0194511
0 0.882137 0.0648428 0.029869 0.0283082
0 0.318578 0.819158 0.0274687 0.0284826
0 0.320488 0.158043 0.026151 0.0186911
0 0.785185 0.854826 0.0267721 0.0237701
0 0.253487 0.542559 0.023619 0.0303597
0 0.351515 0.923241 0.0278824 0.0256354
0 0.011767 0.720208 0.0234818 0.0257662
0 0.39909 0.864969 0.0287448 0.0304526
0 0.64205 0.273664 0.0295466 0.0251745
0 0.0416097 0.934574 0.0357158 0.0333051
0 0.92004 0.945488 0.0211945 0.0213957
0 0.993591 0.103809 0.0126408 0.0292425
0 0.94975 0.602964 0.0279351 0.0259773
0 0.195897 0.802375 0.0223935 0.0232518
0 0.770964 0.395834 0.0268766 0.0251337
0 0.73618 0.763477 0.0282642 0.0276866
0 0.148236 0.59602 0.0185932 0.0207835
0 0.711336 0.850012 0.0278286 0.02135
0 0.156667 0.712287 0.0278606 0.020772
0 0.0308813 0.993373 0.0229005 0.0129576
0 0.35702 0.824391 0.0237471 0.0198322
0 0.453994 0.681553 0.0272886 0.0270467
0 0.199775 0.759578 0.0206875 0.029304
0 0.948066 0.576892 0.0213761 0.0221516
0 0.772898 0.321784 0.0289738 0.0316519
0 0.155939 0.831782 0.0333958 0.0247999
0 0.653118 0.962389 0.0261273 0.0180994
0 0.664763 0.289823 0.0245369 0.0256698
0 0.570279 0.597952 0.0353583 0.036801
0 0.941871 0.853824 0.0272856 0.0242758
0 0.699309 0.742251 0.0233456 0.0168791
0 0.965721 0.482078 0.0292358 0.0279854
0 0.17592 0.658068 0.0291877 0.0223721
0 0.367126 0.484705 0.035035 0.035377
0 0.351341 0.0414738 0.0351947 0.0333556
0 0.543809 0.979396 0.0264961 0.0236253
0 0.852427 0.120889 0.035849 0.0296677
0 0.429168 0.0723803 0.0299503 0.0310178
0 0.52784 0.214428 0.0336905 0.0342196
0 0.725178 0.937463 0.0239145 0.0178615
0 0.688525 0.895234 0.0324248 0.0396125
0 0.531266 0.590916 0.0197477 0.01701
0 0.676761 0.121806 0.0241175 0.0280027
0 0.122646 0.93567 0.0291251 0.0341834
0 0.938834 0.1773 0.0303825 0.0267387
0 0.947676 0.675957 0.0280167 0.030932
0 0.723776 0.105659 0.0196054 0.017138
0 0.747464 0.577485 0.0272015 0.0243793
0 0.84805 0.584454 0.0304475 0.022645
0 0.916092 0.798573 0.0334432 0.033675
0 0.735286 0.643705 0.0324954 0.0323931
0 0.621681 0.246267 0.0327121 0.0342067
0 0.633421 0.446632 0.0312182 0.0271918
0 0.895241 0.00844883 0.0306744 0.0168977
0 0.764619 0.368731 0.0277655 0.0261452
0 0.978404 0.0800612 0.0264906 0.0263677
0 0.14814 0.307759 0.0284041 0.0246232
0 0.0496858 0.0805666 0.0306632 0.031035
0 0.634498 0.681276 0.0237112 0.0183583
0 0.258954 0.961629 0.0317665 0.0297071
0 0.681147 0.979248 0.0336044 0.035576
0 0.143849 0.786235 0.0225222 0.02
0 0.0563885 0.906558 0.0232884 0.0246566
0 0.212718 0.427328 0.0285155 0.0246716
0 0.728575 0.17584 0.0330776 0.0318848
0 0.960715 0.710125 0.0267795 0.0253832
0 0.722633 0.877764 0.0318766 0.0279413
0 0.685542 0.647252 0.0263156 0.0288078
0 0.101973 0.198346 0.031927 0.0419399
0 0.879787 0.445245 0.0279031 0.0334178
0 0.231203 0.979936 0.0290159 0.0355244
0 0.529036 0.83932 0.027832 0.0189072
0 0.5184 0.733325 0.0297233 0.0266332
0 0.936972 0.395768 0.0242881 0.018109
0 0.923499 0.643217 0.0205286 0.0255719
0 0.378851 0.903158 0.0237417 0.0223126
0 0.0849398 0.387329 0.0223285 0.0263076
0 0.304838 0.728691 0.0238713 0.0228891
0 0.63731 0.501481 0.0305939 0.0237052
0 0.221047 0.55837 0.0297891 0.0301322
0 0.961174 0.922138 0.0269679 0.0267633
0 0.309996 0.623865 0.0315323 0.0354071
0 0.808668 0.394086 0.030039 0.0303252
0 0.523792 0.370817 0.0210511 0.0258492
0 0.806903 0.992297 0.0295949 0.0154051
0 0.875532 0.830148 0.0276298 0.0227574
0 0.222796 0.0072854 0.0201504 0.0145708
0 0.708524 0.665075 0.0269161 0.0229964
0 0.0517817 0.714107 0.0283963 0.0250096
0 0.875071 0.579833 0.0265288 0.0277129
0 0.394777 0.0827769 0.0346175 0.0389519
0 0.175093 0.995475 0.0213436 0.00904989
0 0.0896291 0.997038 0.0166473 0.00592482
0 0.581704 0.234371 0.029943 0.028572
0 0.238949 0.889856 0.0375015 0.0337393
0 0.08966 0.146835 0.0260126 0.0271673
0 0.0864588 0.797242 0.0316857 0.0269129
0 0.913946 0.0864779 0.0323489 0.0271532
0 0.684755 0.900931 0.0273048 0.0268151
0 0.597024 0.167709 0.0295808 0.0252276
0 0.422837 0.420733 0.0275265 0.0273801
0 0.659197 0.83114 0.0187732 0.0173944
0 0.0710359 0.609892 0.0272456 0.0312
0 0.502291 0.0658202 0.0320347 0.033695
0 0.986254 0.976858 0.027491 0.0266497
0 0.0771171 0.977734 0.0326759 0.0282015
0 0.421019 0.836156 0.0335236 0.0346463
0 0.651249 0.251171 0.026239 0.0298796
0 0.762894 0.52928 0.0284278 0.0347481
0 0.780672 0.875483 0.0318912 0.0254643
0 0.705534 0.831654 0.0189282 0.0190184
0 0.870396 0.358904 0.0269288 0.0269772
0 0.708419 0.660229 0.0275922 0.0330766
0 0.105551 0.237754 0.0330394 0.0326507
0 0.455232 0.267592 0.029771 0.0237002
0 0.959794 0.715192 0.0296725 0.0336359
0 0.149867 0.0538161 0.0332582 0.0307304
0 0.766663 0.415379 0.0310962 0.0194436
0 0.61741 0.543629 0.027105 0.0301417
0 0.708723 0.380621 0.0217814 0.0265613
0 0.388926 0.222161 0.0259167 0.023747
0 0.146446 0.202011 0.0296351 0.0229876
0 0.0111591 0.0941239 0.0223182 0.0295307
0 0.823257 0.0540717 0.0162587 0.0169135
0 0.403236 0.271119 0.031155 0.0264932
0 0.219903 0.754476 0.0287035 0.0379817
0 0.502633 0.988114 0.0215251 0.0227901
0 0.860757 0.275534 0.0237293 0.0230025
0 0.0609464 0.995276 0.0284217 0.00944752
0 0.567191 0.378147 0.0239713 0.0211903
0 0.82516 0.964076 0.0256665 0.0260999
0 0.0327921 0.451691 0.0231416 0.0201361
0 0.175078 0.746999 0.0318485 0.0340208
0 0.0472766 0.942518 0.0231926 0.0168327
0 0.385521 0.569364 0.030017 0.0273976
0 0.842851 0.974448 0.0250832 0.0204838
0 0.84978 0.530778 0.0294428 0.0293336
0 0.911195 0.736512 0.0324548 0.0264058
0 0.708744 0.374712 0.0195426 0.0147864
0 0.566034 0.595854 0.0283736 0.0330313
0 0.604647 0.902994 0.0261926 0.0227314
0 0.664873 0.674245 0.034555 0.0308734
0 0.277914 0.989194 0.0252582 0.0211995
0 0.820635 0.562148 0.023806 0.0257109
0 0.174554 0.934838 0.028165 0.0368906
0 0.220554 0.404731 0.0290101 0.027645
0 0.8141 0.294397 0.0249605 0.0167736
0 0.138908 0.23909 0.0331697 0.0344388
0 0.784317 0.771653 0.0253231 0.0195014
0 0.484503 0.590613 0.0315482 0.0273932
0 0.0401449 0.816748 0.029021 0.0270919
0 0.142419 0.782514 0.0260783 0.0272379
0 0.946829 0.362162 0.0296972 0.033406
0 0.443539 0.373531 0.0263465 0.0299263
0 0.929735 0.259475 0.0252302 0.0252557
0 0.629755 0.975177 0.0277707 0.0261107
0 0.0947289 0.296612 0.0289257 0.0263132
0 0.863753 0.704489 0.0229106 0.0178291
0 0.760348 0.445327 0.0282714 0.0319525
0 0.700978 0.467815 0.0277041 0.0215215
0 0.893841 0.159857 0.0350874 0.0263525
0 0.525175 0.838044 0.0281324 0.0197606
0 0.625107 0.590119 0.0242391 0.0226054
0 0.564771 0.210999 0.0361704 0.0271662
0 0.701713 0.462111 0.0294082 0.0312313
0 0.707632 0.122561 0.0374746 0.0300755
0 0.411807 0.379218 0.0392281 0.0447786
0 0.474959 0.566166 0.0216503 0.0257978
0 0.708432 0.629978 0.029436 0.0236691
0 0.674131 0.413881 0.0281465 0.026585
0 0.268463 0.912583 0.0306782 0.0272285
0 0.920014 0.224033 0.029875 0.0316247
0 0.191531 0.690787 0.026279 0.0327441
0 0.500514 0.16913 0.0320347 0.0306737
0 0.60182 0.900552 0.0319281 0.0290459
0 0.781908 0.86485 0.033731 0.0450394
0 0.012817 0.430963 0.0251291 0.0301174
0 0.844429 0.710529 0.0286002 0.0296592
0 0.773102 0.983734 0.0186748 0.0274606
0 0.187216 0.776669 0.0262011 0.0243657
0 0.159955 0.341582 0.0265638 0.027532
0 0.800439 0.973034 0.0184781 0.0228618
0 0.219441 0.271518 0.0329614 0.0291034
0 0.333283 0.247397 0.0293258 0.0267711
0 0.744708 0.964611 0.028336 0.0299098
0 0.131065 0.57861 0.0241957 0.0304238
0 0.636195 0.523474 0.0298077 0.027464
0 0.455161 0.274442 0.0313028 0.0366784
0 0.371547 0.958953 0.0302522 0.0305007
0 0.206731 0.38268 0.0305111 0.0257893
0 0.483292 0.0919084 0.0269223 0.0259702
0 0.913206 0.133239 0.018388 0.0148292
0 0.407761 0.69004 0.0292016 0.0290871
0 0.940041 0.480714 0.0250221 0.0304516
0 0.631719 0.675998 0.029758 0.027642
0 0.432693 0.480925 0.0298654 0.0410641
0 0.473198 0.830882 0.0325123 0.0344608
0 0.241376 0.523546 0.0265858 0.0284193
0 0.0363477 0.100543 0.0242189 0.0294108
0 0.990636 0.85838 0.0187281 0.0254698
0 0.0812325 0.27007 0.0237227 0.0212017
0 0.016104 0.110991 0.0222675 0.0216216
0 0.742659 0.230659 0.0267748 0.0245498
0 0.849864 0.921501 0.028484 0.0308898
0 0.822153 0.478171 0.0180922 0.0154196
0 0.353872 0.0375693 0.0299596 0.0263143
0 0.862738 0.169873 0.0347066 0.0482146
0 0.00509454 0.738689 0.0101891 0.0218501
0 0.0197767 0.640213 0.028172 0.0287097
0 0.0402023 0.476053 0.025993 0.0193777
0 0.951559 0.115468 0.0266466 0.0240119
0 0.47529 0.484657 0.0289943 0.0200341
0 0.669518 0.549477 0.0357265 0.0314047
0 0.743487 0.202132 0.0344542 0.030287
0 0.49981 0.772392 0.0287115 0.0241439
0 0.12548 0.0847654 0.0240074 0.0190225
0 0.809181 0.921298 0.0269379 0.0214484
0 0.635297 0.00777912 0.0394003 0.0155582
0 0.19131 0.960515 0.0214999 0.0269145
0 0.859692 0.988611 0.0284154 0.0222974
0 0.810915 0.293595 0.0320237 0.0196386
0 0.459215 0.502538 0.0188453 0.017843
0 0.0130165 0.179409 0.026033 0.0330309
0 0.59273 0.0333649 0.0243672 0.0212349
0 0.719646 0.6041 0.0248649 0.0228218
0 0.621473 0.240208 0.0313661 0.0219699
0 0.489086 0.014763 0.0390511 0.0295259
0 0.808737 0.935578 0.0274626 0.0481366
0 0.567577 0.313296 0.0288337 0.0251288
0 0.839898 0.402355 0.0292497 0.0218946
0 0.413173 0.240253 0.0313159 0.0367588
0 0.834532 0.99181 0.0245024 0.0163798
0 0.25604 0.613743 0.0218163 0.0313846
0 0.294979 0.16404 0.0193856 0.0235214
0 0.785838 0.208795 0.0210344 0.0201331
0 0.445278 0.0160425 0.0582453 0.0320089
0 0.0406004 0.607427 0.0297327 0.0276808
0 0.951826 0.427168 0.0240495 0.0224278
0 0.402267 0.515214 0.0393583 0.0338889
0 0.833974 0.644563 0.0246647 0.0223347
0 0.163558 0.964792 0.0229168 0.0168161
0 0.582767 0.238495 0.028711 0.0206906
0 0.35093 0.651938 0.0364571 0.0277359
0 0.569821 0.158401 0.0281006 0.0300735
0 0.698227 0.822286 0.0265128 0.0227145
0 0.822303 0.428493 0.0234011 0.0197981
0 0.039234 0.930327 0.0321483 0.0283048
0 0.422735 0.63542 0.0274624 0.0249762
0 0.588323 0.356816 0.0230151 0.0260323
0 0.79775 0.114371 0.0262879 0.0288921
0 0.929626 0.0595072 0.0268723 0.0224476
0 0.234346 0.179443 0.0325004 0.0275906
0 0.697619 0.605848 0.0237885 0.0256006
0 0.181389 0.868702 0.03359 0.0281163
0 0.95197 0.54254 0.0286812 0.0263178
0 0.336615 0.252958 0.0355759 0.0377324
0 0.811322 0.0686577 0.0294647 0.020961
0 0.268432 0.762497 0.0293579 0.0260461
0 0.0442048 0.941259 0.0289623 0.019759
0 0.920895 0.555807 0.0243471 0.0238242
0 0.0606414 0.990817 0.0292937 0.018055
0 0.160868 0.401776 0.0276347 0.0260499
0 0.116373 0.39245 0.0358742 0.0285501
0 0.180456 0.283292 0.0265221 0.029658
0 0.0261987 0.266073 0.0244124 0.0219623
0 0.311389 0.329034 0.0457532 0.0341844
0 0.556801 0.788015 0.0258085 0.0272294
0 0.654424 0.747081 0.019278 0.0184935
0 0.298069 0.985872 0.026828 0.0282559
0 0.0822386 0.479459 0.0374395 0.0343164
0 0.302284 0.249461 0.028975 0.0270659
0 0.828112 0.0229441 0.021359 0.0347292
0 0.192922 0.800899 0.0275465 0.0273749
0 0.288308 0.158418 0.0324264 0.0342446
0 0.500532 0.779411 0.0307186 0.0377007
0 0.136125 0.96483 0.0189504 0.0155745
0 0.809255 0.584631 0.0242417 0.0246878
0 0.745153 0.453112 0.0265273 0.0288003
0 0.0549695 0.0869819 0.0213073 0.0174723
0 0.0133888 0.437325 0.0226499 0.0172096
0 0.823242 0.500321 0.0231258 0.0328954
0 0.667121 0.351188 0.0230831 0.0164405
0 0.561994 0.893273 0.0371921 0.0307987
0 0.652113 0.0516281 0.0258274 0.0204457
0 0.198475 0.570311 0.0183867 0.0191461
0 0.732276 0.084966 0.0270102 0.0205336
0 0.808225 0.284843 0.031683 0.0259043
0 0.194395 0.3522 0.0240642 0.0207349
0 0.967365 0.510085 0.0261692 0.0244153
0 0.52152 0.8764 0.0305075 0.0302907
0 0.982834 0.830617 0.0300121 0.0188345
0 0.821045 0.828345 0.0236793 0.0171411
0 0.524794 0.18628 0.0209481 0.0192306
0 0.00680868 0.832745 0.0136174 0.0202953
0 0.199493 0.754881 0.0196691 0.0195733
0 0.159189 0.444464 0.0254613 0.0254588
0 0.904962 0.982518 0.0282804 0.0255919
0 0.3311 0.47457 0.0365904 0.0394083
0 0.699854 0.825806 0.0293279 0.0285208
0 0.0454017 0.515196 0.0386654 0.0399581
0 0.930691 0.916047 0.028114 0.0245668
0 0.0123677 0.616988 0.0241108 0.0252377
0 0.805931 0.981227 0.0325965 0.0374227
0 0.918679 0.551034 0.0290289 0.0287411
0 0.391104 0.404347 0.0286964 0.0274614
0 0.486931 0.290013 0.0367212 0.0409024
0 0.00814285 0.263204 0.0162857 0.0309865
0 0.218582 0.823172 0.02333 0.0262545
0 0.813059 0.0626628 0.035851 0.0332221
0 0.971071 0.426662 0.0255733 0.0231405
0 0.714803 0.904472 0.0242794 0.016113
0 0.131085 0.174201 0.0291111 0.0264006
0 0.137506 0.495385 0.0285903 0.0204318
0 0.453174 0.951592 0.0224734 0.0248877
0 0.256098 0.607045 0.0197459 0.0182265
0 0.374267 0.789534 0.0238881 0.0289028
0 0.130766 0.689127 0.0227748 0.020151
0 0.238988 0.592237 0.0265383 0.0232387
0 0.0317253 0.735198 0.0268603 0.0242092
0 0.285746 0.0472721 0.017908 0.0250605
0 0.420539 0.780115 0.0205591 0.018662
0 0.393199 0.970795 0.0216105 0.0208127
0 0.839412 0.981073 0.0324671 0.0332655
0 0.757286 0.445909 0.0350183 0.0369123
0 0.0056234 0.50065 0.0112468 0.0256312
0 0.90183 0.249772 0.0252669 0.0248536
0 0.616238 0.539819 0.0259679 0.0250655
0 0.347005 0.969861 0.0181967 0.0207919
0 0.57047 0.163057 0.0261626 0.0220694
0 0.655611 0.0547446 0.032286 0.0260876
0 0.202608 0.213913 0.0326322 0.0291636
0 0.629848 0.304149 0.0215805 0.019094
0 0.102546 0.20896 0.0284854 0.0226268
0 0.529376 0.792004 0.0274718 0.0299007
0 0.322903 0.927867 0.0301109 0.0317446
0 0.0495601 0.508103 0.0291638 0.0258559
0 0.994992 0.993981 0.0100166 0.0120371
0 0.74954 0.297513 0.0370277 0.0383908
0 0.311336 0.0119233 0.0232184 0.020906
0 0.983593 0.129822 0.0320538 0.0260921
0 0.355609 0.130047 0.0188404 0.0384971
0 0.530382 0.431882 0.0274153 0.0264089
0 0.600688 0.745801 0.0199917 0.0131562
0 0.173094 0.206676 0.0298187 0.0342294
0 0.483802 0.281163 0.0292978 0.0243545
0 0.993798 0.797907 0.0124031 0.0256836
0 0.592233 0.432232 0.0309339 0.0282956
0 0.00622511 0.570826 0.0124502 0.020245
0 0.216854 0.275905 0.0267159 0.0206877
0 0.808755 0.928769 0.027401 0.02606
0 0.273546 0.827666 0.030919 0.0301504
0 0.249055 0.735575 0.036712 0.0276762
0 0.183379 0.862628 0.0278852 0.0163405
0 0.0491593 0.340046 0.0275664 0.0242036
0 0.398599 0.51353 0.0330881 0.0276439
0 0.441941 0.17402 0.0225117 0.0288773
0 0.919785 0.219509 0.0290259 0.0231709
0 0.82004 0.0551092 0.0218626 0.0185779
0 0.985035 0.956639 0.0259049 0.01981
0 0.920756 0.309396 0.0275004 0.0238103
0 0.311585 0.417187 0.0269088 0.0195178
0 0.681654 0.790685 0.0174911 0.0147246
0 0.545079 0.947605 0.024093 0.0236081
0 0.0529915 0.340054 0.0363625 0.0280234
0 0.346178 0.527315 0.0234599 0.0185375
0 0.554168 0.89072 0.0237175 0.0265366
0 0.686118 0.208664 0.0293787 0.0265251
0 0.459205 0.80969 0.0320592 0.0213945
0 0.939906 0.992356 0.0243284 0.0148845
0 0.354287 0.57811 0.0312535 0.0234954
0 0.565284 0.752647 0.0271118 0.028476
0 0.575282 0.643869 0.0230393 0.0193022
0 0.711742 0.989005 0.0278885 0.0218379
0 0.455622 0.993023 0.0216866 0.0136368
0 0.995294 0.392708 0.00934374 0.0239791
0 0.712438 0.221828 0.0254108 0.0277421
0 0.862398 0.178776 0.0329736 0.0299833
0 0.725294 0.932567 0.0254208 0.0259055
0 0.990799 0.854544 0.0184013 0.0172632
0 0.288402 0.200476 0.0267712 0.0190232
0 0.539346 0.709588 0.034492 0.0255454
0 0.143682 0.749717 0.0212098 0.027123
0 0.980452 0.99438 0.0226147 0.0112401
0 0.496989 0.769595 0.0232224 0.0194705
0 0.407037 0.542781 0.0289725 0.0235834
0 0.682644 0.0447785 0.0257292 0.0234042
0 0.690711 0.942506 0.0268942 0.0344225
0 0.310996 0.619447 0.029748 0.026417
0 0.723215 0.00915323 0.0173291 0.0183065
0 0.184865 0.329679 0.0268635 0.0201352
0 0.851038 0.482901 0.0368 0.0302503
0 0.866363 0.793829 0.023593 0.0239187
0 0.70358 0.120407 0.0295891 0.0270251
0 0.0222172 0.34456 0.0296055 0.0282786
0 0.676759 0.255039 0.0235589 0.024172
0 0.31207 0.633103 0.0260722 0.0174635
0 0.847833 0.609702 0.0296485 0.0222071
0 0.782086 0.173636 0.0425441 0.0368022
0 0.82395 0.510643 0.0207737 0.0200567
0 0.528968 0.428216 0.023508 0.018969
0 0.833121 0.640965 0.026698 0.0298102
0 0.990787 0.863717 0.0184256 0.037172
0 0.0515569 0.0873331 0.0267007 0.0191298
0 0.306255 0.898634 0.0279086 0.0235018
0 0.770643 0.648243 0.0299333 0.0258349
0 0.123992 0.455537 0.0341637 0.0329281
0 0.886667 0.480863 0.0359117 0.0321471
0 0.65165 0.244622 0.0247155 0.0175221
0 0.243258 0.80466 0.0255387 0.0190243
0 0.830845 0.0322913 0.0159834 0.016244
0 0.347138 0.530329 0.0252131 0.0231434
0 0.918081 0.542057 0.0299641 0.029852
0 0.841621 0.977702 0.0284099 0.0261567
0 0.3405 0.142397 0.0246741 0.0351047
0 0.725386 0.883739 0.0277359 0.0154451
0 0.536929 0.759105 0.0337229 0.0369802
0 0.753662 0.993719 0.0301347 0.0125628
0 0.964798 0.507967 0.0319588 0.0284808
0 0.708114 0.426928 0.0229781 0.0221705
0 0.21061 0.242189 0.0278966 0.030733
0 0.14846 0.992626 0.0189074 0.0147487
0 0.767017 0.0754395 0.0429932 0.0250814
0 0.976309 0.296062 0.0283076 0.0252143
0 0.151367 0.571806 0.0291374 0.0277068
0 0.482663 0.578579 0.0347152 0.050628
0 0.996841 0.161751 0.00631779 0.0147539
0 0.0792093 0.476591 0.0319619 0.0274055
0 0.435523 0.0161052 0.0378056 0.0320502
0 0.284513 0.251191 0.0210726 0.0271426
0 0.928127 0.1139 0.0270574 0.026315
0 0.742693 0.380304 0.0225103 0.0213737
0 0.270214 0.571995 0.0264213 0.0250967
0 0.756458 0.788101 0.0303379 0.0228028
0 0.502884 0.861539 0.0242372 0.0294978
0 0.472214 0.470754 0.0283327 0.0211588
0 0.351487 0.612821 0.0318343 0.0333961
0 0.501362 0.61829 0.0365911 0.0298125
0 0.255233 0.0142917 0.0327882 0.0284886
0 0.0760737 0.821434 0.027437 0.0254341
0 0.828976 0.0306736 0.0198619 0.0189662
0 0.820081 0.0966131 0.0348751 0.0324316
0 0.558245 0.784913 0.0226306 0.0224866
0 0.388682 0.226699 0.0268245 0.0329472
0 0.596766 0.593359 0.0254237 0.0348424
0 0.534234 0.439522 0.0273395 0.0189639
0 0.761739 0.448756 0.0259224 0.0237457
0 0.802323 0.992181 0.0223387 0.0154331
0 0.631088 0.0432164 0.0232555 0.0233117
0 0.592932 0.854414 0.0405843 0.0505248
0 0.931524 0.0694173 0.027672 0.0206776
0 0.321135 0.130586 0.0222289 0.0337367
0 0.796934 0.545885 0.0320631 0.0281148
0 0.167975 0.485861 0.035531 0.0385146
0 0.121199 0.342051 0.0294873 0.0315705
0 0.685432 0.174775 0.0224429 0.0207398
0 0.153674 0.0152296 0.0306028 0.0295216
0 0.191792 0.685723 0.0243995 0.0234778
0 0.972825 0.169367 0.0337862 0.0172113
0 0.0645828 0.120462 0.0237478 0.0185454
0 0.0445229 0.713971 0.0431486 0.0275684
0 0.770499 0.917963 0.0231732 0.0187939
0 0.584754 0.806704 0.0296258 0.0217533
0 0.767184 0.952426 0.0285945 0.0281505
0 0.579308 0.0106167 0.0233006 0.020454
0 0.887692 0.737422 0.0215169 0.0214428
0 0.238973 0.351623 0.0244873 0.0300573
0 0.440417 0.566661 0.0264118 0.0219631
0 0.919838 0.119856 0.0327934 0.0392163
0 0.822198 0.488724 0.0217047 0.0201041
0 0.547301 0.627015 0.0232362 0.0153093
0 0.00980456 0.861237 0.0196091 0.0318283
0 0.856082 0.33596 0.023021 0.0155754
0 0.910048 0.762815 0.0168301 0.0189056
0 0.236629 0.185052 0.03659 0.0345857
0 0.457964 0.399021 0.0287196 0.0312487
0 0.0863315 0.636171 0.0259031 0.0190347
0 0.220158 0.746404 0.0277135 0.0223043
0 0.252548 0.0118953 0.0265423 0.0237905
0 0.483854 0.137876 0.0245506 0.0239504
0 0.857683 0.378942 0.0252051 0.0171721
0 0.666935 0.616754 0.0300067 0.029931
0 0.636942 0.513614 0.0322102 0.0467157
0 0.692926 0.884756 0.0210158 0.0184232
0 0.591 0.869147 0.0312334 0.0220249
0 0.934304 0.0102183 0.0316176 0.0140196
0 0.331727 0.480352 0.0344487 0.0286429
0 0.460313 0.503486 0.0221694 0.0227088
0 0.951857 0.537013 0.0286968 0.0352508
0 0.698476 0.696806 0.0312156 0.0258623
0 0.0329298 0.447726 0.0238541 0.0281163
0 0.20355 0.658006 0.0225606 0.0222022
0 0.522524 0.872431 0.0279575 0.0238625
0 0.301503 0.129869 0.0248655 0.0160617
0 0.0370121 0.576845 0.0401734 0.0314523
0 0.951243 0.294172 0.0272022 0.0281299
0 0.291127 0.162233 0.0270031 0.0276435
0 0.534281 0.434485 0.0314412 0.029679
0 0.661721 0.431797 0.0205569 0.0197606
0 0.148571 0.210042 0.0337673 0.0390536
0 0.266889 0.285607 0.0268685 0.0245649
0 0.288619 0.361916 0.0319964 0.0264944
0 0.0363388 0.928782 0.0272201 0.0229216
0 0.702032 0.454535 0.0269616 0.0174022
0 0.622733 0.0713738 0.0314443 0.0340787
0 0.0687076 0.731967 0.0214621 0.0217649
0 0.560786 0.157264 0.0468848 0.0336589
0 0.514526 0.691324 0.023156 0.0216569
0 0.311163 0.629128 0.0283928 0.0237579
0 0.149588 0.0496803 0.0318466 0.0223938
0 0.0475574 0.074537 0.0258187 0.0193713
0 0.8093 0.66458 0.0383166 0.0214918
0 0.368813 0.331491 0.0279026 0.0354399
0 0.809856 0.918565 0.02503 0.0167428
0 0.709495 0.668135 0.0246811 0.0172319
0 0.560543 0.0438579 0.0407741 0.02978
0 0.973977 0.0063843 0.0212047 0.0127686
0 0.775325 0.367433 0.047712 0.0311744
0 0.524199 0.254678 0.0373235 0.0400665
0 0.244364 0.812519 0.0293661 0.0343338
0 0.404372 0.898687 0.0286609 0.0301416
0 0.636513 0.306918 0.0353804 0.0266113
0 0.338637 0.694327 0.0305443 0.024078
0 0.109247 0.564549 0.0312166 0.0309224
0 0.680146 0.793385 0.021396 0.0202312
0 0.284317 0.247599 0.0195633 0.0187334
0 0.0332126 0.843926 0.0415334 0.0295931
0 0.854487 0.372009 0.0329545 0.0307714
0 0.27052 0.576828 0.0283779 0.0338553
0 0.206002 0.212177 0.0251715 0.0259507
0 0.596115 0.843268 0.0337664 0.0276856
0 0.753577 0.450192 0.0417719 0.0346305
0 0.820751 0.963915 0.0344969 0.0278897
0 0.785296 0.364851 0.0305585 0.0270267
0 0.56363 0.353124 0.0274302 0.0249369
0 0.638844 0.647442 0.0332776 0.0312453
0 0.112332 0.990047 0.0300444 0.0199056
0 0.909424 0.0206938 0.0264353 0.0238183
0 0.226601 0.0429806 0.0384339 0.0303281
0 0.823682 0.485429 0.0263919 0.03091
0 0.357686 0.819415 0.0293436 0.0294954
0 0.655859 0.767531 0.0256901 0.0257136
0 0.347725 0.0449108 0.0306118 0.0330242
0 0.0455035 0.0728387 0.021321 0.0155623
0 0.319973 0.81518 0.0258603 0.0214878
0 0.659549 0.834445 0.0204079 0.0238479
0 0.849876 0.916472 0.0266238 0.0215396
0 0.531078 0.294947 0.0404546 0.0319182
0 0.525113 0.21167 0.0291903 0.0283365
0 0.589768 0.0866749 0.0319548 0.0325471
0 0.221381 0.761878 0.0279697 0.0275548
0 0.19235 0.697285 0.0250186 0.0222211
0 0.105182 0.111228 0.0388692 0.0414028
0 0.917709 0.693946 0.0301861 0.0312112
0 0.835575 0.33313 0.0259974 0.0218258
0 0.432959 0.0459619 0.0263897 0.0250165
0 0.397603 0.0884589 0.0330769 0.0285377
0 0.229453 0.137462 0.0304225 0.0288313
0 0.273874 0.700124 0.031319 0.0311109
0 0.102042 0.0787983 0.0272503 0.02841
0 0.0193934 0.899323 0.0360064 0.0299878
0 0.0906891 0.1508 0.0269294 0.0372499
0 0.278752 0.625713 0.0209845 0.0198548
0 0.795169 0.0388014 0.0337641 0.0318798
0 0.548756 0.153798 0.0287361 0.0274667
0 0.0401629 0.185028 0.0282854 0.031487
0 0.690521 0.887771 0.0279741 0.0250773
0 0.697628 0.573058 0.0315763 0.0304509
0 0.644439 0.382082 0.0364743 0.0266058
0 0.362543 0.766708 0.0258851 0.022199
0 0.813753 0.664484 0.0284672 0.0199912
0 0.352918 0.413166 0.0449534 0.030182
0 0.687801 0.890793 0.0297405 0.0276324
0 0.278184 0.879791 0.024442 0.0213912
0 0.802454 0.00814563 0.0273142 0.0162913
0 0.709593 0.0798662 0.0237104 0.0166514
0 0.660935 0.0935979 0.0371382 0.0312491
0 0.0559897 0.42781 0.0277492 0.030113
0 0.799277 0.344282 0.0350075 0.03054
0 0.75846 0.610071 0.0340151 0.0334498
0 0.139708 0.416411 0.0310537 0.0272272
0 0.349254 0.723924 0.0258752 0.0203065
0 0.714612 0.994751 0.0208237 0.0104982
0 0.543669 0.767488 0.0229362 0.0215051
0 0.294883 0.75251 0.027896 0.0196465
0 0.221245 0.410919 0.029788 0.0389266
0 0.376828 0.0474815 0.035803 0.0316654
0 0.708796 0.655243 0.0254664 0.0282196
0 0.106201 0.873883 0.0276831 0.0259451
0 0.411481 0.372519 0.0371101 0.0311752
0 0.475856 0.231964 0.0252104 0.0196303
0 0.347576 0.375246 0.0346149 0.0461437
0 0.038199 0.673679 0.0335565 0.0237836
0 0.759868 0.685394 0.0264175 0.0255405
0 0.432884 0.474335 0.0286481 0.0275874
0 0.403017 0.89496 0.024987 0.0221649
0 0.790649 0.508177 0.040203 0.030145
0 0.00344832 0.794893 0.00689664 0.0166595
0 0.346386 0.410555 0.0325304 0.0252126
0 0.635071 0.646389 0.0278731 0.0275636
0 0.913914 0.12083 0.0208377 0.0374428
0 0.836245 0.255764 0.0205555 0.0233632
0 0.384432 0.471705 0.0279317 0.0328517
0 0.911421 0.0184447 0.0229422 0.0205605
0 0.668114 0.552539 0.0319958 0.0225129
0 0.566852 0.895794 0.0285962 0.024561
0 0.987925 0.646883 0.023168 0.0259947
0 0.725678 0.179992 0.0372811 0.0401087
0 0.647101 0.385325 0.0378308 0.0289592
0 0.513213 0.549789 0.0342464 0.0326264
0 0.308593 0.616218 0.0272157 0.0213357
0 0.828127 0.867196 0.0403662 0.0288213
0 0.653017 0.971402 0.0256693 0.0212076
0 0.0424858 0.522081 0.0432115 0.0306948
0 0.792618 0.00683899 0.0254458 0.013678
0 0.6994 0.6927 0.0300056 0.0204607
0 0.715664 0.916147 0.0249459 0.0215527
0 0.903394 0.61696 0.0274545 0.0306132
0 0.552908 0.884653 0.0195001 0.0145062
0 0.0641857 0.183011 0.0275766 0.0215378
0 0.218993 0.743653 0.0243983 0.017059
0 0.773639 0.317498 0.0256137 0.0237781
0 0.988043 0.654066 0.0236398 0.0403748
0 0.287941 0.680015 0.0209374 0.0169891
0 0.710208 0.99201 0.0283966 0.0159791
0 0.61303 0.358017 0.0278391 0.0274628
0 0.192268 0.342105 0.0297147 0.0427626
0 0.861703 0.792095 0.0339891 0.0279208
0 0.835824 0.33802 0.0274377 0.0315631
0 0.683479 0.896754 0.0230986 0.018993
0 0.782562 0.507368 0.0252355 0.026798
0 0.173798 0.993531 0.0239189 0.0126781
0 0.484033 0.454363 0.0287961 0.0228643
0 0.329462 0.468104 0.0405574 0.0512541
0 0.288053 0.203441 0.0296232 0.0246632
0 0.939695 0.47645 0.023954 0.0224264
0 0.71232 0.993703 0.0250524 0.0125945
0 0.323411 0.993674 0.0316482 0.0126513
0 0.591164 0.990506 0.0236591 0.0185459
0 0.263001 0.152023 0.0281632 0.0224046
0 0.483538 0.278622 0.026119 0.0190564
0 0.202017 0.208366 0.0333506 0.0400383
0 0.874734 0.827117 0.0238953 0.0188506
0 0.0344252 0.572859 0.0357998 0.0233294
0 0.181761 0.135025 0.0511298 0.0370757
0 0.24131 0.516808 0.0245978 0.0148556
0 0.565889 0.748278 0.0255026 0.0211628
0 0.0119536 0.0390225 0.0239072 0.030233
0 0.813721 0.69623 0.0280049 0.027758
0 0.225013 0.824378 0.0342814 0.0281231
0 0.311311 0.411427 0.0290223 0.0317712
0 0.158905 0.6457 0.0290173 0.0177987
0 0.597136 0.599558 0.0243638 0.0225461
0 0.701549 0.428183 0.0358653 0.0281242
0 0.279089 0.621731 0.0219434 0.0275858
0 0.831927 0.869859 0.0471929 0.0348268
0 0.606168 0.761654 0.0307553 0.0271341
0 0.246346 0.692547 0.0277454 0.0208614
0 0.294409 0.757166 0.0290218 0.029141
0 0.600184 0.386262 0.0303111 0.0261686
0 0.41795 0.396707 0.023994 0.0192877
0 0.390959 0.0803567 0.0274669 0.0346287
0 0.860291 0.995317 0.0239625 0.00936615
0 0.0278883 0.570771 0.0225246 0.0187658
0 0.205507 0.460896 0.0332604 0.0297855
0 0.723252 0.330931 0.0399138 0.0254154
0 0.677537 0.260159 0.0254557 0.0321193
0 0.595484 0.752906 0.0296415 0.0268068
0 0.914764 0.791407 0.0286964 0.020175
0 0.453699 0.0499812 0.0238385 0.0274226
0 0.127219 0.733782 0.0310996 0.0314581
0 0.171829 0.481737 0.0407859 0.0455419
0 0.682439 0.985202 0.0295274 0.0232804
0 0.609441 0.946195 0.0408213 0.0297584
0 0.266452 0.0481592 0.0212993 0.0200816
0 0.984185 0.617462 0.0315469 0.0276399
0 0.382136 0.0431609 0.024119 0.0241121
0 0.355975 0.0108433 0.0278802 0.0216866
0 0.727989 0.475022 0.0292521 0.0288053
0 0.24393 0.807632 0.0291176 0.0246111
0 0.744288 0.96055 0.0258802 0.0231971
0 0.755113 0.684107 0.0358117 0.0261446
0 0.121155 0.348252 0.0322877 0.0464058
0 0.377904 0.784822 0.0175043 0.0212266
0 0.0879889 0.640421 0.0289828 0.0265628
0 0.315232 0.900372 0.0437701 0.0275902
0 0.972758 0.867611 0.0232067 0.0249121
0 0.114245 0.594215 0.0301811 0.0292044
0 0.704043 0.692623 0.0211139 0.0169778
0 0.13872 0.498984 0.0300944 0.025749
0 0.0153019 0.810057 0.0218071 0.0193462
0 0.82016 0.862279 0.0227726 0.0181365
0 0.450947 0.304732 0.0240672 0.0237665
0 0.537857 0.441787 0.019283 0.0149572
0 0.602391 0.946402 0.0375468 0.029727
0 0.39346 0.427472 0.0296254 0.0388235
0 0.819137 0.0909516 0.032203 0.0211826
0 0.944184 0.1338 0.0267345 0.0213178
0 0.613906 0.764251 0.017316 0.0217538
0 0.00442035 0.324216 0.00884071 0.0249899
0 0.822819 0.866181 0.0293229 0.0267099
0 0.115614 0.993161 0.0263897 0.0136781
0 0.703717 0.320041 0.0237501 0.0223664
0 0.155831 0.942313 0.0317163 0.0228537
0 0.656039 0.426578 0.0326744 0.0296861
0 0.0711723 0.996645 0.0114153 0.00671035
0 0.786783 0.848517 0.0259802 0.0304887
0 0.616674 0.478311 0.0331778 0.0219743
0 0.968181 0.867079 0.0334953 0.0274234
0 0.760029 0.439505 0.0272329 0.0245201
0 0.629882 0.034904 0.027901 0.0393949
0 0.39279 0.419988 0.0317087 0.0623771
0 0.552533 0.016785 0.0420828 0.03357
0 0.4594 0.991882 0.0315712 0.0162354
0 0.59759 0.17909 0.0328064 0.0478779
0 0.306337 0.67553 0.0249671 0.0230737
0 0.339434 0.263766 0.0296291 0.0235068
0 0.265271 0.856896 0.0263572 0.0291622
0 0.756272 0.79648 0.0325678 0.0398303
0 0.960394 0.538167 0.0443947 0.0361857
0 0.475894 0.346265 0.0334207 0.0293225
0 0.544152 0.406563 0.0226335 0.0232547
0 0.173214 0.927414 0.0241959 0.0227905
0 0.667027 0.545167 0.0299937 0.0236279
0 0.560228 0.348666 0.0205759 0.0153505
0 0.827288 0.0129815 0.0226732 0.0256486
0 0.0268991 0.208963 0.0293085 0.0303769
0 0.0383775 0.178034 0.0238772 0.0179367
0 0.524341 0.183712 0.024803 0.0247498
