0 0.971085 0.604683 0.0222329 0.0223538
0 0.183485 0.593454 0.0209875 0.0184227
0 0.108481 0.684655 0.0238524 0.0221611
0 0.695297 0.925296 0.0235141 0.0203835
0 0.00865637 0.99315 0.0173127 0.0136999
0 0.577487 0.302204 0.0186143 0.0249632
0 0.662555 0.110259 0.0224358 0.0226304
0 0.187268 0.928977 0.0248713 0.0215675
0 0.24777 0.976249 0.0223478 0.0197913
0 0.665757 0.632391 0.0219863 0.0189211
0 0.767836 0.177252 0.0193431 0.0192236
0 0.970049 0.951548 0.0214813 0.0198858
0 0.709373 0.718265 0.0246186 0.0197655
0 0.770167 0.645595 0.0260208 0.0230859
0 0.332449 0.444931 0.0256278 0.0226321
0 0.917813 0.876679 0.0244899 0.0224645
0 0.523441 0.467076 0.0227046 0.022448
0 0.545406 0.281819 0.021508 0.0198438
0 0.301897 0.321324 0.0273659 0.0250836
0 0.249691 0.59895 0.0226876 0.0226171
0 0.160944 0.207382 0.0249247 0.0246104
0 0.0713193 0.623047 0.0234184 0.0230899
0 0.801348 0.114815 0.0266575 0.0248984
0 0.86197 0.108502 0.0226728 0.0199361
0 0.594284 0.708232 0.0248314 0.0230232
0 0.640496 0.505775 0.0247322 0.026687
0 0.331486 0.535631 0.0239818 0.0214279
0 0.936747 0.667229 0.0251637 0.0206284
0 0.873642 0.376263 0.023957 0.0209731
0 0.608394 0.659534 0.0273576 0.0235127
0 0.0242106 0.602048 0.0259197 0.0282703
0 0.502944 0.120538 0.019876 0.0206688
0 0.51468 0.916991 0.0257435 0.0214645
0 0.520255 0.376356 0.0200171 0.0202619
0 0.268289 0.0862573 0.0246074 0.0236969
0 0.131418 0.996429 0.0205443 0.00714165
0 0.600348 0.788654 0.0224999 0.0195799
0 0.481877 0.0593347 0.0247094 0.0227816
0 0.686308 0.0349306 0.0227438 0.0220271
0 0.672422 0.431681 0.0248582 0.0217345
0 0.330913 0.989034 0.0231113 0.0188453
0 0.554526 0.771244 0.020974 0.0226189
0 0.780927 0.543598 0.0203325 0.020399
0 0.804314 0.0830913 0.0238469 0.0213324
0 0.461782 0.667523 0.0239174 0.0209948
0 0.44907 0.539519 0.0259066 0.0247576
0 0.597078 0.520404 0.0229127 0.019302
0 0.790019 0.341068 0.0281771 0.0253418
0 0.311236 0.293262 0.0273185 0.0252983
0 0.461158 0.317284 0.0215795 0.0212927
0 0.471003 0.71959 0.0249076 0.0204591
0 0.538771 0.026653 0.0225037 0.0200702
0 0.532741 0.863998 0.0242456 0.0235388
0 0.728392 0.820932 0.0232547 0.0209297
0 0.404114 0.615811 0.0200991 0.0210643
0 0.575272 0.613847 0.0175314 0.0234298
0 0.321658 0.845499 0.0229498 0.0197945
0 0.700421 0.0828165 0.0212096 0.0223103
0 0.0916156 0.107766 0.0222496 0.0231592
0 0.0570863 0.84034 0.0252648 0.0204636
0 0.758524 0.0512158 0.0250199 0.0256934
0 0.878819 0.920485 0.0254552 0.0206193
0 0.339844 0.0779381 0.0238609 0.0209146
0 0.986667 0.33303 0.025664 0.0237656
0 0.322176 0.376134 0.0239953 0.0246208
0 0.249685 0.231509 0.0245507 0.0218089
0 0.75683 0.111463 0.018706 0.0189102
0 0.591146 0.283393 0.020789 0.0226032
0 0.526205 0.044268 0.0269075 0.0246938
0 0.111385 0.112332 0.02194 0.022446
0 0.992826 0.408038 0.0141551 0.0235508
0 0.78935 0.213677 0.025864 0.0247061
0 0.352984 0.598404 0.0234714 0.0211083
0 0.0250763 0.148894 0.0222371 0.0210203
0 0.768048 0.277871 0.0226287 0.0222124
0 0.141507 0.758498 0.0235078 0.0215294
0 0.257315 0.108858 0.0287572 0.0253659
0 0.810031 0.528309 0.0222905 0.0207496
0 0.787555 0.846055 0.0205982 0.019035
0 0.710739 0.0558118 0.021624 0.0227915
0 0.154841 0.892078 0.0245079 0.0201565
0 0.279183 0.841707 0.0232606 0.0230106
0 0.0926792 0.0310414 0.0244898 0.0243492
0 0.302179 0.917291 0.0231414 0.0221132
0 0.396828 0.82047 0.0263188 0.0228888
0 0.9829 0.181203 0.0224804 0.0279368
0 0.802749 0.174745 0.0206078 0.0210285
0 0.395901 0.454076 0.0240505 0.0228444
0 0.817012 0.583356 0.0225996 0.0218734
0 0.456292 0.338894 0.0233175 0.0201302
0 0.859577 0.464537 0.0265414 0.0256647
0 0.0266076 0.956608 0.0231372 0.0202507
0 0.498384 0.588605 0.0233709 0.0211815
0 0.968843 0.502561 0.0271322 0.023576
0 0.922622 0.960067 0.0242929 0.0216305
0 0.00484654 0.962056 0.00969308 0.0163568
0 0.763175 0.765706 0.0230401 0.0214659
0 0.987736 0.383631 0.0228442 0.0232606
0 0.418501 0.707518 0.026053 0.0251108
0 0.702433 0.205113 0.019802 0.0200561
0 0.0509179 0.881302 0.0202172 0.0211945
0 0.833895 0.798715 0.0238103 0.0223821
0 0.76373 0.572783 0.0253451 0.0195627
0 0.630222 0.0212429 0.0276137 0.0260627
0 0.45175 0.567309 0.0251268 0.0232055
0 0.215959 0.560605 0.0248023 0.0235628
0 0.992876 0.26674 0.0142476 0.0218844
0 0.315344 0.211419 0.0298963 0.0301919
0 0.655726 0.185144 0.0226388 0.0218879
0 0.427981 0.859553 0.0228095 0.0276298
0 0.0379477 0.715323 0.0237225 0.0253718
0 0.785553 0.435694 0.0216706 0.0196353
0 0.313509 0.82633 0.0219995 0.021903
0 0.0984948 0.310002 0.0260263 0.0243053
0 0.565939 0.753049 0.0233879 0.02184
0 0.352014 0.560802 0.0227773 0.0218688
0 0.951443 0.0949553 0.0269176 0.021498
0 0.730896 0.32938 0.0243843 0.02381
0 0.930687 0.481359 0.0213808 0.0194174
0 0.237456 0.572307 0.02199 0.0240602
0 0.934475 0.588527 0.0236915 0.0213217
0 0.372066 0.644875 0.0231776 0.0219093
0 0.389896 0.846469 0.0247222 0.0231469
0 0.641404 0.0699091 0.0219797 0.0269244
0 0.421 0.448963 0.0189817 0.0258177
0 0.521847 0.257509 0.0206487 0.0203093
0 0.66579 0.321301 0.0236658 0.0226779
0 0.837019 0.0859776 0.0230898 0.0258738
0 0.748668 0.284913 0.0223815 0.0197501
0 0.680032 0.351204 0.0252207 0.0228547
0 0.817003 0.443038 0.024916 0.0235914
0 0.853325 0.661321 0.0249897 0.0225199
0 0.284539 0.677318 0.0254396 0.0233635
0 0.673967 0.20302 0.0205367 0.0174138
0 0.262221 0.795746 0.0275538 0.02615
0 0.392269 0.426456 0.0229567 0.0235035
0 0.408212 0.792668 0.0240841 0.0226312
0 0.42604 0.61467 0.0205053 0.0158721
0 0.987782 0.650158 0.023034 0.0213412
0 0.27096 0.984131 0.0233789 0.0251673
0 0.60529 0.188268 0.0265222 0.021472
0 0.386695 0.383979 0.0215501 0.0231005
0 0.591058 0.236707 0.0226335 0.0279963
0 0.0928497 0.601291 0.0229946 0.0195699
0 0.0748209 0.0920486 0.0259961 0.0235953
0 0.395297 0.89956 0.0269467 0.0219551
0 0.186806 0.195206 0.0315435 0.0210937
0 0.257558 0.520652 0.0236073 0.0220543
0 0.480732 0.702343 0.0244314 0.0213347
0 0.838966 0.0191778 0.0214331 0.0194221
0 0.131138 0.713299 0.0220767 0.0201101
0 0.311825 0.40366 0.022559 0.0229377
0 0.478895 0.839596 0.0222135 0.0181329
0 0.801156 0.479653 0.0271398 0.0238526
0 0.767016 0.508009 0.0258974 0.0239915
0 0.0765394 0.574218 0.0222549 0.0208492
0 0.687892 0.683972 0.0208465 0.0165126
0 0.649953 0.0488707 0.0261312 0.0222352
0 0.0738257 0.540902 0.0214489 0.0179396
0 0.850888 0.534847 0.0216595 0.0269121
0 0.554666 0.573146 0.0252796 0.0333731
0 0.147885 0.59496 0.0262338 0.0211626
0 0.0404133 0.362613 0.0198399 0.0174766
0 0.544297 0.254927 0.0203646 0.0189742
0 0.635468 0.209516 0.0355301 0.0265359
0 0.0310026 0.440062 0.0247867 0.0179055
0 0.215554 0.431961 0.0261762 0.020818
0 0.56658 0.728283 0.0229214 0.0199645
0 0.27633 0.755314 0.0245997 0.0258619
0 0.988934 0.240627 0.0192191 0.0275233
0 0.258254 0.13696 0.0314536 0.0281179
0 0.161643 0.870304 0.0236805 0.0200952
0 0.389663 0.23252 0.0295711 0.0243577
0 0.574099 0.205693 0.0274118 0.0250286
0 0.314901 0.636791 0.0229439 0.0190154
0 0.926903 0.722073 0.0285135 0.0279934
0 0.470453 0.0799882 0.0266136 0.0238635
0 0.952848 0.769195 0.0217071 0.023109
0 0.296795 0.445002 0.0238158 0.0211657
0 0.13862 0.972943 0.0218941 0.0251627
0 0.99289 0.105845 0.0142207 0.0196439
0 0.188166 0.84867 0.0238865 0.0228148
0 0.363521 0.163634 0.0268455 0.0210665
0 0.447958 0.158853 0.0216157 0.0197207
0 0.24453 0.867856 0.0237426 0.0234677
0 0.0965441 0.78534 0.023118 0.0201569
0 0.841981 0.391977 0.0233392 0.0230885
0 0.10144 0.225333 0.0270613 0.0245949
0 0.57454 0.174209 0.0224777 0.0232996
0 0.00870131 0.260267 0.0174026 0.0193564
0 0.566665 0.276557 0.0227169 0.0169212
0 0.960243 0.580024 0.0271385 0.0227358
0 0.938452 0.748787 0.0301701 0.0288045
0 0.543585 0.1453 0.0265586 0.0226889
0 0.438708 0.32215 0.0249397 0.0213494
0 0.637395 0.937434 0.022071 0.0195621
0 0.8912 0.484627 0.0275034 0.0249069
0 0.39097 0.776837 0.0287295 0.0261722
0 0.65522 0.609639 0.0217372 0.0228859
0 0.938955 0.0185646 0.0204224 0.025249
0 0.760533 0.856915 0.0219535 0.0219862
0 0.996407 0.718603 0.0071367 0.0175518
0 0.39903 0.683386 0.0220501 0.0208571
0 0.809793 0.809401 0.0261812 0.0271441
0 0.66416 0.919067 0.0258849 0.0219847
0 0.966178 0.782578 0.0226492 0.0186
0 0.6112 0.954177 0.0286961 0.0239245
0 0.118092 0.558852 0.0257517 0.025526
0 0.969326 0.457386 0.0227541 0.0203818
0 0.93585 0.0694373 0.0261987 0.0240067
0 0.582297 0.365154 0.0298672 0.0245828
0 0.709442 0.429958 0.0231419 0.0269384
0 0.7122 0.692128 0.0245153 0.0222684
0 0.208933 0.0228204 0.0238992 0.0237731
0 0.184877 0.633985 0.0265339 0.0225996
0 0.707424 0.754092 0.0215015 0.0215071
0 0.442602 0.444511 0.0251501 0.0252387
0 0.846945 0.822643 0.0216292 0.0215584
0 0.864172 0.895744 0.0265906 0.0237865
0 0.586136 0.110861 0.0255864 0.0198677
0 0.327731 0.950019 0.027236 0.0273134
0 0.0386804 0.527118 0.0228082 0.0185818
0 0.42886 0.345962 0.0241357 0.020348
0 0.450627 0.603671 0.0250163 0.0262522
0 0.639365 0.725823 0.0263563 0.0234539
0 0.358131 0.742926 0.0256417 0.0230361
0 0.854512 0.48874 0.0287938 0.0193866
0 0.635421 0.160238 0.0226586 0.0219363
0 0.61068 0.533252 0.0204934 0.0229421
0 0.0513028 0.909403 0.0252367 0.0192072
0 0.125903 0.536865 0.0222762 0.0195316
0 0.124739 0.483941 0.0236317 0.0207585
0 0.0778665 0.881932 0.0267201 0.020929
0 0.883886 0.719938 0.0247228 0.022702
0 0.759798 0.851523 0.0214477 0.0120902
0 0.0508147 0.972786 0.0276665 0.0241914
0 0.666141 0.968378 0.018449 0.0175054
0 0.893065 0.23296 0.0252202 0.0247429
0 0.354193 0.268964 0.0279238 0.0189353
0 0.839404 0.610875 0.0203919 0.0207012
0 0.265338 0.335103 0.0272493 0.0258144
0 0.71201 0.252297 0.0227129 0.0227769
0 0.883676 0.0807817 0.0221327 0.0203578
0 0.0885375 0.685856 0.0178652 0.020071
0 0.951495 0.117261 0.0261992 0.0259441
0 0.25731 0.829205 0.0228517 0.0223749
0 0.581263 0.402856 0.0180754 0.0157779
0 0.820569 0.383541 0.0248598 0.0239892
0 0.395932 0.311267 0.0240913 0.0251309
0 0.0397503 0.623972 0.0258081 0.0255596
0 0.486796 0.895284 0.0246132 0.0225379
0 0.00699253 0.887317 0.0139851 0.0191691
0 0.0171278 0.381049 0.0305567 0.0325666
0 0.921372 0.572373 0.0235764 0.0218297
0 0.789754 0.862062 0.0229622 0.0172733
0 0.0873211 0.959102 0.0249184 0.0230421
0 0.749364 0.199119 0.0241804 0.0173005
0 0.922042 0.459424 0.028544 0.0230454
0 0.266549 0.31657 0.0294555 0.0208478
0 0.442611 0.719234 0.0246665 0.0253643
0 0.300515 0.616378 0.0223031 0.0202317
0 0.49509 0.968873 0.0219018 0.019284
0 0.271354 0.534719 0.0257266 0.0248979
0 0.0444115 0.565572 0.0228863 0.0202088
0 0.0630487 0.774584 0.0237138 0.021965
0 0.51818 0.656392 0.0219318 0.0172549
0 0.631574 0.800962 0.0295147 0.0278065
0 0.415056 0.834997 0.0218201 0.0202298
0 0.906399 0.701014 0.0249202 0.0228453
0 0.824338 0.752866 0.0212931 0.0197926
0 0.0581189 0.14386 0.0276945 0.0253764
0 0.888714 0.125635 0.036323 0.0248626
0 0.612167 0.601187 0.0236237 0.0190634
0 0.497609 0.239458 0.024154 0.0194493
0 0.354952 0.882782 0.0185882 0.0143212
0 0.989531 0.33657 0.0206078 0.0167851
0 0.793859 0.630341 0.0243183 0.0200303
0 0.575006 0.258721 0.0196006 0.0160974
0 0.157407 0.836733 0.0217529 0.0214291
0 0.106365 0.983345 0.0225604 0.0198388
0 0.566307 0.239945 0.0234367 0.0230007
0 0.936264 0.139239 0.021785 0.0206722
0 0.707704 0.542818 0.0247066 0.0255219
0 0.93986 0.554179 0.0235151 0.0240685
0 0.377165 0.111214 0.0249981 0.0205302
0 0.64554 0.656904 0.0265854 0.024142
0 0.760866 0.481519 0.0271777 0.0214313
0 0.368353 0.531567 0.0290173 0.0198393
0 0.233779 0.081273 0.0154632 0.0146018
0 0.253728 0.90193 0.0196371 0.0140644
0 0.686081 0.487853 0.022733 0.0231833
0 0.86614 0.0133855 0.0269367 0.026771
0 0.761505 0.860936 0.0193186 0.0156839
0 0.533554 0.992073 0.0248737 0.0158534
0 0.171123 0.309512 0.0256404 0.026765
0 0.468799 0.0306131 0.0278856 0.0236195
0 0.17114 0.279527 0.0222995 0.0223102
0 0.741204 0.728347 0.024393 0.0225003
0 0.870616 0.956316 0.0259289 0.0223083
0 0.997018 0.99666 0.00596344 0.00668097
0 0.600659 0.970165 0.0253764 0.0241389
0 0.795595 0.563571 0.0263146 0.0248411
0 0.889459 0.0573962 0.0235739 0.0210262
0 0.631301 0.547712 0.0267985 0.0264665
0 0.0844756 0.738969 0.0267376 0.0226706
0 0.508547 0.19212 0.021316 0.0206479
0 0.597314 0.883059 0.0305597 0.0361669
0 0.22186 0.27125 0.0266319 0.0244229
0 0.395139 0.356579 0.0229353 0.0217084
0 0.72216 0.562119 0.0272733 0.0257282
0 0.476086 0.110813 0.0268674 0.0269663
0 0.643546 0.402916 0.0264271 0.0228601
0 0.430644 0.232612 0.0271279 0.0223851
0 0.295534 0.36534 0.024646 0.0211193
0 0.382609 0.604996 0.0244042 0.0222189
0 0.270126 0.285005 0.0289963 0.0246093
0 0.9598 0.0324172 0.0248549 0.0213251
0 0.0427324 0.743062 0.0274741 0.0265513
0 0.209521 0.402526 0.0230956 0.0217842
0 0.028182 0.94165 0.0261324 0.0172405
0 0.136732 0.908114 0.0223081 0.0207468
0 0.208196 0.298724 0.0238028 0.0221849
0 0.813311 0.680398 0.0260726 0.0258071
0 0.844769 0.767376 0.0211331 0.0219526
0 0.728555 0.527332 0.0256013 0.0256405
0 0.0297 0.763561 0.0247353 0.0215652
0 0.950873 0.279862 0.0237764 0.019722
0 0.238084 0.495872 0.0338149 0.0281877
0 0.0701261 0.305787 0.0269541 0.0235302
0 0.456208 0.836849 0.0212483 0.017757
0 0.756331 0.983355 0.0238826 0.0203373
0 0.265661 0.692051 0.0237602 0.0236024
0 0.60432 0.408994 0.0281666 0.0179507
0 0.100002 0.935359 0.0236279 0.0212561
0 0.0998374 0.837599 0.0222208 0.0199708
0 0.887652 0.657529 0.0249318 0.023145
0 0.908329 0.473718 0.0182797 0.0167472
0 0.802838 0.457518 0.0222288 0.0204726
0 0.89778 0.413797 0.0242826 0.0226948
0 0.516751 0.672749 0.0250691 0.0231922
0 0.387925 0.520697 0.0249105 0.0278707
0 0.0065299 0.730907 0.0130598 0.0177401
0 0.339866 0.660717 0.0318627 0.0278881
0 0.775193 0.715903 0.025259 0.0217629
0 0.0283256 0.953988 0.0251872 0.0197874
0 0.711313 0.975381 0.018479 0.016019
0 0.18378 0.15821 0.027521 0.028725
0 0.776036 0.914747 0.0361519 0.0298212
0 0.99686 0.762127 0.0062561 0.0115809
0 0.449653 0.783445 0.0227882 0.0189118
0 0.719571 0.143392 0.0255668 0.0203215
0 0.452387 0.886241 0.0246419 0.0262662
0 0.0857148 0.36252 0.0263024 0.0225273
0 0.477182 0.958682 0.0154332 0.0146365
0 0.893378 0.614645 0.0228213 0.0205866
0 0.0469447 0.298816 0.0226181 0.0258839
0 0.748187 0.92749 0.0160365 0.0165709
0 0.0218235 0.823912 0.0277415 0.0239031
0 0.209654 0.970485 0.0257309 0.0243946
0 0.495576 0.255258 0.0226335 0.0216103
0 0.555211 0.579179 0.0235373 0.0215648
0 0.285464 0.816618 0.0207463 0.0159991
0 0.140203 0.478865 0.0169653 0.0182537
0 0.289418 0.811146 0.0265369 0.0248546
0 0.465867 0.822424 0.0247302 0.0206908
0 0.952382 0.473552 0.0260096 0.0219585
0 0.915676 0.0523211 0.0213347 0.0255794
0 0.753924 0.595136 0.0328755 0.0243902
0 0.00761715 0.647617 0.0152343 0.0221629
0 0.380428 0.682832 0.0202523 0.0329208
0 0.230499 0.897495 0.0242551 0.0210353
0 0.948996 0.637441 0.0195798 0.0177009
0 0.0479875 0.595765 0.0263381 0.0245904
0 0.411693 0.514498 0.0239378 0.0281662
0 0.14585 0.014039 0.0235452 0.0181376
0 0.828564 0.849967 0.0217941 0.0161388
0 0.985086 0.328669 0.0215704 0.0163518
0 0.0788207 0.190518 0.0207283 0.0192694
0 0.316559 0.218277 0.0269032 0.0177393
0 0.624683 0.989672 0.0394339 0.0206267
0 0.629431 0.431126 0.0184362 0.0204917
0 0.144292 0.730348 0.0264503 0.0192229
0 0.786724 0.264229 0.0219812 0.020596
0 0.963436 0.55515 0.023142 0.0228831
0 0.730757 0.0702626 0.0239933 0.0274093
0 0.994053 0.976169 0.0117921 0.0300549
0 0.177735 0.489985 0.0222102 0.023644
0 0.471197 0.783266 0.0171184 0.0179083
0 0.0218736 0.191007 0.0298306 0.023933
0 0.500457 0.379923 0.0243507 0.0242383
0 0.560995 0.401549 0.0238528 0.0202336
0 0.869992 0.22249 0.0238251 0.0197872
0 0.473522 0.929311 0.0199791 0.022029
0 0.952836 0.45454 0.0140349 0.0159055
0 0.845924 0.819118 0.0210912 0.0169697
0 0.996 0.176452 0.00793898 0.0183793
0 0.373516 0.35484 0.0209284 0.0219748
0 0.378633 0.0846204 0.0196733 0.0240344
0 0.930972 0.146005 0.0317143 0.0352158
0 0.48666 0.656538 0.0283677 0.0291542
0 0.0362209 0.794858 0.0239356 0.0271535
0 0.382826 0.0563635 0.0228571 0.0258878
0 0.787469 0.243204 0.0239956 0.0209564
0 0.531614 0.117759 0.0214542 0.0172332
0 0.344338 0.322894 0.0186121 0.0211975
0 0.428094 0.855029 0.0215488 0.0184149
0 0.974133 0.144577 0.0204372 0.019229
0 0.168784 0.456985 0.0209184 0.0218619
0 0.32219 0.371264 0.0228354 0.0156367
0 0.0729445 0.693685 0.020229 0.0172721
0 0.217843 0.845358 0.017206 0.0197361
0 0.139958 0.15439 0.0241629 0.0284932
0 0.872731 0.551987 0.0169239 0.016698
0 0.470883 0.578904 0.0253773 0.0286142
0 0.941608 0.629444 0.0216051 0.0205562
0 0.251297 0.637193 0.0193645 0.0234003
0 0.363237 0.127866 0.0241261 0.020048
0 0.806208 0.235983 0.0268077 0.0224839
0 0.0730633 0.991747 0.0190151 0.0162753
0 0.119228 0.609686 0.0247718 0.0230289
0 0.159602 0.361128 0.0233459 0.0190383
0 0.0174997 0.375996 0.0291949 0.0234068
0 0.51653 0.824832 0.02825 0.0189378
0 0.29021 0.806473 0.0250911 0.0160286
0 0.92027 0.269643 0.0196595 0.0161309
0 0.437303 0.766621 0.0228906 0.0218433
0 0.654771 0.60586 0.021279 0.0154408
0 0.438707 0.0960179 0.0254172 0.0216613
0 0.440749 0.470942 0.0283236 0.0260016
0 0.0343702 0.464422 0.0172991 0.0133411
0 0.371904 0.499907 0.0257904 0.0184734
0 0.410127 0.290651 0.0219324 0.0225686
0 0.974211 0.758113 0.0216266 0.0205961
0 0.849487 0.363867 0.0305766 0.0229961
0 0.380045 0.677387 0.0194434 0.0224738
0 0.902739 0.391905 0.0259565 0.0229294
0 0.147334 0.457192 0.0177175 0.0187353
0 0.0706175 0.334883 0.0241394 0.0239725
0 0.823506 0.774162 0.0257831 0.0216302
0 0.387172 0.864861 0.0277871 0.0208016
0 0.216685 0.223756 0.0275119 0.0295913
0 0.570931 0.796891 0.0289104 0.030527
0 0.415316 0.105808 0.0265685 0.0210328
0 0.743947 0.691291 0.0259175 0.0201234
0 0.282543 0.592556 0.0259085 0.0220022
0 0.478579 0.450265 0.0253968 0.0237549
0 0.0806599 0.255119 0.0221389 0.0256519
0 0.971027 0.721725 0.0290092 0.0273827
0 0.833017 0.236497 0.0213925 0.0152084
0 0.027357 0.896771 0.0235986 0.0184696
0 0.144335 0.3012 0.0263447 0.0271491
0 0.417356 0.546487 0.0245287 0.0208943
0 0.430182 0.950521 0.0327093 0.0235472
0 0.676969 0.191852 0.0226502 0.0173786
0 0.717076 0.0984812 0.0216837 0.0368024
0 0.390712 0.780982 0.0267876 0.0188975
0 0.601841 0.407284 0.0241764 0.0150062
0 0.512079 0.304851 0.0120356 0.017197
0 0.0951116 0.752762 0.0206926 0.0162125
0 0.63335 0.994135 0.024221 0.0117289
0 0.554873 0.566568 0.024398 0.0236527
0 0.288479 0.50908 0.0222846 0.0246465
0 0.448864 0.810197 0.0153041 0.0144027
0 0.255027 0.204837 0.0143988 0.0142769
0 0.59476 0.70444 0.0234143 0.0185397
0 0.721141 0.953323 0.026648 0.019863
0 0.943577 0.63253 0.0254263 0.0263056
0 0.767524 0.671451 0.0206782 0.0129343
0 0.76285 0.0818568 0.0270412 0.023553
0 0.686899 0.304544 0.0224251 0.0199088
0 0.0870552 0.523257 0.0273742 0.0236511
0 0.40683 0.160777 0.0281946 0.0276857
0 0.407762 0.0470397 0.0221761 0.0210846
0 0.144487 0.0123865 0.01932 0.0154063
0 0.00704966 0.176025 0.0140993 0.0226537
0 0.752828 0.310164 0.0257955 0.0207095
0 0.0485393 0.494922 0.0190108 0.0252496
0 0.226479 0.3308 0.0263766 0.0238648
0 0.129817 0.268498 0.0257424 0.0225056
0 0.303444 0.945902 0.0244984 0.0283731
0 0.584173 0.148792 0.0214244 0.0214525
0 0.655838 0.612993 0.0211288 0.0190918
0 0.450282 0.747417 0.0266804 0.021508
0 0.928295 0.245689 0.0184565 0.0184649
0 0.919376 0.374281 0.0239356 0.0271324
0 0.520183 0.180685 0.0233379 0.0234475
0 0.254818 0.0692697 0.0267548 0.0246683
0 0.47932 0.958134 0.0224807 0.0184236
0 0.851169 0.627838 0.021074 0.0167838
0 0.212566 0.877906 0.0202104 0.0184037
0 0.687722 0.295588 0.0227357 0.016287
0 0.38668 0.608997 0.0179364 0.0181553
0 0.251303 0.25968 0.0256019 0.0252795
0 0.16783 0.96722 0.0209295 0.020034
0 0.513676 0.82623 0.0324157 0.0227458
0 0.621304 0.228048 0.0227301 0.0190101
0 0.0760766 0.848574 0.0230633 0.0239621
0 0.595346 0.712323 0.0247522 0.0163723
0 0.734525 0.768503 0.0310156 0.0291011
0 0.627437 0.992119 0.0366156 0.0154942
0 0.820886 0.402321 0.0214086 0.0162163
0 0.0261147 0.891948 0.0223452 0.0245426
0 0.841143 0.681024 0.024168 0.0218717
0 0.155051 0.64942 0.0235732 0.0230334
0 0.40359 0.48553 0.0336801 0.0336736
0 0.663628 0.278922 0.0289088 0.0318675
0 0.102617 0.159983 0.0266378 0.0261465
0 0.859946 0.400767 0.0243127 0.0166438
0 0.991574 0.270015 0.0168512 0.0278839
0 0.87073 0.0144006 0.0378134 0.0288013
0 0.00424425 0.13652 0.0084885 0.018521
0 0.309703 0.0380831 0.0275914 0.0228049
0 0.00871734 0.234622 0.0174347 0.0245979
0 0.940722 0.74557 0.0267823 0.0228444
0 0.180275 0.985369 0.023103 0.0219808
0 0.500329 0.609764 0.0188506 0.0161201
0 0.617491 0.630359 0.0241208 0.0253282
0 0.443942 0.18045 0.0231158 0.0165185
0 0.148458 0.241944 0.0262546 0.0245441
0 0.846605 0.931088 0.0278074 0.031
0 0.0251419 0.343801 0.0261216 0.0269115
0 0.0777583 0.52297 0.0454841 0.0242238
0 0.833807 0.223966 0.0221502 0.0150336
0 0.0995614 0.276189 0.0245546 0.0213787
0 0.799475 0.0174703 0.0281635 0.0250441
0 0.213734 0.00488643 0.0241124 0.00977286
0 0.390282 0.649025 0.0176114 0.0184702
0 0.470036 0.611117 0.0178716 0.0177575
0 0.953609 0.936182 0.0125174 0.0106075
0 0.73521 0.763622 0.0274993 0.0196961
0 0.00699844 0.348786 0.0139969 0.0230214
0 0.0179207 0.838705 0.0282062 0.0218056
0 0.140218 0.521427 0.0237641 0.0205339
0 0.787734 0.850744 0.0232551 0.0283671
0 0.973866 0.148902 0.0214798 0.0257835
0 0.307015 0.0355933 0.0234803 0.0187401
0 0.477124 0.960681 0.02387 0.0211402
0 0.749589 0.593685 0.0253556 0.0206969
0 0.784012 0.984391 0.024529 0.0192874
0 0.0969364 0.630178 0.0201413 0.0191085
0 0.0655233 0.935345 0.0217021 0.0219331
0 0.476893 0.114397 0.02551 0.0203563
0 0.379626 0.981455 0.0232375 0.021454
0 0.151078 0.55291 0.0199039 0.0197648
0 0.789287 0.854247 0.0242449 0.0301791
0 0.111073 0.439916 0.0294056 0.0246712
0 0.216001 0.0943134 0.0238961 0.0195604
0 0.20651 0.462008 0.0208277 0.0246794
0 0.861663 0.346137 0.0177823 0.0245257
0 0.71013 0.992841 0.0193242 0.0143188
0 0.640866 0.0659205 0.0207034 0.0199314
0 0.763391 0.460027 0.0245823 0.0186897
0 0.717115 0.107526 0.0202017 0.0214926
0 0.797949 0.604425 0.0223119 0.0166821
0 0.17869 0.334876 0.0210342 0.0201447
0 0.856858 0.0815951 0.0189785 0.0156831
0 0.0863239 0.868373 0.0203809 0.0173045
0 0.822553 0.837331 0.0215709 0.018142
0 0.317218 0.610868 0.0222749 0.0215645
0 0.159641 0.709736 0.0228143 0.0202791
0 0.535244 0.660523 0.0186622 0.025044
0 0.719727 0.0133229 0.0227013 0.0211978
0 0.384312 0.146818 0.028649 0.0277812
0 0.739092 0.00962068 0.0108351 0.0115797
0 0.0603725 0.226804 0.0279834 0.0329141
0 0.0964098 0.276873 0.0302865 0.024636
0 0.99677 0.0035271 0.00646043 0.0070542
0 0.410628 0.195065 0.0290208 0.0279341
0 0.365554 0.772446 0.0231732 0.0201565
0 0.491874 0.914225 0.022323 0.0188712
0 0.249056 0.383903 0.0315505 0.0223317
0 0.824808 0.839563 0.0257179 0.0243813
0 0.136733 0.149039 0.0168438 0.0157737
0 0.602733 0.0966755 0.0202597 0.0149901
0 0.444875 0.494428 0.0311383 0.0228226
0 0.233986 0.816058 0.0253766 0.0228254
0 0.36435 0.531335 0.0214319 0.0188094
0 0.261606 0.140459 0.0269403 0.0219917
0 0.341705 0.468839 0.0220321 0.0278517
0 0.735358 0.773694 0.0291423 0.0176439
0 0.147049 0.339435 0.0275192 0.0240854
0 0.188168 0.535042 0.0216441 0.0238815
0 0.152141 0.38924 0.0254143 0.0216303
0 0.845197 0.770708 0.0200852 0.0166931
0 0.304758 0.919637 0.0283238 0.0245475
0 0.480906 0.960992 0.0318238 0.0252991
0 0.034135 0.462031 0.0207986 0.0188949
0 0.760079 0.939391 0.0229489 0.0214766
0 0.487722 0.549647 0.0329275 0.0321647
0 0.118562 0.143939 0.0255111 0.029049
0 0.440951 0.221298 0.0197366 0.0169792
0 0.820409 0.495432 0.0261363 0.0253557
0 0.441624 0.919786 0.0263641 0.0253598
0 0.162783 0.921999 0.0171685 0.0115947
0 0.0835948 0.915879 0.0271625 0.0214032
0 0.755333 0.315336 0.0236313 0.0191473
0 0.187505 0.237109 0.0275537 0.0201219
0 0.734335 0.0472744 0.0191868 0.0199635
0 0.945914 0.520608 0.0239303 0.0234085
0 0.01596 0.518377 0.025242 0.0242675
0 0.270026 0.320716 0.0227462 0.016268
0 0.0345514 0.661974 0.0212613 0.0189642
0 0.693777 0.946152 0.0268405 0.0218481
0 0.945365 0.636444 0.0251431 0.0192048
0 0.521808 0.551202 0.0304158 0.0242621
0 0.212567 0.58039 0.0234766 0.01825
0 0.366843 0.382943 0.0188462 0.0336823
0 0.352604 0.362487 0.0261421 0.0276371
0 0.571847 0.801619 0.0278054 0.0204919
0 0.49182 0.965971 0.0271654 0.0249426
0 0.127983 0.247079 0.0212941 0.0209447
0 0.895659 0.879435 0.023496 0.0203624
0 0.717514 0.940559 0.0143056 0.0127883
0 0.362667 0.774227 0.0281727 0.0231505
0 0.664521 0.272241 0.0237398 0.0189153
0 0.236199 0.289311 0.0239326 0.0233388
0 0.0370968 0.790611 0.0232992 0.0200994
0 0.41794 0.665324 0.0279255 0.0261433
0 0.217043 0.62535 0.0297304 0.0236108
0 0.486397 0.652015 0.0267911 0.0199085
0 0.0499236 0.187144 0.0250045 0.0263657
0 0.0857943 0.360215 0.0230255 0.0174025
0 0.327184 0.953843 0.0268714 0.0197914
0 0.20803 0.321819 0.0215039 0.0185528
0 0.543903 0.185328 0.0240636 0.0217219
0 0.828411 0.417028 0.0363432 0.0346031
0 0.147983 0.0159516 0.0266046 0.0212795
0 0.368376 0.245603 0.0226783 0.0188549
0 0.721433 0.0108208 0.0191186 0.0171658
0 0.15388 0.265388 0.0238193 0.0256904
0 0.90609 0.538067 0.0196483 0.0327957
0 0.382903 0.863425 0.0201464 0.0180824
0 0.391722 0.771875 0.0274162 0.0182456
0 0.910307 0.255019 0.0210444 0.0171073
0 0.520679 0.557152 0.0315319 0.0352015
0 0.82674 0.845865 0.0245218 0.0221046
0 0.199105 0.341552 0.0238966 0.0214649
0 0.480481 0.929697 0.032966 0.0227503
0 0.782909 0.310484 0.0291446 0.02708
0 0.517328 0.659763 0.0245706 0.0239253
0 0.865708 0.173949 0.0260117 0.0230856
0 0.649062 0.0948457 0.0198781 0.0190273
0 0.395117 0.903286 0.0264782 0.0165871
0 0.429538 0.865232 0.020082 0.0187163
0 0.574118 0.771641 0.0167534 0.0184301
0 0.183733 0.162901 0.0268213 0.0216349
0 0.340554 0.766074 0.0165678 0.0166082
0 0.935123 0.996744 0.0204893 0.00651294
0 0.130508 0.853072 0.0282818 0.0225145
0 0.600622 0.813326 0.0223088 0.0190284
0 0.809949 0.802777 0.0238378 0.0141742
0 0.286715 0.875923 0.0187607 0.0151819
0 0.827393 0.409551 0.0357742 0.0299192
0 0.739828 0.735225 0.0204422 0.0148385
0 0.821885 0.405422 0.0236034 0.0224467
0 0.298486 0.362592 0.0194364 0.0179747
0 0.0757292 0.650319 0.0276526 0.0186292
0 0.15751 0.643959 0.0275851 0.0315945
0 0.0522093 0.814704 0.0257654 0.0266631
0 0.741996 0.725336 0.0232615 0.0170464
0 0.33583 0.146297 0.0227517 0.0172892
0 0.384564 0.607766 0.0225111 0.0222814
0 0.214239 0.0920361 0.0284384 0.0223054
0 0.301632 0.0633109 0.0236989 0.0252948
0 0.95876 0.156635 0.0209977 0.0211274
0 0.87158 0.572354 0.0201601 0.0205727
0 0.356807 0.444666 0.0223409 0.0194939
0 0.431359 0.311562 0.0241134 0.0225979
0 0.835154 0.342203 0.0248879 0.0192326
0 0.710423 0.505139 0.0255427 0.0236117
0 0.793485 0.606123 0.0297657 0.0196731
0 0.717072 0.295836 0.0278198 0.0160381
0 0.0201334 0.831031 0.0291038 0.0153074
0 0.0760999 0.120732 0.0264797 0.026159
0 0.646384 0.590231 0.0200671 0.0220376
0 0.173892 0.754742 0.035853 0.0278054
0 0.889228 0.636787 0.0217905 0.0192893
0 0.266569 0.339061 0.0259993 0.0188132
0 0.720981 0.558822 0.0258669 0.0198672
0 0.776427 0.689396 0.0253456 0.0278957
0 0.575077 0.80302 0.0209439 0.0179512
0 0.216911 0.361521 0.0252612 0.0209844
0 0.995086 0.719078 0.00956333 0.0203649
0 0.871892 0.629319 0.0236073 0.0233836
0 0.598932 0.888474 0.0269887 0.0253077
0 0.959534 0.422203 0.0237003 0.0214033
0 0.996315 0.326383 0.00737005 0.00878081
0 0.17148 0.752041 0.0304349 0.0233034
0 0.0363111 0.711263 0.0201686 0.0172823
0 0.122596 0.851961 0.0128624 0.0167087
0 0.599015 0.578191 0.0257587 0.0200619
0 0.515449 0.0962705 0.0282462 0.0262892
0 0.892854 0.507656 0.0294471 0.0226294
0 0.920091 0.208264 0.0338897 0.0424185
0 0.301592 0.0987853 0.0203364 0.0198023
0 0.472967 0.609243 0.0253323 0.022075
0 0.30186 0.938939 0.0193394 0.0162493
0 0.659216 0.113901 0.0296137 0.0234206
0 0.138948 0.149651 0.0215675 0.0180333
0 0.024537 0.595767 0.0235199 0.016396
0 0.0854432 0.914729 0.0305797 0.0272099
0 0.681426 0.734372 0.0158977 0.0143997
0 0.14167 0.162624 0.0255349 0.0222604
0 0.92889 0.153446 0.0301822 0.0228172
0 0.240213 0.950553 0.0207301 0.0238622
0 0.751706 0.308019 0.0220941 0.0169308
0 0.542554 0.382175 0.0203276 0.0181204
0 0.220437 0.649465 0.0268021 0.0182406
0 0.148176 0.949503 0.0257445 0.0198353
0 0.859004 0.711173 0.0214893 0.0179852
0 0.184634 0.232898 0.0312133 0.0257873
0 0.327673 0.103637 0.0343307 0.0218227
0 0.394889 0.261541 0.0242025 0.0277428
0 0.812284 0.814565 0.0218188 0.0170457
0 0.995949 0.759447 0.00805116 0.0168016
0 0.8794 0.0811574 0.030037 0.0215752
0 0.596195 0.877494 0.0288597 0.0268285
0 0.78868 0.744691 0.0276613 0.0262174
0 0.937247 0.261453 0.020303 0.0209486
0 0.0953796 0.280835 0.032899 0.0315008
0 0.608302 0.574021 0.0414647 0.0306544
0 0.782063 0.311345 0.027196 0.0159923
0 0.674909 0.19365 0.0236666 0.0188859
0 0.238734 0.575747 0.0197213 0.0186005
0 0.777158 0.693063 0.0238665 0.0217224
0 0.6303 0.803922 0.0235534 0.0202734
0 0.674325 0.429253 0.0231141 0.0212514
0 0.692805 0.927403 0.0286677 0.0247971
0 0.18261 0.00463735 0.0263958 0.0092747
0 0.320815 0.730931 0.0281862 0.0259447
0 0.721429 0.940711 0.0230953 0.0148114
0 0.284951 0.590575 0.0211024 0.0189943
0 0.746632 0.236954 0.0311682 0.0228435
0 0.688017 0.301577 0.0241428 0.0266842
0 0.545541 0.279175 0.0198126 0.0151364
0 0.926309 0.0946478 0.0286766 0.0248135
0 0.0132553 0.28618 0.0250504 0.0203297
0 0.192833 0.556263 0.022735 0.0162251
0 0.218069 0.751277 0.0221198 0.0191553
0 0.611239 0.281791 0.0230734 0.0224772
0 0.118948 0.555346 0.026662 0.0206975
0 0.39098 0.178334 0.0255052 0.0220532
0 0.832724 0.487556 0.01594 0.017084
0 0.617874 0.511583 0.0181715 0.0195287
0 0.20893 0.0548868 0.0256741 0.0164743
0 0.643582 0.447011 0.0244212 0.0270615
0 0.342467 0.465121 0.0204394 0.0201547
0 0.268704 0.0427547 0.0254441 0.0195432
0 0.240706 0.444762 0.026184 0.0193899
0 0.435318 0.0514641 0.0318003 0.034505
0 0.248776 0.59473 0.0215715 0.0161595
0 0.537494 0.9294 0.0228786 0.0191738
0 0.461613 0.2793 0.0205357 0.0170905
0 0.0516933 0.819567 0.0258702 0.0184443
0 0.182137 0.97881 0.0190051 0.01585
0 0.304088 0.951045 0.0243719 0.0203833
0 0.211599 0.669458 0.0245212 0.0223486
0 0.395212 0.893953 0.0254426 0.016561
0 0.0603219 0.221277 0.0267715 0.0221428
0 0.767842 0.0909284 0.0261773 0.0155582
0 0.42731 0.811344 0.0230682 0.0206539
0 0.7756 0.117554 0.0242718 0.0232992
0 0.266419 0.331327 0.0254187 0.0220567
0 0.906051 0.542966 0.0184761 0.0237771
0 0.703101 0.866566 0.022851 0.0175061
0 0.754163 0.623037 0.0264318 0.0214726
0 0.785592 0.507151 0.015998 0.016845
0 0.821794 0.498756 0.0287839 0.0202703
0 0.361547 0.0760491 0.016342 0.013748
0 0.928511 0.726907 0.0260291 0.0189204
0 0.900756 0.148937 0.0283158 0.0213968
0 0.91195 0.294206 0.0230552 0.0250454
0 0.452002 0.608404 0.0228075 0.0178093
0 0.336851 0.66534 0.0263372 0.018672
0 0.151669 0.0161828 0.0206514 0.0192979
0 0.728597 0.95254 0.012444 0.0156744
0 0.336202 0.150315 0.0244428 0.025242
0 0.025171 0.338088 0.0246492 0.0157554
0 0.173297 0.420396 0.0267233 0.0237707
0 0.389841 0.645909 0.0190222 0.024499
0 0.798157 0.0394355 0.0277866 0.0233567
0 0.948126 0.61433 0.02009 0.0162321
0 0.628999 0.204323 0.0236779 0.0186494
0 0.241812 0.449965 0.0273499 0.0285591
0 0.953419 0.278079 0.0199724 0.0163372
0 0.967351 0.152851 0.0359133 0.0299332
0 0.39439 0.266101 0.0227591 0.0278501
0 0.398618 0.0843699 0.0236294 0.015647
0 0.713779 0.694733 0.0221772 0.0184969
0 0.469719 0.511542 0.032701 0.0208692
0 0.968097 0.947787 0.0212688 0.0163167
0 0.207304 0.456028 0.0198725 0.0139584
0 0.636396 0.178151 0.019309 0.0184231
0 0.197474 0.277764 0.0270775 0.0218581
0 0.551556 0.577617 0.0307572 0.0239819
0 0.864338 0.00968309 0.0220299 0.0193662
0 0.255466 0.134688 0.0266557 0.0223256
0 0.831874 0.421956 0.0303767 0.0236304
0 0.0350008 0.231618 0.024485 0.0260825
0 0.730125 0.530349 0.0266922 0.0204756
0 0.00657243 0.650368 0.0131449 0.0183159
0 0.049187 0.273267 0.0260673 0.0249875
0 0.531527 0.0757153 0.0212013 0.0376016
0 0.561965 0.0343316 0.0282234 0.0260655
0 0.717346 0.0919964 0.0208964 0.024073
0 0.499975 0.627679 0.0263756 0.0213497
0 0.238022 0.944897 0.0149334 0.0120444
0 0.739295 0.731496 0.0214763 0.0224442
0 0.963968 0.551607 0.021922 0.0207607
0 0.497858 0.626064 0.0232747 0.0165634
0 0.302664 0.0599938 0.0215071 0.0207818
0 0.991928 0.339658 0.0158136 0.0119906
0 0.634377 0.157282 0.0232319 0.018183
0 0.435349 0.317335 0.032159 0.0314978
0 0.0130968 0.387541 0.0238702 0.0200211
0 0.473025 0.532068 0.0257912 0.0170308
0 0.344465 0.1288 0.0174965 0.0174503
0 0.366748 0.997226 0.0174632 0.00554806
0 0.196175 0.77515 0.0242301 0.0162026
0 0.888595 0.0520717 0.0253708 0.0306482
0 0.823648 0.493535 0.0320837 0.0265047
0 0.575411 0.0583148 0.0237864 0.0205895
0 0.424474 0.780898 0.0210325 0.0212016
0 0.864444 0.890591 0.0259961 0.0190056
0 0.813899 0.322054 0.0223944 0.0235355
0 0.965872 0.498644 0.0217793 0.0164283
0 0.739954 0.690203 0.0258552 0.020866
0 0.443241 0.715272 0.0226979 0.0181631
0 0.701793 0.478261 0.0228753 0.0226098
0 0.888327 0.50923 0.0388677 0.0262821
0 0.787773 0.459992 0.0172022 0.026144
0 0.0555153 0.675206 0.0304625 0.0248195
0 0.483296 0.368536 0.0223975 0.0229504
0 0.32245 0.105171 0.0423005 0.0221468
0 0.693114 0.951983 0.0262932 0.0217415
0 0.255072 0.76786 0.0241637 0.0242982
0 0.918902 0.546387 0.0207672 0.0245625
0 0.360311 0.0141582 0.0309112 0.0275224
0 0.491656 0.551907 0.0243269 0.0257434
0 0.914713 0.833579 0.0263988 0.0197897
0 0.987279 0.299512 0.0253083 0.0264153
0 0.145974 0.297373 0.0231976 0.0196362
0 0.228888 0.466271 0.0271754 0.0216805
0 0.517155 0.182413 0.0285723 0.0214716
0 0.662385 0.288667 0.0289021 0.0268527
0 0.22614 0.89581 0.0156771 0.0189285
0 0.460865 0.274737 0.0212115 0.0258325
0 0.486483 0.647476 0.0274504 0.0240521
0 0.510397 0.0272545 0.0183281 0.0186487
0 0.255929 0.406309 0.0231106 0.0210943
0 0.358675 0.475093 0.0215751 0.0279379
0 0.0922727 0.476726 0.0236919 0.0197802
0 0.937183 0.74257 0.021848 0.0158706
0 0.772528 0.965987 0.024104 0.0224444
0 0.917552 0.873253 0.0231928 0.0160733
0 0.667192 0.970561 0.018162 0.0160519
0 0.303808 0.324952 0.0254923 0.0190054
0 0.398393 0.0890304 0.024037 0.0245571
0 0.275993 0.266087 0.02684 0.0236489
0 0.0159678 0.389883 0.02903 0.0213726
0 0.919035 0.218364 0.0288936 0.0222289
0 0.615548 0.455407 0.0212125 0.022321
0 0.230861 0.858132 0.0167884 0.0139202
0 0.298224 0.178758 0.0225048 0.0155636
0 0.735913 0.7609 0.0237499 0.0139982
0 0.120634 0.918307 0.0380324 0.0381544
0 0.355947 0.0159284 0.0233253 0.0279115
0 0.821433 0.83567 0.0181096 0.0153997
0 0.438605 0.181018 0.0321647 0.017432
0 0.60588 0.192316 0.0271237 0.0266212
0 0.781864 0.305264 0.0259315 0.0163506
0 0.0837478 0.874044 0.0213418 0.0140876
0 0.628935 0.43491 0.0199682 0.0289715
0 0.67347 0.709596 0.0184814 0.0163165
0 0.070309 0.167301 0.0282544 0.0255859
0 0.340496 0.47782 0.0221227 0.0187749
0 0.880918 0.918193 0.0218753 0.0171623
0 0.00700589 0.638733 0.0140118 0.0149493
0 0.736741 0.776049 0.0245553 0.0129791
0 0.704734 0.0290766 0.0175183 0.018054
0 0.518852 0.174795 0.0227112 0.015002
0 0.982662 0.177296 0.0208461 0.0203715
0 0.0885209 0.441928 0.0176613 0.015247
0 0.720633 0.943668 0.023045 0.0182462
0 0.570492 0.791995 0.0275869 0.0223311
0 0.989976 0.85167 0.0199364 0.0207347
0 0.169725 0.540393 0.0200489 0.0229074
0 0.782325 0.767036 0.0155185 0.0187163
0 0.724159 0.945098 0.0212475 0.0207604
0 0.452008 0.750193 0.028019 0.0249802
0 0.406868 0.787484 0.0208002 0.0144754
0 0.290958 0.716299 0.0257256 0.0241227
0 0.142775 0.449663 0.0274476 0.0342259
0 0.872318 0.373939 0.0209428 0.0180903
0 0.239277 0.946029 0.0172955 0.0148152
0 0.747335 0.691464 0.0204208 0.0187061
0 0.417754 0.138172 0.0197178 0.0182759
0 0.337351 0.158643 0.0222988 0.0177762
0 0.555319 0.563103 0.0238667 0.0196249
0 0.951036 0.470615 0.0237469 0.0178578
0 0.414613 0.134981 0.0257765 0.0240907
0 0.973661 0.717258 0.0229458 0.0184469
0 0.426576 0.976912 0.0197193 0.022291
0 0.64007 0.501027 0.0225405 0.0178426
0 0.323675 0.380642 0.0216514 0.0183976
0 0.629867 0.16142 0.0342664 0.025514
0 0.529341 0.420034 0.0298367 0.0218533
0 0.657238 0.00369379 0.0272985 0.00738759
0 0.962715 0.548046 0.0203497 0.0140952
0 0.765343 0.0857821 0.0283638 0.0244984
0 0.608916 0.0866168 0.0146694 0.00926272
0 0.599548 0.0956478 0.027676 0.0180626
0 0.439188 0.223704 0.0227457 0.0212315
0 0.112103 0.767873 0.0183996 0.0195572
0 0.1608 0.203479 0.023434 0.0169114
0 0.483901 0.0631206 0.0238683 0.0198699
0 0.152145 0.109657 0.0342653 0.0228122
0 0.317837 0.0222468 0.020586 0.0186093
0 0.00215551 0.859157 0.00431101 0.0162282
0 0.86897 0.0108004 0.0307224 0.0216007
0 0.103467 0.942561 0.0294579 0.0323262
0 0.895605 0.877893 0.0190549 0.0171916
0 0.206028 0.401275 0.0324688 0.0249856
0 0.784214 0.316289 0.0260753 0.0173784
0 0.240842 0.861895 0.0166752 0.0125467
0 0.801788 0.040805 0.0296124 0.0232761
0 0.872303 0.633495 0.0224311 0.0161639
0 0.914484 0.54566 0.0295355 0.026008
0 0.645761 0.587281 0.0185433 0.0171497
0 0.895944 0.882905 0.0251266 0.0271522
0 0.47233 0.471252 0.0195652 0.01904
0 0.995198 0.177167 0.00932765 0.0219172
0 0.849758 0.569172 0.0221683 0.025552
0 0.272388 0.526734 0.0214963 0.0166864
0 0.995681 0.173354 0.00855792 0.021761
0 0.854295 0.295426 0.0250173 0.0210474
0 0.500035 0.399295 0.0203755 0.0179977
0 0.943663 0.749965 0.0210594 0.0201627
0 0.347802 0.991464 0.0233869 0.0166613
0 0.861594 0.468115 0.0240479 0.0181823
0 0.72829 0.523805 0.0244547 0.0196584
0 0.656767 0.121954 0.029575 0.0198806
0 0.0251607 0.888595 0.0203193 0.0180625
0 0.761433 0.570522 0.0247455 0.0210253
0 0.00813813 0.643473 0.0162763 0.0184101
0 0.118597 0.139573 0.025878 0.0213327
0 0.229696 0.861106 0.0190166 0.0195708
0 0.799207 0.994702 0.018532 0.0105961
0 0.64803 0.374701 0.024029 0.0178965
0 0.387844 0.0316882 0.0298858 0.0252638
0 0.448685 0.745812 0.022862 0.0174129
0 0.997907 0.553683 0.00412637 0.0149408
0 0.914242 0.255358 0.0254783 0.0168188
0 0.823827 0.407118 0.0293647 0.0258953
0 0.674782 0.465721 0.0184364 0.0138718
0 0.859634 0.459142 0.0237342 0.0158561
0 0.767486 0.0102014 0.0267131 0.0204028
0 0.451451 0.882974 0.0226507 0.0198533
0 0.708307 0.501423 0.0223256 0.0196311
0 0.16935 0.67627 0.0247078 0.0196178
0 0.66244 0.922343 0.0309711 0.0278729
0 0.187656 0.562149 0.0356031 0.0258111
0 0.622739 0.250668 0.0269811 0.0251663
0 0.921412 0.368446 0.0204539 0.0172746
0 0.224174 0.0383563 0.0182196 0.0127439
0 0.883155 0.530812 0.0259906 0.0207812
0 0.847069 0.924337 0.0188581 0.0165941
0 0.244207 0.863938 0.022766 0.0160511
0 0.833895 0.424644 0.0256832 0.0192642
0 0.921944 0.51594 0.025532 0.0234812
0 0.785954 0.320602 0.0209068 0.0105434
0 0.380064 0.601147 0.019708 0.0147762
0 0.560097 0.309389 0.0180587 0.0126679
0 0.91271 0.539605 0.0329226 0.0359569
0 0.738218 0.182296 0.0164219 0.0150672
0 0.0264096 0.857334 0.0280998 0.0272977
0 0.453053 0.893762 0.0263923 0.0405771
0 0.941263 0.551285 0.0229301 0.0194569
0 0.472306 0.528667 0.0256487 0.0202019
0 0.580198 0.150472 0.0282934 0.0246647
0 0.082577 0.504745 0.0405397 0.0193021
0 0.184241 0.149312 0.024706 0.0173087
0 0.339585 0.98907 0.0379503 0.0211321
0 0.0536789 0.80816 0.020534 0.0142215
0 0.00669067 0.229697 0.0133813 0.0146536
0 0.970859 0.00683741 0.0271772 0.0136748
0 0.134267 0.514729 0.0337742 0.0341241
0 0.347677 0.994415 0.022386 0.0111703
0 0.0545893 0.973563 0.0253255 0.0190452
0 0.911929 0.00659942 0.02003 0.0131988
0 0.726032 0.47966 0.0184646 0.0198342
0 0.0444993 0.627389 0.0304726 0.0236363
0 0.179606 0.97773 0.0220427 0.0144975
0 0.498752 0.6197 0.024756 0.0304978
0 0.618753 0.172994 0.0186178 0.025343
0 0.435124 0.312746 0.0290878 0.0241729
0 0.358109 0.481973 0.0241556 0.0191124
0 0.172031 0.305632 0.0239023 0.0194281
0 0.0126979 0.461473 0.0250264 0.0164561
0 0.568421 0.156289 0.0417911 0.0243454
0 0.0458415 0.334662 0.0231074 0.0225838
0 0.995961 0.765273 0.00799495 0.0196006
0 0.384394 0.980196 0.0310064 0.0245481
0 0.30293 0.695068 0.0244921 0.030999
0 0.674194 0.676225 0.0175838 0.0147398
0 0.91076 0.639725 0.0165329 0.0158115
0 0.0274476 0.96018 0.0236161 0.0183589
0 0.253802 0.0616778 0.0274191 0.0194929
0 0.176859 0.984054 0.0295083 0.0265275
0 0.0492566 0.906872 0.0214179 0.0180482
0 0.434597 0.0472408 0.0295008 0.0254781
0 0.654873 0.742986 0.0235156 0.0244261
0 0.677338 0.676786 0.0188434 0.0143431
0 0.815254 0.25409 0.0214198 0.0168851
0 0.115608 0.0391753 0.0255476 0.0267149
0 0.707392 0.909045 0.0220796 0.0186965
0 0.304919 0.0165896 0.0466395 0.0331792
0 0.441045 0.0195761 0.0328306 0.0286162
0 0.95615 0.118749 0.0336859 0.02701
0 0.127694 0.508629 0.0222182 0.0214717
0 0.208607 0.536192 0.0168067 0.0202774
0 0.0127434 0.285367 0.0254868 0.0332648
0 0.41181 0.137719 0.0290268 0.0224899
0 0.23804 0.895122 0.0391406 0.0249757
0 0.0878795 0.911117 0.0290697 0.022781
0 0.314425 0.0191862 0.027453 0.0239521
0 0.475665 0.95736 0.0207554 0.0174884
0 0.0474805 0.599221 0.0242465 0.0186998
0 0.125252 0.92662 0.0301653 0.021885
0 0.0483628 0.971156 0.0218252 0.0217467
0 0.0251727 0.348061 0.0252543 0.019364
0 0.741704 0.733186 0.0239245 0.0182534
0 0.216521 0.353088 0.0227242 0.0160238
0 0.535946 0.657146 0.0167801 0.0197599
0 0.216003 0.753537 0.0239771 0.0215296
0 0.168659 0.971653 0.0212415 0.0164602
0 0.320139 0.795498 0.0259938 0.0219598
0 0.221118 0.0390436 0.0247853 0.0150924
0 0.312193 0.0287769 0.0308495 0.0212858
0 0.856668 0.70939 0.0246697 0.0207825
0 0.158307 0.638686 0.0276748 0.0222999
0 0.330399 0.943561 0.0213234 0.0188901
0 0.0448426 0.747352 0.0232579 0.015599
0 0.252348 0.551504 0.0151985 0.0119804
0 0.0635991 0.0361146 0.0252423 0.0263086
0 0.789269 0.335829 0.0230842 0.0152763
0 0.880202 0.0113472 0.0202919 0.0224739
0 0.849941 0.564168 0.0215987 0.017558
0 0.24571 0.034981 0.0233171 0.0313926
0 0.420492 0.443702 0.018427 0.0181922
0 0.0652256 0.522362 0.0222717 0.0185053
0 0.850623 0.215393 0.0197327 0.0153447
0 0.393826 0.973164 0.0244321 0.0208724
0 0.56863 0.274259 0.0247285 0.0157571
0 0.808744 0.805347 0.0236927 0.0175629
0 0.546826 0.193844 0.0195342 0.0169607
0 0.013387 0.382852 0.0241942 0.0209401
0 0.236219 0.632927 0.017857 0.0148441
0 0.59633 0.93606 0.0343643 0.0272232
0 0.703302 0.00687093 0.0302533 0.0137419
0 0.139796 0.975919 0.0213129 0.02
0 0.273104 0.638793 0.0258355 0.0217153
0 0.497235 0.246492 0.0225797 0.0142236
0 0.318718 0.108539 0.0381552 0.0160286
0 0.356902 0.714221 0.0228806 0.0212367
0 0.889533 0.184405 0.0245988 0.0207333
0 0.544448 0.189202 0.0249203 0.0272903
0 0.893724 0.47981 0.0212759 0.0159674
0 0.65786 0.0400692 0.012288 0.0108551
0 0.75793 0.0462917 0.0218412 0.0183006
0 0.317881 0.215411 0.026522 0.0215513
0 0.355897 0.129121 0.0396553 0.0224754
0 0.355192 0.720818 0.0263459 0.0337485
0 0.702313 0.585024 0.0192378 0.0197117
0 0.515887 0.221474 0.0225636 0.0187186
0 0.124993 0.851515 0.0179377 0.0192238
0 0.931739 0.249835 0.0243475 0.0175398
0 0.611131 0.277776 0.0246104 0.0303754
0 0.398765 0.824497 0.0228294 0.0164181
0 0.607806 0.962648 0.037139 0.0392494
0 0.421471 0.782615 0.0160109 0.0175924
0 0.214398 0.569775 0.0270161 0.0378439
0 0.223019 0.328462 0.0220649 0.018218
0 0.994638 0.33322 0.0106912 0.0222236
0 0.532574 0.42014 0.0351768 0.0265505
0 0.2569 0.168876 0.0255386 0.0247894
0 0.717751 0.0107826 0.0263461 0.0188593
0 0.212586 0.665679 0.0221045 0.0172716
0 0.972676 0.719861 0.0251776 0.0182617
0 0.794158 0.525934 0.0121353 0.0138207
0 0.510175 0.0328821 0.0195011 0.0306562
0 0.0604067 0.431549 0.0173057 0.014628
0 0.968517 0.813363 0.0227132 0.0182289
0 0.521614 0.2628 0.0219168 0.0293375
0 0.412407 0.546383 0.0344431 0.0243712
0 0.0126549 0.456224 0.0253098 0.0256009
0 0.621297 0.231294 0.0256236 0.0239686
0 0.540153 0.969782 0.0278091 0.0131398
0 0.607732 0.955074 0.0339081 0.0282996
0 0.0251185 0.0415666 0.0286615 0.0250031
0 0.394878 0.993719 0.0209453 0.0125629
0 0.712321 0.275293 0.0257584 0.0230548
0 0.0854247 0.506441 0.0327111 0.0179048
0 0.209218 0.0504045 0.0297985 0.0258076
0 0.365386 0.00326358 0.0212838 0.00652716
0 0.591141 0.22864 0.0186766 0.0137667
0 0.473548 0.108009 0.0309302 0.0271356
0 0.990594 0.273886 0.0187138 0.0345651
0 0.320053 0.0204253 0.0159017 0.0151588
0 0.750313 0.261232 0.0228041 0.0208249
