0 0.34386 0.263326 0.0236228 0.0182828
0 0.567295 0.0348506 0.0272191 0.0345019
0 0.907906 0.670654 0.024303 0.0204536
0 0.615496 0.620663 0.0372277 0.0314434
0 0.472562 0.0448284 0.0270312 0.0247379
0 0.968369 0.0723736 0.026372 0.0229868
0 0.894779 0.992086 0.0299407 0.0158281
0 0.589846 0.68971 0.0274827 0.0234905
0 0.557396 0.902491 0.0264676 0.0299233
0 0.0785617 0.479174 0.0217319 0.0214246
0 0.302326 0.204371 0.027978 0.030699
0 0.182887 0.935889 0.0307349 0.0248277
0 0.935033 0.120965 0.0210701 0.0172206
0 0.308321 0.510994 0.0217414 0.0234895
0 0.279808 0.624346 0.0263357 0.0215175
0 0.0299788 0.765671 0.0282207 0.0261573
0 0.34111 0.356086 0.0218872 0.0195673
0 0.801979 0.833941 0.0262101 0.0272863
0 0.363694 0.881695 0.0269418 0.0301045
0 0.937589 0.284736 0.0281583 0.0259784
0 0.337812 0.879427 0.0273246 0.0272279
0 0.578669 0.735729 0.0286818 0.0226198
0 0.0338857 0.736244 0.0244559 0.019492
0 0.989523 0.229654 0.0188334 0.0176408
0 0.458446 0.990025 0.0396858 0.0199494
0 0.993892 0.952126 0.0121843 0.0212175
0 0.307162 0.992367 0.0221387 0.015077
0 0.227415 0.425506 0.0272496 0.0298284
0 0.361042 0.575721 0.025433 0.025891
0 0.678935 0.327303 0.0251905 0.0211056
0 0.181597 0.636848 0.029042 0.0246037
0 0.500076 0.976187 0.0316499 0.0336691
0 0.734894 0.853503 0.0228736 0.0247552
0 0.484371 0.103183 0.0267863 0.0210586
0 0.228544 0.429473 0.0252002 0.0209532
0 0.30379 0.892406 0.0204245 0.032411
0 0.597303 0.201593 0.0304193 0.0350955
0 0.615014 0.767784 0.0207453 0.0174389
0 0.70744 0.840594 0.0320428 0.0278212
0 0.147211 0.462186 0.0173254 0.0188126
0 0.394988 0.595332 0.0317664 0.0301673
0 0.847789 0.985318 0.0378806 0.027818
0 0.240923 0.518685 0.0251404 0.0258388
0 0.172596 0.888579 0.0309901 0.0318582
0 0.936824 0.0587174 0.0215808 0.0262654
0 0.486813 0.125106 0.02242 0.025577
0 0.7979 0.112841 0.0239547 0.0278211
0 0.468859 0.508418 0.0330101 0.0347514
0 0.326619 0.321309 0.0267509 0.0245956
0 0.213526 0.550339 0.0300549 0.0300454
0 0.445324 0.0899485 0.0317014 0.0312604
0 0.462925 0.989179 0.0291454 0.0213305
0 0.838752 0.585815 0.0295101 0.0375862
0 0.430123 0.977624 0.0270301 0.0288278
0 0.852082 0.90005 0.0270626 0.020813
0 0.655634 0.20707 0.0233056 0.0224915
0 0.352478 0.732855 0.0323291 0.0350423
0 0.158923 0.733124 0.0294344 0.0282407
0 0.735181 0.660485 0.0296261 0.027719
0 0.214454 0.963475 0.02904 0.0302455
0 0.781054 0.828003 0.0208766 0.0229346
0 0.665653 0.883381 0.0337802 0.0385736
0 0.547826 0.29985 0.0270125 0.0256752
0 0.789318 0.278652 0.0274408 0.0260196
0 0.539009 0.635431 0.0300465 0.0304094
0 0.5098 0.169261 0.0242399 0.0239884
0 0.969573 0.464773 0.0406124 0.0339791
0 0.471047 0.934485 0.0192792 0.0176511
0 0.584085 0.782007 0.0330403 0.030375
0 0.986264 0.159687 0.0274711 0.0311411
0 0.912518 0.724712 0.0200543 0.0287841
0 0.525117 0.607692 0.0315649 0.0278791
0 0.754531 0.0462939 0.0274138 0.0232274
0 0.00622058 0.852478 0.0124412 0.0232148
0 0.497398 0.43353 0.0269727 0.0263406
0 0.204161 0.654783 0.0247765 0.0249394
0 0.0494535 0.418759 0.0279136 0.0283325
0 0.719987 0.494456 0.0279408 0.0304728
0 0.948499 0.244135 0.0307734 0.0254014
0 0.80688 0.433608 0.0294712 0.0330438
0 0.553589 0.351309 0.0249992 0.0228407
0 0.694917 0.578418 0.0257374 0.0348895
0 0.864768 0.164477 0.029143 0.0302745
0 0.929622 0.906364 0.0284846 0.0305023
0 0.267331 0.471612 0.0299651 0.035683
0 0.0325212 0.902872 0.0349338 0.0306224
0 0.75833 0.248597 0.0206623 0.0217289
0 0.430174 0.456257 0.0326256 0.0287139
0 0.760644 0.851789 0.0317625 0.0400469
0 0.60112 0.0891797 0.0275525 0.0309652
0 0.782297 0.916986 0.0332811 0.0377421
0 0.7785 0.0226716 0.0277291 0.0258473
0 0.686323 0.922313 0.0240044 0.0249731
0 0.860289 0.330078 0.0296738 0.029185
0 0.820431 0.558015 0.0263197 0.0346162
0 0.940883 0.324515 0.0262269 0.0329215
0 0.0466271 0.460597 0.034117 0.0304944
0 0.781881 0.562606 0.0302622 0.0387987
0 0.19603 0.730326 0.0241245 0.0253062
0 0.514659 0.546452 0.020663 0.0195498
0 0.975191 0.99221 0.0251468 0.0155799
0 0.467152 0.761594 0.0308251 0.032896
0 0.688722 0.698473 0.0293258 0.0254282
0 0.184319 0.96626 0.0359388 0.0327158
0 0.306017 0.922358 0.0335164 0.0295972
0 0.892544 0.875319 0.0330878 0.0305984
0 0.669913 0.252455 0.0301046 0.0321202
0 0.446013 0.541635 0.0280529 0.0283186
0 0.429028 0.240838 0.0305594 0.0291436
0 0.149494 0.984826 0.0303767 0.0292138
0 0.852266 0.868742 0.0304714 0.024293
0 0.941419 0.329828 0.02358 0.0225652
0 0.216396 0.112787 0.0286309 0.0297402
0 0.602733 0.953243 0.0279877 0.0242413
0 0.22226 0.390042 0.0308997 0.0353186
0 0.792145 0.336726 0.0197625 0.0238355
0 0.891198 0.639753 0.0317803 0.0339226
0 0.0907402 0.661056 0.0275463 0.0297189
0 0.462448 0.68237 0.0246955 0.0236808
0 0.548067 0.469303 0.0202523 0.0163612
0 0.783944 0.52536 0.0416435 0.032796
0 0.426448 0.813604 0.0228999 0.0188884
0 0.214162 0.94497 0.0239583 0.0178697
0 0.587996 0.785318 0.0247295 0.0230591
0 0.919923 0.317145 0.0285425 0.0235588
0 0.211643 0.841641 0.0289009 0.0272921
0 0.918188 0.646494 0.0277064 0.0313453
0 0.466748 0.20323 0.0248962 0.0237941
0 0.731842 0.292215 0.0343252 0.0384829
0 0.513852 0.525131 0.0245314 0.0240783
0 0.829404 0.0993487 0.0376269 0.0347608
0 0.474923 0.0726579 0.0268801 0.0255014
0 0.480981 0.251897 0.0248256 0.0266302
0 0.439356 0.739577 0.0257401 0.0261469
0 0.985085 0.371019 0.0264951 0.0217136
0 0.677488 0.323772 0.027185 0.0262176
0 0.253635 0.988395 0.0228301 0.0219801
0 0.568461 0.0424182 0.0249624 0.018783
0 0.21295 0.152869 0.0360279 0.0399809
0 0.204758 0.810379 0.0268782 0.0238574
0 0.822438 0.334352 0.0286378 0.0410996
0 0.340117 0.884892 0.0216042 0.0158418
0 0.589655 0.787137 0.0221696 0.0181427
0 0.428611 0.957446 0.0274184 0.0189502
0 0.209136 0.148582 0.0296639 0.0321711
0 0.68102 0.469384 0.0283606 0.0247532
0 0.469579 0.634068 0.03113 0.0298608
0 0.16304 0.984951 0.0542468 0.0299824
0 0.478285 0.0119489 0.0314279 0.0238977
0 0.707098 0.726249 0.0318573 0.0336885
0 0.60167 0.0934681 0.0248778 0.0228361
0 0.361609 0.0629795 0.0230294 0.0214107
0 0.336419 0.190185 0.0399061 0.0412059
0 0.878826 0.665002 0.0227112 0.0350429
0 0.762985 0.201584 0.0303264 0.032667
0 0.337582 0.226857 0.0284919 0.029945
0 0.699551 0.676091 0.0273291 0.0289854
0 0.507474 0.414678 0.0278765 0.0255361
0 0.399898 0.949623 0.0245162 0.0246478
0 0.958026 0.906304 0.0288643 0.0245251
0 0.22948 0.944238 0.0211688 0.0260364
0 0.929651 0.213319 0.0217503 0.0289946
0 0.290079 0.00549539 0.0220053 0.0109908
0 0.22068 0.892076 0.0255955 0.0213834
0 0.872084 0.108631 0.029882 0.0322328
0 0.951838 0.830611 0.022373 0.0232768
0 0.26418 0.799922 0.0321177 0.0436765
0 0.642439 0.118758 0.0202829 0.022064
0 0.281503 0.766478 0.0234543 0.0218806
0 0.46005 0.715503 0.029637 0.0281096
0 0.1772 0.814552 0.0266917 0.0218542
0 0.358192 0.54426 0.0295927 0.0332466
0 0.221432 0.985226 0.0195833 0.0146137
0 0.99434 0.137558 0.0110516 0.0236136
0 0.049803 0.505283 0.0237055 0.0328124
0 0.120049 0.968051 0.0261409 0.0266698
0 0.379443 0.3312 0.0278161 0.0268268
0 0.229102 0.314025 0.0261006 0.0247485
0 0.0975661 0.575408 0.0304425 0.0233141
0 0.53068 0.282194 0.0229822 0.0211356
0 0.935155 0.184016 0.0262151 0.0263545
0 0.786716 0.276383 0.0324064 0.0314727
0 0.728253 0.960765 0.0329058 0.0256825
0 0.477024 0.331829 0.0404666 0.0308055
0 0.552988 0.587041 0.0334115 0.0371933
0 0.520511 0.56723 0.0231097 0.0219894
0 0.713298 0.608054 0.0223168 0.0242392
0 0.137032 0.320119 0.0204751 0.0174494
0 0.265501 0.286277 0.0309625 0.0285741
0 0.504931 0.0928189 0.0194858 0.0208234
0 0.122951 0.238331 0.0429959 0.0353975
0 0.335408 0.697397 0.0301585 0.041954
0 0.161682 0.184071 0.0416932 0.0318556
0 0.653228 0.432327 0.0291558 0.0236897
0 0.117687 0.242297 0.0343366 0.0269428
0 0.950968 0.537521 0.0351704 0.0273778
0 0.517793 0.575661 0.0289016 0.0379377
0 0.308662 0.717621 0.0275346 0.0273448
0 0.924641 0.360635 0.0225317 0.0203731
0 0.660175 0.148084 0.0225872 0.0232997
0 0.62054 0.910763 0.0251329 0.0227249
0 0.350112 0.372074 0.0191368 0.0189125
0 0.765855 0.862245 0.0228043 0.019168
0 0.953032 0.365114 0.0253864 0.0337802
0 0.995075 0.973205 0.00978023 0.0286146
0 0.527782 0.755095 0.0262584 0.0227737
0 0.423237 0.340503 0.0268235 0.0247273
0 0.290813 0.810395 0.0224106 0.0199846
0 0.762313 0.978582 0.0323135 0.0320452
0 0.0350086 0.194796 0.0234806 0.0252283
0 0.267961 0.478838 0.0274889 0.0204456
0 0.558154 0.782908 0.0251727 0.0312338
0 0.538864 0.254918 0.0273973 0.0210006
0 0.273829 0.989625 0.0254982 0.0203292
0 0.799143 0.140203 0.0256588 0.020848
0 0.195196 0.291574 0.0268375 0.0252271
0 0.214831 0.554387 0.0280376 0.021355
0 0.821141 0.55204 0.0240813 0.0224273
0 0.177285 0.824824 0.0289326 0.0416535
0 0.0443719 0.278968 0.0250479 0.0339562
0 0.232633 0.617141 0.0193938 0.0181165
0 0.608465 0.57262 0.03462 0.0324528
0 0.808487 0.983201 0.0330698 0.0334612
0 0.995532 0.139209 0.00888288 0.0219551
0 0.624526 0.862653 0.032173 0.0322831
0 0.217186 0.890766 0.0341226 0.0244296
0 0.242731 0.969116 0.0277896 0.0223615
0 0.0341604 0.382354 0.0227757 0.0224382
0 0.566097 0.84517 0.017989 0.0228269
0 0.51489 0.804375 0.0291288 0.0273399
0 0.65615 0.921772 0.0261285 0.0209085
0 0.0811813 0.0184932 0.0335635 0.0316195
0 0.635385 0.249378 0.024504 0.0287196
0 0.892586 0.507701 0.024466 0.025055
0 0.850918 0.359568 0.0237302 0.0227062
0 0.195455 0.608994 0.0270889 0.0301626
0 0.0922544 0.0909596 0.0335822 0.0284937
0 0.928404 0.150084 0.0287771 0.0276756
0 0.132712 0.0607916 0.0285035 0.031296
0 0.778806 0.372062 0.0295251 0.0289547
0 0.49665 0.0607307 0.027593 0.0351625
0 0.763453 0.206833 0.0282019 0.0217515
0 0.62512 0.146744 0.0279465 0.0369501
0 0.42922 0.965 0.0293639 0.0337511
0 0.422504 0.921314 0.0299587 0.0276817
0 0.874833 0.811697 0.0324772 0.0185057
0 0.562153 0.238632 0.0238591 0.0253387
0 0.669505 0.72545 0.0269427 0.0249728
0 0.590745 0.924101 0.0294681 0.038157
0 0.159694 0.573362 0.0206565 0.0174468
0 0.525131 0.474908 0.0267763 0.0211315
0 0.394595 0.294894 0.0319162 0.0306453
0 0.7252 0.323024 0.026172 0.0253471
0 0.11569 0.18913 0.0363735 0.0466283
0 0.314512 0.249069 0.0311093 0.0307001
0 0.248195 0.0797279 0.0286281 0.0302237
0 0.299889 0.857296 0.039634 0.0366316
0 0.963573 0.712028 0.0256193 0.0180239
0 0.993446 0.960594 0.0129462 0.0381505
0 0.0523928 0.847892 0.0253412 0.0317565
0 0.606083 0.883334 0.0229554 0.0250179
0 0.270716 0.670559 0.028631 0.0349231
0 0.541479 0.730985 0.0421538 0.0340534
0 0.740824 0.487785 0.0244858 0.0326419
0 0.54796 0.732723 0.0282914 0.0297725
0 0.116335 0.967206 0.0340348 0.0293007
0 0.205904 0.353355 0.0407498 0.0347695
0 0.42927 0.972613 0.0288615 0.0356569
0 0.822633 0.340605 0.0270376 0.0288572
0 0.938307 0.462362 0.0237024 0.0206374
0 0.918917 0.522876 0.0290475 0.0256875
0 0.661384 0.279855 0.0216256 0.0207642
0 0.995618 0.968499 0.00874037 0.0190813
0 0.213182 0.8887 0.0409134 0.0282779
0 0.314373 0.550246 0.0384966 0.031194
0 0.251643 0.88269 0.0343946 0.0257276
0 0.605546 0.243114 0.0390052 0.0504173
0 0.705787 0.464769 0.0194777 0.02101
0 0.839261 0.591191 0.0287212 0.0267633
0 0.450092 0.180352 0.0244197 0.0323114
0 0.427394 0.553868 0.0244954 0.021716
0 0.856269 0.984751 0.021446 0.0218688
0 0.995344 0.411139 0.00924486 0.0196682
0 0.801877 0.777848 0.0238131 0.0223808
0 0.593519 0.991409 0.0258468 0.016842
0 0.807289 0.376514 0.0307156 0.0405775
0 0.929375 0.513669 0.0307094 0.0259277
0 0.335599 0.340265 0.0186802 0.0178732
0 0.756044 0.62311 0.0242464 0.0182239
0 0.172899 0.883136 0.0283723 0.0220119
0 0.417847 0.0586129 0.0379785 0.0326944
0 0.261481 0.115683 0.0429858 0.0425557
0 0.765833 0.327663 0.0201898 0.0162723
0 0.211304 0.994341 0.0360833 0.0113172
0 0.923815 0.354869 0.024093 0.0295018
0 0.664733 0.879681 0.031161 0.0288382
0 0.706832 0.886792 0.0384436 0.0401598
0 0.400684 0.977946 0.0385991 0.0440226
0 0.892521 0.513418 0.0256637 0.0363401
0 0.634428 0.970609 0.0166858 0.0180164
0 0.288533 0.0517509 0.0317504 0.0293281
0 0.985368 0.366748 0.028729 0.0309184
0 0.376507 0.0110426 0.0292154 0.0220552
0 0.183529 0.107715 0.0315828 0.0286068
0 0.0494702 0.499292 0.0225359 0.0214096
0 0.749761 0.789247 0.0258294 0.0213867
0 0.75538 0.615864 0.0272499 0.0323548
0 0.950335 0.753464 0.018555 0.0173132
0 0.395677 0.554296 0.0391011 0.0366886
0 0.00513334 0.52764 0.0102667 0.0363215
0 0.0740016 0.281333 0.0249719 0.0360329
0 0.667559 0.99305 0.0192083 0.0138993
0 0.953564 0.369646 0.0236914 0.0247887
0 0.359335 0.959273 0.0299428 0.0271993
0 0.200327 0.780456 0.0299341 0.0221618
0 0.144333 0.868718 0.0228239 0.0214754
0 0.859701 0.96043 0.0218564 0.0218201
0 0.506588 0.665432 0.0360939 0.0342507
0 0.737206 0.249823 0.024715 0.024621
0 0.244502 0.853538 0.0291619 0.0368211
0 0.208793 0.483354 0.0295585 0.0218509
0 0.484725 0.85779 0.0251158 0.0183329
0 0.721018 0.390961 0.0317792 0.0307313
0 0.728084 0.461553 0.0270102 0.0269719
0 0.761938 0.246501 0.0291378 0.0260192
0 0.00515448 0.53456 0.010309 0.0241693
0 0.288379 0.127318 0.0215818 0.0194459
0 0.605267 0.879457 0.0250108 0.0333638
0 0.450274 0.18461 0.0224856 0.0231746
0 0.522121 0.406188 0.0214877 0.0239763
0 0.0514294 0.327152 0.0289328 0.03155
0 0.99459 0.977822 0.0105406 0.039157
0 0.453017 0.993054 0.0342044 0.0138923
0 0.936991 0.778621 0.0286018 0.0244175
0 0.814379 0.915739 0.0243137 0.0231779
0 0.565794 0.239828 0.0306963 0.0284346
0 0.734729 0.771918 0.0391878 0.0312922
0 0.203176 0.650856 0.024838 0.0293941
0 0.278666 0.873893 0.0240614 0.0217371
0 0.744802 0.931125 0.0352942 0.031275
0 0.686139 0.951844 0.0280141 0.0238998
0 0.307862 0.865541 0.0224769 0.0186716
0 0.0954361 0.0519548 0.0297341 0.0312113
0 0.789242 0.167581 0.0282927 0.0244926
0 0.953748 0.222885 0.0272772 0.0192745
0 0.496955 0.0534656 0.026429 0.0208243
0 0.785359 0.271226 0.0353449 0.0421157
0 0.789019 0.799791 0.033493 0.0409843
0 0.839937 0.265483 0.0290278 0.0287361
0 0.402824 0.888935 0.0277547 0.0258341
0 0.17012 0.305236 0.0272469 0.0263783
0 0.872792 0.113269 0.027832 0.0255268
0 0.310446 0.615892 0.0241713 0.0199071
0 0.513294 0.534039 0.0254092 0.0426621
0 0.987184 0.298583 0.0256314 0.0370884
0 0.444765 0.993331 0.0181572 0.0133374
0 0.816157 0.295464 0.0293576 0.0336867
0 0.126159 0.109597 0.0393112 0.0279886
0 0.812272 0.976877 0.0245072 0.0207951
0 0.294086 0.583244 0.0335724 0.0418649
0 0.583462 0.599854 0.0395055 0.0390278
0 0.882191 0.354459 0.0322171 0.0369211
0 0.817952 0.159493 0.0290709 0.0275892
0 0.396077 0.678512 0.0291091 0.0327412
0 0.538438 0.367131 0.0187439 0.0132199
0 0.00844327 0.89135 0.0168865 0.0300269
0 0.247054 0.968317 0.0359468 0.0253942
0 0.308175 0.867944 0.0204678 0.0148879
0 0.563625 0.934563 0.0310875 0.0293595
0 0.677806 0.766269 0.0267785 0.0332171
0 0.82163 0.130972 0.0315678 0.0297048
0 0.420943 0.713161 0.0311559 0.032001
0 0.823175 0.671832 0.0310838 0.0395434
0 0.0334517 0.554388 0.0303749 0.025714
0 0.922105 0.215858 0.0273243 0.0208496
0 0.579565 0.378222 0.0194046 0.0183191
0 0.548309 0.0846599 0.0466221 0.0353591
0 0.931345 0.605445 0.0329816 0.0390461
0 0.591871 0.915788 0.0266782 0.021418
0 0.285268 0.432405 0.0314471 0.0294901
0 0.988464 0.535046 0.0230399 0.0353903
0 0.64144 0.348615 0.019851 0.0183875
0 0.55783 0.776334 0.02262 0.0180746
0 0.575582 0.503217 0.0240306 0.0241086
0 0.734359 0.667503 0.0311685 0.04259
0 0.316647 0.750295 0.0319029 0.0287446
0 0.33433 0.787016 0.0301167 0.0288696
0 0.579423 0.894405 0.018254 0.0176651
0 0.0779558 0.957073 0.040885 0.0335132
0 0.840117 0.98685 0.0275661 0.0252223
0 0.183914 0.104446 0.0278218 0.0226854
0 0.900734 0.0526659 0.0269701 0.0281877
0 0.351052 0.76247 0.0214428 0.0197945
0 0.212233 0.845236 0.0289685 0.019284
0 0.284773 0.0487065 0.0408672 0.0356733
0 0.130371 0.236619 0.0273111 0.0345022
0 0.490314 0.861587 0.0358572 0.0252669
0 0.106734 0.00717748 0.0308332 0.014355
0 0.651949 0.919587 0.0326431 0.0242894
0 0.223193 0.943267 0.0306117 0.0236784
0 0.677669 0.0142898 0.028107 0.0239952
0 0.849713 0.364478 0.0254815 0.0320035
0 0.555058 0.588726 0.0286005 0.0272073
0 0.586002 0.335825 0.0277117 0.0270679
0 0.567576 0.205867 0.0318215 0.0256266
0 0.374748 0.388947 0.0290167 0.030255
0 0.366985 0.601934 0.0250074 0.0223083
0 0.642699 0.991016 0.0246361 0.0176544
0 0.511164 0.773661 0.0219467 0.0218093
0 0.217777 0.945168 0.0293512 0.0218171
0 0.779767 0.366527 0.0293038 0.0253502
0 0.447394 0.0964575 0.0289086 0.017598
0 0.190142 0.518058 0.0317667 0.0331387
0 0.376573 0.921189 0.0278258 0.0303676
0 0.0585324 0.755501 0.0300751 0.0291041
0 0.962086 0.900918 0.022682 0.0168464
0 0.809733 0.515895 0.0313594 0.0213562
0 0.887852 0.00956381 0.0435495 0.0190504
0 0.994494 0.962505 0.0109522 0.0226583
0 0.43998 0.428447 0.0315502 0.0374714
0 0.755013 0.61059 0.0269363 0.0242256
0 0.518786 0.570376 0.0260141 0.0269567
0 0.714881 0.935897 0.0264785 0.024628
0 0.842286 0.715515 0.0301163 0.0265422
0 0.920307 0.525088 0.0311826 0.0342928
0 0.513344 0.543402 0.0244423 0.0255319
0 0.914839 0.0817455 0.0247036 0.0294195
0 0.358288 0.578849 0.0314803 0.0340357
0 0.043938 0.283264 0.0240959 0.0245553
0 0.0698898 0.0665323 0.0240586 0.0220975
0 0.923046 0.519626 0.0351389 0.0250663
0 0.823728 0.899365 0.0255205 0.0236148
0 0.583807 0.161622 0.0321534 0.023283
0 0.142136 0.321806 0.0315873 0.0211436
0 0.950873 0.546952 0.0368 0.0469326
0 0.0488217 0.650535 0.021655 0.0140209
0 0.917191 0.214472 0.0176817 0.0167036
0 0.681181 0.123222 0.0213409 0.0226061
0 0.528585 0.476492 0.0242302 0.0235576
0 0.00739816 0.886995 0.0147963 0.0210097
0 0.570511 0.241143 0.0395607 0.0338425
0 0.359974 0.955299 0.0271176 0.0196348
0 0.213028 0.542196 0.0291863 0.0191797
0 0.114174 0.179467 0.0327972 0.0279051
0 0.983051 0.100805 0.0245916 0.0222237
0 0.586342 0.595317 0.0317996 0.030691
0 0.986658 0.152536 0.0252471 0.0169728
0 0.517822 0.0719464 0.021606 0.0249108
0 0.390972 0.0457326 0.019954 0.019053
0 0.977086 0.671264 0.0248538 0.0249634
0 0.840698 0.819354 0.0326895 0.0283289
0 0.758913 0.623999 0.0189657 0.0158449
0 0.339011 0.875441 0.0272855 0.0203724
0 0.0348767 0.525579 0.0282208 0.0303622
0 0.0573655 0.650778 0.0378315 0.0161617
0 0.282362 0.224061 0.032364 0.0349235
0 0.515367 0.582586 0.0260701 0.0246726
0 0.762522 0.858396 0.0294663 0.0275952
0 0.471282 0.0408808 0.0262861 0.0215605
0 0.222436 0.683296 0.0279379 0.0289118
0 0.683843 0.289652 0.0278646 0.0348088
0 0.229586 0.310336 0.0263775 0.0183584
0 0.386739 0.0525318 0.0288459 0.0307619
0 0.946816 0.247932 0.0314903 0.0264464
0 0.856553 0.990071 0.0198709 0.0165035
0 0.233205 0.139808 0.0272612 0.0327116
0 0.374548 0.847417 0.025975 0.0352263
0 0.780557 0.892431 0.0263925 0.0193064
0 0.332832 0.183682 0.0348841 0.030729
0 0.623388 0.85707 0.0315995 0.0230408
0 0.102282 0.984165 0.0340906 0.0306372
0 0.131619 0.231604 0.0248265 0.0244995
0 0.791492 0.530974 0.0270919 0.020447
0 0.581045 0.775947 0.0259435 0.0194576
0 0.928441 0.510272 0.0277835 0.019713
0 0.53714 0.364788 0.0209464 0.0173811
0 0.892021 0.50429 0.0228612 0.0181148
0 0.995472 0.766961 0.00898516 0.0268933
0 0.638197 0.899 0.0239378 0.01822
0 0.555344 0.582249 0.0367548 0.0309294
0 0.217423 0.556249 0.0221992 0.0188764
0 0.431067 0.619611 0.0298829 0.0246828
0 0.920409 0.75436 0.0219519 0.0242683
0 0.494958 0.379085 0.0396637 0.0270851
0 0.0121023 0.955735 0.0242046 0.0252728
0 0.91793 0.217551 0.0198193 0.0225145
0 0.256241 0.431053 0.0271598 0.0523242
0 0.279886 0.905958 0.0212006 0.0162337
0 0.995988 0.763418 0.00797969 0.0197877
0 0.610726 0.576725 0.0344331 0.025019
0 0.229365 0.585856 0.0242827 0.0229609
0 0.185116 0.112696 0.0333699 0.0387216
0 0.00823929 0.490892 0.0164786 0.0259553
0 0.19008 0.176464 0.0355556 0.0399587
0 0.148938 0.703642 0.0300066 0.0263782
0 0.837288 0.01395 0.0474425 0.0278999
0 0.214605 0.958457 0.02709 0.0203962
0 0.0080358 0.737823 0.0160716 0.0553975
0 0.925686 0.32089 0.0387557 0.0315907
0 0.31285 0.106404 0.0269796 0.0319454
0 0.731109 0.286535 0.0320448 0.0276408
0 0.992947 0.00912375 0.0141055 0.0182475
0 0.840662 0.723964 0.0265051 0.0364373
0 0.29399 0.0894644 0.0255155 0.0353326
0 0.318834 0.747254 0.0271703 0.0230874
0 0.148459 0.980064 0.0262618 0.0213324
0 0.344782 0.363721 0.0285481 0.0343091
0 0.0974279 0.847063 0.0223388 0.0333226
0 0.642919 0.633036 0.0196804 0.0179865
0 0.689306 0.798599 0.0380713 0.0377278
0 0.0847331 0.549808 0.0215109 0.0231739
0 0.95676 0.138153 0.0314922 0.0318377
0 0.300761 0.286633 0.0353964 0.0269854
0 0.548133 0.981871 0.0411848 0.0362572
0 0.864803 0.0439253 0.0210468 0.0225628
0 0.653013 0.301436 0.0222898 0.0164381
0 0.603391 0.46336 0.029479 0.0322027
0 0.818875 0.908305 0.0331703 0.0358172
0 0.900262 0.978711 0.019728 0.0137742
0 0.63041 0.27791 0.0342196 0.031555
0 0.112956 0.380451 0.0235983 0.0261715
0 0.84979 0.303223 0.0203042 0.0262328
0 0.870065 0.240661 0.025775 0.0350559
0 0.025215 0.449561 0.0334628 0.036299
0 0.127292 0.995416 0.0167247 0.00916827
0 0.760608 0.431296 0.0367399 0.0379983
0 0.071861 0.438523 0.0254582 0.0203824
0 0.986875 0.163955 0.0259729 0.0239821
0 0.505381 0.660731 0.032852 0.0273207
0 0.586071 0.342662 0.0287058 0.0406921
0 0.891793 0.0836657 0.0231393 0.0180473
0 0.270444 0.665604 0.0260558 0.0264801
0 0.707416 0.733337 0.0325567 0.0498464
0 0.682961 0.476812 0.0251609 0.0187036
0 0.477227 0.464979 0.0362 0.0483806
0 0.144533 0.327323 0.0365099 0.0321034
0 0.567331 0.0295122 0.0256671 0.0232492
0 0.837699 0.579068 0.0256638 0.0262632
0 0.29635 0.596696 0.0209158 0.0158361
0 0.174019 0.707457 0.0273498 0.0248576
0 0.26521 0.736906 0.0187923 0.019569
0 0.994502 0.96692 0.0108386 0.0455491
0 0.554959 0.932998 0.0505582 0.0331184
0 0.659021 0.924231 0.0199804 0.0166873
0 0.577215 0.873908 0.0235234 0.0231907
0 0.0686529 0.800002 0.0320446 0.0272291
0 0.388755 0.724072 0.0281995 0.0241706
0 0.00315462 0.923587 0.00630924 0.0209536
0 0.849831 0.311752 0.0212318 0.042987
0 0.414449 0.397074 0.028129 0.0238713
0 0.213463 0.989667 0.0370977 0.0201202
0 0.204665 0.00290154 0.0212985 0.00580309
0 0.208527 0.143876 0.0270191 0.0229684
0 0.243006 0.520954 0.0218652 0.0227578
0 0.8412 0.150883 0.0282838 0.0258468
0 0.172325 0.986904 0.0390855 0.0258234
0 0.244446 0.861388 0.0274159 0.0213993
0 0.111798 0.969776 0.0419551 0.0341524
0 0.339964 0.194397 0.0332497 0.0328367
0 0.504543 0.379157 0.0205734 0.0215763
0 0.00771082 0.729801 0.0154216 0.0384851
0 0.329804 0.914674 0.02357 0.0293144
0 0.419482 0.707504 0.0278942 0.0212563
0 0.68568 0.478517 0.0196194 0.0147213
0 0.719264 0.387305 0.0272929 0.023412
0 0.484047 0.399562 0.0227579 0.0240316
0 0.335638 0.689325 0.0278928 0.0253546
0 0.99613 0.0994779 0.0077005 0.0201792
0 0.591319 0.420656 0.0310492 0.033257
0 0.224106 0.769468 0.0244485 0.0291732
0 0.947256 0.181428 0.0182115 0.0209567
0 0.301055 0.662556 0.030626 0.0526986
0 0.468129 0.130299 0.0205217 0.0191723
0 0.649788 0.573652 0.0274788 0.0300066
0 0.293936 0.576139 0.0308414 0.0273076
0 0.625442 0.137584 0.0250129 0.0191856
0 0.74747 0.932807 0.0296548 0.0244228
0 0.475474 0.472135 0.0338686 0.028012
0 0.486096 0.119892 0.0215023 0.0167567
0 0.295954 0.594383 0.0242867 0.0202377
0 0.0207681 0.926688 0.0317035 0.0299439
0 0.918029 0.226586 0.0207013 0.0405298
0 0.217126 0.604177 0.021297 0.0252792
0 0.815427 0.289255 0.0258785 0.0199212
0 0.120014 0.562909 0.0244579 0.0337097
0 0.896805 0.979917 0.0262198 0.0164214
0 0.00606522 0.606183 0.0121304 0.0217168
0 0.957039 0.663871 0.0241501 0.0295887
0 0.562248 0.48521 0.027989 0.0227303
0 0.586767 0.332967 0.0255671 0.0204335
0 0.762598 0.974621 0.0306124 0.0234404
0 0.355984 0.536002 0.0256149 0.0171695
0 0.336767 0.341353 0.0257088 0.0208014
0 0.68651 0.918781 0.0230254 0.0188779
0 0.860631 0.0717203 0.0345517 0.0395912
0 0.837491 0.989228 0.0220242 0.0207844
0 0.380295 0.927872 0.0197695 0.0166979
0 0.556849 0.894927 0.0262769 0.0240738
0 0.852554 0.988608 0.0277115 0.021848
0 0.713259 0.931992 0.0317636 0.0313689
0 0.352098 0.991741 0.0249191 0.0160658
0 0.22265 0.989186 0.0208837 0.0210069
0 0.0966822 0.33408 0.0246793 0.0235044
0 0.779349 0.522899 0.0333385 0.028763
0 0.0534069 0.15005 0.0234084 0.0167732
0 0.911557 0.94076 0.0369089 0.0281145
0 0.925371 0.522011 0.0403903 0.0423116
0 0.702715 0.0148973 0.0256283 0.0263038
0 0.993175 0.450805 0.0135236 0.0247586
0 0.120005 0.595199 0.0225592 0.0254831
0 0.684957 0.517437 0.0276216 0.0250648
0 0.822228 0.667038 0.0279129 0.0307757
0 0.888453 0.260433 0.0298118 0.0288239
0 0.536312 0.727631 0.040603 0.0331765
0 0.578917 0.77435 0.0223645 0.0159214
0 0.511631 0.777752 0.0239176 0.0291477
0 0.389619 0.0491822 0.0225939 0.0255878
0 0.629082 0.385798 0.0327277 0.0411928
0 0.745839 0.98871 0.0235102 0.0217759
0 0.957071 0.657596 0.0240673 0.041512
0 0.310563 0.458008 0.0315546 0.0353308
0 0.0753506 0.32348 0.0222232 0.0290538
0 0.157799 0.729598 0.0260978 0.0212
0 0.180145 0.539922 0.0257336 0.0178794
0 0.988876 0.294724 0.022034 0.032228
0 0.475104 0.0689462 0.0258435 0.0189598
0 0.893592 0.0905666 0.0274091 0.0320422
0 0.800679 0.770722 0.0281615 0.0383294
0 0.590044 0.914949 0.0292512 0.0276926
0 0.226549 0.280406 0.0457342 0.0408175
0 0.912285 0.805988 0.0406343 0.0302885
0 0.185043 0.123692 0.0346686 0.0608381
0 0.258794 0.957981 0.0198711 0.0137975
0 0.455589 0.790838 0.0307116 0.0339385
0 0.468665 0.640242 0.0331169 0.0418373
0 0.177643 0.834426 0.0264723 0.0277859
0 0.678267 0.0193384 0.0290115 0.0349491
0 0.621088 0.854279 0.0268461 0.0178415
0 0.996298 0.846507 0.00735456 0.0185884
0 0.255224 0.422866 0.0250517 0.0358658
0 0.830478 0.0132794 0.0353678 0.0260741
0 0.00448916 0.336592 0.00897832 0.0218444
0 0.21214 0.877642 0.0442463 0.0469201
0 0.0126884 0.579934 0.0253768 0.0374209
0 0.147345 0.458242 0.0184924 0.0263722
0 0.834352 0.482732 0.0267081 0.0316662
0 0.577062 0.882055 0.0247312 0.0400066
0 0.60121 0.0805646 0.0249118 0.0169056
0 0.593078 0.0102199 0.0344915 0.0204398
0 0.591851 0.388425 0.0179151 0.0249222
0 0.190508 0.522081 0.0298278 0.0246401
0 0.151678 0.670224 0.0212435 0.0242442
0 0.499552 0.379085 0.0302401 0.0237028
0 0.775774 0.518242 0.0254449 0.0196324
0 0.601417 0.0847263 0.0254442 0.0258558
0 0.486622 0.378736 0.025267 0.0185774
0 0.144054 0.873078 0.0225586 0.0156184
0 0.889856 0.314809 0.0296047 0.0262546
0 0.399198 0.674816 0.0353109 0.0403119
0 0.0512989 0.586922 0.027269 0.0235019
0 0.123573 0.106951 0.0337676 0.0218665
0 0.121035 0.937845 0.0300332 0.025731
0 0.80193 0.48812 0.0374087 0.0325756
0 0.1277 0.686101 0.0368499 0.0351562
0 0.92382 0.350201 0.0235959 0.0210828
0 0.893139 0.902594 0.0273575 0.0247089
