0 0.960248 0.595185 0.0795033 0.129048
0 0.0313289 0.902359 0.0626579 0.0682583
0 0.449456 0.437994 0.108425 0.101661
0 0.853428 0.411918 0.0720861 0.0781664
0 0.951025 0.588858 0.0979508 0.151969
0 0.97009 0.112217 0.0598197 0.0759993
0 0.759007 0.413572 0.0757709 0.0816338
0 0.952773 0.0299236 0.0944545 0.0598472
0 0.901507 0.152608 0.0929959 0.0878438
0 0.546179 0.685016 0.14196 0.0886554
0 0.523191 0.601436 0.100894 0.0751381
0 0.417444 0.220738 0.0523714 0.0734888
0 0.572267 0.684968 0.182168 0.0933723
0 0.856561 0.0999647 0.13688 0.117291
0 0.524994 0.694052 0.0811994 0.0902858
0 0.958879 0.456915 0.0799835 0.134261
0 0.863151 0.142935 0.105844 0.0806279
0 0.971518 0.131968 0.0569477 0.0816409
0 0.214606 0.472887 0.0876533 0.0672052
0 0.275537 0.809999 0.0761632 0.0756376
0 0.277292 0.44883 0.068007 0.108975
0 0.296138 0.927055 0.0555789 0.0767124
0 0.586545 0.70417 0.160479 0.123433
0 0.0987417 0.771656 0.0683727 0.0542656
0 0.824179 0.106375 0.202642 0.118033
0 0.878005 0.114023 0.131199 0.0976481
0 0.678372 0.225496 0.0796335 0.0825054
0 0.0493845 0.483237 0.098769 0.0855778
0 0.0232919 0.244844 0.0465839 0.0777619
0 0.359553 0.542853 0.153686 0.0833126
