0 0.462808 0.97438 0.0653576 0.0512396
0 0.977708 0.319336 0.0445838 0.12384
0 0.964644 0.936463 0.0704767 0.127074
0 0.0291319 0.837535 0.0582638 0.0636919
0 0.95637 0.623207 0.0869859 0.0959393
0 0.39225 0.38924 0.146272 0.072665
0 0.836539 0.222521 0.135102 0.0869583
0 0.807815 0.229517 0.109021 0.0710664
0 0.236663 0.727058 0.0973106 0.073835
0 0.155434 0.833832 0.0634801 0.0566418
0 0.976216 0.261696 0.047567 0.141366
0 0.890583 0.22506 0.0937966 0.0768231
0 0.0346548 0.966508 0.0664089 0.0669833
0 0.967742 0.109928 0.0645157 0.0893703
0 0.80625 0.173534 0.0923458 0.115343
0 0.44935 0.668039 0.116513 0.112651
0 0.262254 0.70444 0.078483 0.0773002
0 0.661319 0.891871 0.188339 0.0936075
0 0.364855 0.151919 0.073895 0.0647122
0 0.972307 0.15878 0.0550728 0.0814764
0 0.22486 0.609751 0.0898275 0.0705677
