0 0.939965 0.778615 0.119991 0.164387
0 0.81848 0.111583 0.362638 0.223165
0 0.931612 0.315189 0.136775 0.198275
0 0.703312 0.961653 0.206777 0.0766935
0 0.798676 0.0829522 0.315086 0.165904
0 0.968612 0.527358 0.0622089 0.18688
0 0.530347 0.23314 0.210596 0.171119
0 0.731888 0.664259 0.210652 0.1744
0 0.739477 0.846353 0.229499 0.17334
0 0.85548 0.956167 0.192009 0.0876653
0 0.0404334 0.201777 0.0808668 0.155538
0 0.902178 0.0341282 0.195643 0.0682565
0 0.75672 0.0640136 0.230232 0.128027
0 0.0846852 0.064486 0.16937 0.128972
0 0.763378 0.955003 0.334968 0.0899934
