0 0.105522 0.458912 0.211045 0.170602
0 0.920842 0.63312 0.158316 0.157077
0 0.390133 0.534061 0.200969 0.174658
0 0.771555 0.671846 0.183844 0.176563
0 0.661947 0.163485 0.376734 0.27997
0 0.220923 0.922516 0.263693 0.154969
0 0.804438 0.45588 0.205695 0.151537
0 0.790168 0.932129 0.198664 0.135741
0 0.425883 0.935459 0.209415 0.129083
0 0.944169 0.803337 0.111549 0.191866
0 0.571169 0.69302 0.222866 0.182318
0 0.608378 0.505059 0.207126 0.172385
0 0.0629943 0.810049 0.125989 0.18199
0 0.383796 0.928882 0.299676 0.142167
0 0.766961 0.108378 0.155081 0.139882
0 0.607364 0.892028 0.201843 0.175235
0 0.180814 0.736135 0.200018 0.172873
0 0.187513 0.60067 0.189025 0.141701
0 0.744508 0.134799 0.213078 0.206067
0 0.577355 0.201156 0.228231 0.199799
