0 0.940348 0.470218 0.119305 0.154243
0 0.0749425 0.66473 0.149885 0.154018
0 0.720436 0.454302 0.194088 0.170353
0 0.45705 0.490904 0.183773 0.156064
0 0.930517 0.817185 0.138965 0.166224
0 0.0827972 0.151648 0.165594 0.121398
0 0.463783 0.789319 0.211176 0.282427
0 0.0979295 0.0916916 0.195859 0.16812
0 0.768583 0.176551 0.168864 0.169263
0 0.756043 0.905225 0.241992 0.189551
0 0.468077 0.842694 0.206757 0.196484
0 0.460844 0.729604 0.204965 0.183944
0 0.680418 0.722527 0.181617 0.166409
0 0.422728 0.039675 0.199512 0.0793499
