0 0.939473 0.272806 0.121053 0.167606
0 0.462721 0.443545 0.202026 0.143309
0 0.262483 0.842897 0.198981 0.179103
0 0.0809578 0.497211 0.161916 0.168828
0 0.196903 0.26989 0.165156 0.131479
0 0.252254 0.415786 0.158053 0.157995
0 0.140919 0.121962 0.1823 0.171491
0 0.632176 0.734754 0.211504 0.188798
0 0.0748873 0.750117 0.149775 0.183054
0 0.284094 0.081109 0.155749 0.145986
0 0.0726183 0.913823 0.145237 0.158521
0 0.392848 0.957189 0.22919 0.0856223
0 0.676261 0.256107 0.185252 0.162013
0 0.418643 0.964194 0.194389 0.0716118
0 0.352051 0.701762 0.19619 0.196114
0 0.446501 0.121086 0.163397 0.14006
