0 0.195656 0.495874 0.195031 0.195787
0 0.367459 0.853246 0.20291 0.17911
0 0.24518 0.695195 0.23161 0.148524
0 0.501455 0.756477 0.189897 0.178845
0 0.879833 0.465404 0.240334 0.294221
0 0.0897081 0.0505347 0.179416 0.101069
0 0.114821 0.949915 0.22915 0.10017
0 0.671811 0.680069 0.207141 0.183134
0 0.83116 0.116859 0.33611 0.232417
0 0.891212 0.426294 0.217511 0.206715
0 0.88367 0.531825 0.22884 0.195172
0 0.355236 0.584248 0.191738 0.184171
0 0.896829 0.380192 0.200215 0.151847
0 0.965709 0.513668 0.0679097 0.193938
