0 0.0921876 0.727067 0.184375 0.187967
0 0.795636 0.931619 0.276327 0.136763
0 0.0866066 0.349991 0.173213 0.180649
0 0.331063 0.659511 0.192962 0.204512
0 0.143158 0.175411 0.208169 0.213027
0 0.429252 0.405539 0.209806 0.157215
0 0.469964 0.584059 0.183911 0.16391
0 0.931731 0.898534 0.13648 0.190006
0 0.0975533 0.268012 0.195107 0.195065
0 0.525023 0.287968 0.206868 0.16911
0 0.801656 0.26651 0.194576 0.154905
0 0.832297 0.904336 0.330605 0.187398
0 0.883923 0.907844 0.232153 0.184312
0 0.804759 0.556221 0.229179 0.207239
0 0.64577 0.0518528 0.272669 0.103706
0 0.381755 0.928417 0.256065 0.143165
