0 0.462808 0.97438 0.0653576 0.0512396
0 0.977708 0.319336 0.0445838 0.12384
0 0.964644 0.936463 0.0704767 0.127074
0 0.0291319 0.837535 0.0582638 0.0636919
0 0.95637 0.623207 0.0869859 0.0959393
0 0.39225 0.38924 0.146272 0.072665
0 0.836539 0.222521 0.135102 0.0869583
0 0.807815 0.229517 0.109021 0.0710664
0 0.236663 0.727058 0.0973106 0.073835
0 0.155434 0.833832 0.0634801 0.0566418
0 0.976216 0.261696 0.047567 0.141366
0 0.890583 0.22506 0.0937966 0.0768231
0 0.0346548 0.966508 0.0664089 0.0669833
