0 0.404795 0.674271 0.206339 0.191077
0 0.142725 0.410604 0.189206 0.182276
0 0.732749 0.967911 0.214752 0.0641782
0 0.142654 0.695144 0.285308 0.18604
0 0.0874386 0.917615 0.174877 0.164769
0 0.23927 0.974881 0.176347 0.0502381
0 0.668081 0.378943 0.259606 0.212383
0 0.358399 0.396879 0.240411 0.217949
0 0.0490951 0.474022 0.0981903 0.17149
0 0.736057 0.658072 0.222361 0.176687
0 0.757332 0.127063 0.199398 0.189448
0 0.779397 0.80414 0.201056 0.175525
0 0.44241 0.882078 0.247251 0.206646
0 0.702322 0.963671 0.289723 0.0726589
0 0.579381 0.784792 0.237724 0.220747
0 0.778908 0.142209 0.239358 0.23727
