0 0.450894 0.90868 0.0348886 0.0278103
0 0.954374 0.648184 0.0310546 0.0261043
0 0.219859 0.0134536 0.0282582 0.0250559
0 0.740595 0.420617 0.0312303 0.0273257
0 0.906573 0.502468 0.0268173 0.0252062
0 0.195547 0.117577 0.0303608 0.0279789
0 0.289533 0.842653 0.0284749 0.0258949
0 0.0924911 0.445603 0.0381161 0.0284699
0 0.0813876 0.372893 0.0305348 0.0261329
0 0.325658 0.223185 0.026712 0.0272186
0 0.641819 0.686762 0.0370207 0.0293566
0 0.303526 0.0391443 0.0287876 0.026481
0 0.416931 0.553764 0.0229943 0.0239663
0 0.939753 0.974888 0.0350888 0.0277847
0 0.372079 0.848932 0.0350605 0.0286245
0 0.186196 0.785078 0.0289429 0.0250507
0 0.18517 0.262371 0.0305704 0.0265129
0 0.52112 0.920926 0.0238687 0.0256552
0 0.795104 0.523312 0.0362222 0.0323529
0 0.547008 0.116976 0.0370005 0.0331376
0 0.510594 0.961363 0.0279669 0.0289242
0 0.252292 0.695643 0.0308173 0.027247
0 0.445127 0.700562 0.0370661 0.0288056
0 0.579856 0.537762 0.0287662 0.0240732
0 0.37703 0.673912 0.0245993 0.0223553
0 0.738422 0.290249 0.0281322 0.0239588
0 0.251567 0.582507 0.0339731 0.0234692
0 0.0869452 0.779914 0.035869 0.0279445
0 0.115363 0.338707 0.0283433 0.0273467
0 0.599357 0.86871 0.0429959 0.0344923
0 0.856061 0.753628 0.0290921 0.0263577
0 0.985431 0.0895605 0.0291381 0.0257376
0 0.399107 0.130186 0.0351749 0.0293648
0 0.873023 0.397507 0.0362902 0.0275711
0 0.193072 0.562248 0.0427704 0.0358315
0 0.186548 0.195222 0.0324224 0.0266387
0 0.275798 0.190569 0.0489293 0.0356295
0 0.922077 0.0113676 0.030099 0.0227352
0 0.693037 0.854788 0.0421817 0.0274548
0 0.332192 0.85709 0.0253907 0.0216763
0 0.77019 0.403026 0.0272326 0.0261173
0 0.760649 0.194567 0.0314385 0.0264711
0 0.732846 0.0425052 0.0260534 0.0250918
0 0.064144 0.517883 0.0294101 0.0231273
0 0.857056 0.519329 0.0306242 0.0263672
0 0.37558 0.725084 0.0387447 0.029476
0 0.0164616 0.238361 0.0329233 0.0295359
0 0.294817 0.936598 0.0375918 0.0337697
0 0.382269 0.0764077 0.0274112 0.0238013
0 0.174088 0.300757 0.0327813 0.0273092
0 0.312848 0.567517 0.0322444 0.0303749
0 0.669964 0.310493 0.0378936 0.0357878
0 0.540005 0.591253 0.035927 0.03061
0 0.715194 0.81596 0.0408036 0.032773
0 0.36248 0.483063 0.0310532 0.0299269
0 0.25823 0.448822 0.0254934 0.0243963
0 0.274355 0.484732 0.0327275 0.0286842
0 0.702784 0.503024 0.0372447 0.0310103
0 0.886277 0.104171 0.029506 0.0269346
0 0.503025 0.585628 0.0333283 0.0266244
0 0.347273 0.578379 0.0343943 0.0277551
0 0.632752 0.65862 0.0432014 0.0278845
0 0.115328 0.769036 0.0277928 0.0223827
0 0.988352 0.589297 0.0231841 0.0226015
0 0.240088 0.0484348 0.0306925 0.0276653
0 0.729561 0.738486 0.0470514 0.0247758
0 0.329118 0.0809946 0.0363305 0.0269847
0 0.0945917 0.269542 0.0303242 0.0249513
0 0.0420552 0.450343 0.0394921 0.0202408
0 0.272808 0.806516 0.0252945 0.0254499
0 0.964024 0.032553 0.0330027 0.0300485
0 0.179939 0.935001 0.0452059 0.0390786
0 0.614651 0.088739 0.0317943 0.0266915
0 0.144025 0.212275 0.0306117 0.0286677
0 0.115955 0.492631 0.0269846 0.0256354
0 0.486353 0.446777 0.0295906 0.026823
0 0.00665033 0.448754 0.0133007 0.0267621
0 0.301143 0.905126 0.0333263 0.0273763
0 0.0449639 0.0629868 0.0276463 0.0235548
0 0.646089 0.715298 0.0296509 0.0268878
0 0.718187 0.45724 0.032734 0.0249998
0 0.0121925 0.00547238 0.024385 0.0109448
0 0.495565 0.798041 0.0417929 0.0348158
0 0.0733846 0.1149 0.0393823 0.0349967
0 0.569714 0.907495 0.0358963 0.0375928
0 0.56765 0.22767 0.0330287 0.030406
0 0.849444 0.152682 0.0418516 0.0268171
0 0.123016 0.377599 0.0283584 0.0260735
0 0.833303 0.913011 0.0291871 0.0214534
0 0.952667 0.417937 0.0374955 0.0227767
0 0.242328 0.641848 0.0351106 0.0263594
0 0.300667 0.318676 0.0309737 0.029334
0 0.384862 0.411698 0.0302725 0.0256209
0 0.920074 0.822508 0.0302317 0.0248809
0 0.464709 0.461292 0.0336021 0.0274775
0 0.725108 0.163615 0.0303995 0.0233987
0 0.776183 0.676402 0.0287349 0.0242926
0 0.747745 0.503676 0.0345461 0.0311636
0 0.521126 0.142624 0.0380857 0.0294196
0 0.708253 0.255321 0.032803 0.0311654
0 0.703789 0.227054 0.0270205 0.0251656
0 0.0268466 0.429201 0.0304396 0.0265258
0 0.502926 0.0851621 0.0309225 0.0235804
0 0.561737 0.816375 0.0273756 0.0241611
0 0.364211 0.642634 0.0341326 0.0299426
0 0.548798 0.174274 0.0260137 0.0220812
0 0.893927 0.847548 0.0289034 0.0274349
0 0.917427 0.132287 0.025242 0.0271223
0 0.144713 0.338147 0.030442 0.0265376
0 0.406117 0.0616041 0.0275841 0.0262387
0 0.341705 0.255104 0.0294917 0.026204
0 0.53912 0.330197 0.0367088 0.0355177
0 0.607224 0.151289 0.0265462 0.0269084
0 0.84345 0.423847 0.0262504 0.0260481
0 0.495147 0.909268 0.023086 0.0245426
0 0.526858 0.298744 0.0297067 0.0273767
0 0.0538714 0.273387 0.0371029 0.034036
0 0.671805 0.468351 0.0319387 0.025493
0 0.574945 0.350179 0.0208327 0.0230127
0 0.948032 0.601554 0.0466344 0.0202998
0 0.430965 0.457853 0.0246072 0.0221785
0 0.854957 0.949659 0.0256587 0.026288
0 0.50197 0.665663 0.0327099 0.0259847
0 0.20858 0.614251 0.0275298 0.0268425
0 0.396851 0.519055 0.0401696 0.0242578
0 0.770234 0.440974 0.0210044 0.0223618
0 0.831403 0.230473 0.0271508 0.0209929
0 0.378164 0.692997 0.0286259 0.0210406
0 0.358752 0.437795 0.0355525 0.0324028
0 0.991422 0.626638 0.0169886 0.031634
0 0.85149 0.110063 0.0243538 0.0220509
0 0.818066 0.0975017 0.0323081 0.0271651
0 0.489385 0.0600658 0.0284568 0.0230478
0 0.0181106 0.26991 0.034252 0.0272718
0 0.291898 0.701839 0.0435454 0.0225055
0 0.742377 0.913699 0.0266668 0.0228207
0 0.224072 0.217746 0.0314851 0.0232028
0 0.853754 0.978117 0.0252557 0.0201641
0 0.126501 0.464839 0.0241049 0.0220745
0 0.605554 0.228726 0.0337178 0.0254021
0 0.542133 0.192048 0.0322407 0.0222891
0 0.555676 0.0513901 0.0308397 0.0287546
0 0.0152211 0.505645 0.0259542 0.0180945
0 0.932793 0.449135 0.0409028 0.0280426
0 0.406828 0.231361 0.0295025 0.0271395
0 0.403067 0.746542 0.0266182 0.0256819
0 0.515525 0.687043 0.0365379 0.0284566
0 0.779766 0.109023 0.0375256 0.0304903
0 0.817446 0.0697351 0.0333585 0.0227382
0 0.54403 0.992398 0.0281149 0.0152042
0 0.862163 0.427734 0.023344 0.0230398
0 0.859931 0.949084 0.034328 0.0262249
0 0.823451 0.40524 0.0244493 0.0241365
0 0.200688 0.466753 0.0317701 0.0274509
0 0.981379 0.506489 0.0329381 0.0242021
0 0.305774 0.120266 0.0235192 0.0238265
0 0.4383 0.399192 0.0299156 0.0244516
0 0.929605 0.402222 0.0363173 0.0259161
0 0.374467 0.361125 0.0356824 0.0295253
0 0.590066 0.725863 0.0234144 0.0227218
0 0.205732 0.335065 0.0259066 0.0224541
0 0.586463 0.0285033 0.0305706 0.0270035
0 0.638487 0.0786994 0.0236444 0.0291104
0 0.554673 0.765481 0.0261154 0.0270552
0 0.741126 0.126966 0.0339344 0.0308046
0 0.817901 0.88699 0.0280672 0.0205911
0 0.919986 0.163617 0.0299693 0.0251032
0 0.731276 0.0987843 0.0401074 0.0273636
0 0.261001 0.235123 0.0424304 0.0315107
0 0.798872 0.049251 0.0456043 0.0328249
0 0.824748 0.945803 0.0347019 0.0281079
0 0.110725 0.905497 0.0424253 0.0358839
0 0.977954 0.615871 0.0240873 0.0229113
0 0.0255391 0.360839 0.0315679 0.0287015
0 0.179755 0.334465 0.0257914 0.0248819
0 0.268648 0.411856 0.04448 0.0361176
0 0.717577 0.949188 0.0359228 0.0300534
0 0.82813 0.802416 0.0248203 0.0246283
0 0.871695 0.925964 0.0272846 0.0242675
0 0.0752935 0.0734429 0.0373152 0.0290764
0 0.658237 0.236108 0.0390277 0.0350281
0 0.113907 0.14731 0.0247789 0.0251991
0 0.453294 0.417797 0.0246579 0.0192732
0 0.730339 0.143224 0.0251993 0.017283
0 0.986838 0.56478 0.0262146 0.0288422
0 0.982082 0.563203 0.0358369 0.0284063
0 0.671434 0.197371 0.0271128 0.0196998
0 0.0349946 0.734502 0.0263032 0.0234327
0 0.00615984 0.377921 0.0123197 0.0320711
0 0.327217 0.522799 0.0489828 0.0314367
0 0.969912 0.915106 0.0270663 0.0208532
0 0.703827 0.197965 0.0267681 0.0205344
0 0.586272 0.38426 0.0407094 0.0325276
0 0.88406 0.989173 0.0372115 0.0216532
0 0.874992 0.0621004 0.0213692 0.0246629
0 0.540406 0.716389 0.0282505 0.0260221
0 0.952407 0.567811 0.0241619 0.0222356
0 0.302493 0.811483 0.0251023 0.0231622
0 0.565664 0.659688 0.0350896 0.0257527
0 0.419546 0.204059 0.0401503 0.0366488
0 0.852052 0.424793 0.039752 0.0281162
0 0.900151 0.192241 0.0300598 0.0198034
0 0.611351 0.736046 0.0280336 0.0297495
0 0.297985 0.744209 0.0244092 0.0243285
0 0.355698 0.014271 0.030528 0.028542
0 0.470483 0.139753 0.02723 0.0238894
0 0.121277 0.230564 0.0286297 0.0215863
0 0.514037 0.718935 0.0338071 0.0226334
0 0.948679 0.887103 0.0274988 0.0219695
0 0.024875 0.0321171 0.0343915 0.0248712
0 0.731125 0.765318 0.0279788 0.0225242
0 0.448338 0.439968 0.0289654 0.0226643
0 0.170054 0.868987 0.0313927 0.028132
0 0.798841 0.870981 0.0455619 0.0251882
0 0.122421 0.982856 0.0528928 0.0335621
0 0.449641 0.436431 0.0310329 0.0312235
0 0.45312 0.824772 0.0259324 0.0279441
0 0.807076 0.849615 0.0336589 0.0225414
0 0.485574 0.511844 0.0316372 0.0311579
0 0.29254 0.0105926 0.0415203 0.0211853
0 0.486161 0.308679 0.023875 0.0187326
0 0.803076 0.807396 0.0258321 0.0297627
0 0.626118 0.0362648 0.0260757 0.0287003
0 0.616062 0.506774 0.0291959 0.0244394
0 0.693871 0.963609 0.0350339 0.0294216
0 0.847425 0.609469 0.0332732 0.0339449
0 0.0896821 0.201091 0.0408261 0.029243
0 0.29827 0.389336 0.039836 0.0299043
0 0.186105 0.711557 0.0315534 0.0272695
0 0.417735 0.212166 0.0397572 0.0343947
0 0.283246 0.120626 0.0218608 0.0219224
0 0.0653186 0.360156 0.025091 0.0295322
0 0.167684 0.668957 0.0343007 0.0257479
0 0.655512 0.767882 0.0282087 0.0226706
0 0.299842 0.82661 0.023052 0.0233266
0 0.8967 0.0628581 0.0278848 0.0329883
0 0.598474 0.689575 0.0439836 0.026455
0 0.860699 0.137522 0.0289539 0.0202647
0 0.655391 0.990655 0.0212846 0.0186904
0 0.44054 0.520296 0.0386467 0.0278301
0 0.78785 0.937141 0.0291089 0.0296914
0 0.932642 0.928604 0.0322984 0.0287727
0 0.908364 0.986614 0.0312942 0.026772
0 0.488141 0.253825 0.0423197 0.0402628
0 0.56634 0.680423 0.0264471 0.0197901
0 0.0795577 0.368772 0.0324527 0.028852
0 0.5835 0.190957 0.032496 0.0287868
0 0.690089 0.957455 0.0273925 0.0282789
0 0.894706 0.0578369 0.0266367 0.0262615
0 0.714935 0.385957 0.0612954 0.0622694
0 0.199226 0.471963 0.0326963 0.0352835
0 0.305855 0.823091 0.0265884 0.0170344
0 0.525192 0.405062 0.0199033 0.0245438
0 0.848124 0.927414 0.0222365 0.0237812
0 0.256465 0.993652 0.0313656 0.0126951
0 0.892616 0.184164 0.0446994 0.0326082
0 0.485192 0.360266 0.0372062 0.0322066
0 0.943618 0.59196 0.0378997 0.0272926
0 0.545504 0.620676 0.0310217 0.0278747
0 0.397264 0.327477 0.0476569 0.0344535
0 0.623941 0.773393 0.0332721 0.0362577
0 0.855821 0.97527 0.0298658 0.0265471
0 0.856136 0.0280057 0.0315811 0.0243402
0 0.12051 0.487318 0.030528 0.0250373
0 0.0307399 0.432015 0.0341546 0.0262253
0 0.399422 0.744788 0.0348894 0.0275227
0 0.250637 0.794194 0.0360782 0.0327405
0 0.629358 0.0427882 0.0308707 0.0395929
0 0.318777 0.745306 0.026567 0.0236899
0 0.49707 0.911789 0.0273837 0.0284761
0 0.199085 0.711399 0.0284834 0.0243558
0 0.916481 0.963773 0.0268382 0.0233218
0 0.745376 0.413607 0.0296977 0.0251279
0 0.449448 0.908265 0.0439461 0.0330638
0 0.902277 0.927963 0.0265958 0.0248425
0 0.566601 0.0314921 0.025942 0.026828
0 0.262225 0.925649 0.0326949 0.0223142
0 0.835172 0.0355894 0.0234812 0.0303116
0 0.338674 0.401588 0.0205346 0.0241392
0 0.422254 0.218387 0.0337566 0.019936
0 0.52413 0.690491 0.0343288 0.0290957
0 0.877564 0.812538 0.0389677 0.0371473
0 0.28876 0.835864 0.0322542 0.0347149
0 0.513561 0.678429 0.0376113 0.0192596
0 0.286054 0.700441 0.0392005 0.0244261
0 0.665262 0.605199 0.0415304 0.0277917
0 0.129117 0.0432953 0.0299502 0.0268305
0 0.0985968 0.167329 0.0221281 0.0205021
0 0.587657 0.665622 0.0234948 0.0218524
0 0.781083 0.102983 0.0397485 0.037293
0 0.64649 0.784983 0.025999 0.0194361
0 0.808439 0.0594858 0.0420601 0.0271263
0 0.727036 0.150098 0.0313282 0.0294025
0 0.441058 0.530037 0.0411279 0.0221812
0 0.569928 0.744057 0.024349 0.0320873
0 0.737363 0.624919 0.0287914 0.0243298
0 0.573946 0.0312227 0.038376 0.0273278
0 0.358246 0.444466 0.0366569 0.0345913
0 0.0126796 0.917369 0.0253592 0.0302634
0 0.240906 0.98726 0.0623173 0.025481
0 0.278251 0.100856 0.0295219 0.0222582
0 0.288304 0.191644 0.0337134 0.0323281
0 0.623385 0.990817 0.0344558 0.018366
0 0.449387 0.416721 0.031778 0.0213998
0 0.86083 0.443223 0.0266844 0.0212306
