0 0.134855 0.984266 0.0356634 0.0314689
0 0.988598 0.596775 0.0228049 0.0300166
0 0.975034 0.992227 0.0377227 0.0155463
0 0.884746 0.00594466 0.0331409 0.0118893
0 0.819025 0.133794 0.0330238 0.0275969
0 0.889334 0.0408063 0.0250493 0.0251809
0 0.893927 0.14829 0.0254288 0.0241422
0 0.902046 0.497606 0.0427387 0.024293
0 0.183159 0.993357 0.040831 0.0132851
0 0.010787 0.684886 0.021574 0.0269008
0 0.0283114 0.92367 0.0374568 0.0325699
0 0.969614 0.095973 0.0256637 0.0252879
0 0.501298 0.510914 0.0348237 0.0287664
0 0.235898 0.145503 0.0299853 0.0260857
0 0.630185 0.738223 0.036434 0.0277914
0 0.610187 0.812433 0.0397114 0.028856
0 0.365933 0.290456 0.0305559 0.0252258
0 0.451861 0.971891 0.0302402 0.0257829
0 0.906062 0.21591 0.0293521 0.0264952
0 0.474059 0.491739 0.033635 0.0289756
0 0.43505 0.535292 0.0328599 0.0288401
0 0.300965 0.406449 0.0307762 0.0296384
0 0.75924 0.236534 0.0380657 0.0310728
0 0.729774 0.462432 0.0350643 0.0276546
0 0.895705 0.85147 0.0353398 0.0328931
0 0.937603 0.0445986 0.0323354 0.0285151
0 0.393778 0.503718 0.0270559 0.022444
0 0.906613 0.977726 0.047348 0.0366982
0 0.765848 0.312591 0.0357528 0.0304326
0 0.141156 0.310161 0.0440253 0.022316
0 0.990463 0.345364 0.0190749 0.0277078
0 0.105877 0.370277 0.027826 0.0264026
0 0.766691 0.821435 0.0317616 0.0280662
0 0.371361 0.797098 0.0303556 0.0246761
0 0.723657 0.145548 0.0289521 0.0291496
0 0.754322 0.0414178 0.0296898 0.0265044
0 0.993562 0.129408 0.0127576 0.0247712
0 0.938645 0.993398 0.0338572 0.0132031
0 0.950532 0.960492 0.0313032 0.0235854
0 0.963678 0.89752 0.0327534 0.0280219
0 0.170797 0.843349 0.0330932 0.0282382
0 0.137994 0.893038 0.042285 0.029845
0 0.0679209 0.686494 0.0330238 0.0265363
0 0.984346 0.301331 0.031308 0.0259397
0 0.672657 0.489129 0.0295199 0.0250862
0 0.685361 0.156962 0.0270656 0.024988
0 0.0149989 0.226834 0.0299978 0.0330821
0 0.263792 0.200957 0.0233282 0.0221064
0 0.175955 0.782102 0.0266029 0.0246353
0 0.570236 0.470582 0.0367059 0.0300612
0 0.358157 0.675509 0.0342455 0.0289469
0 0.618479 0.407423 0.0347146 0.0292214
0 0.0787887 0.304134 0.0266312 0.0223835
0 0.858024 0.130549 0.0271781 0.025554
0 0.392828 0.547118 0.0312491 0.0242608
0 0.986821 0.876541 0.0262718 0.0268366
0 0.713638 0.709724 0.0315447 0.0246368
0 0.131043 0.432458 0.0286201 0.0244856
0 0.0437781 0.0100968 0.0328608 0.0201936
0 0.706949 0.647366 0.0414111 0.032598
0 0.45081 0.976031 0.0372955 0.0351936
0 0.344343 0.143698 0.0285261 0.0240981
0 0.934028 0.528529 0.0392942 0.0287297
0 0.665701 0.610643 0.038144 0.0289477
0 0.59078 0.627559 0.0324464 0.027859
0 0.718301 0.565876 0.0332826 0.0321499
0 0.520967 0.055779 0.0370779 0.0312943
0 0.302136 0.334135 0.0271769 0.0236299
0 0.277691 0.0581372 0.0279153 0.0239104
0 0.472969 0.801035 0.0348318 0.0317194
0 0.774748 0.00844708 0.0234982 0.0168942
0 0.717598 0.0463018 0.0324868 0.0240051
0 0.118907 0.574245 0.0408975 0.0358746
0 0.237216 0.273521 0.0467635 0.0288095
0 0.0258676 0.977289 0.0393803 0.0321061
0 0.739274 0.757944 0.0287137 0.0280794
0 0.490865 0.111416 0.0358887 0.0266015
0 0.62113 0.541844 0.029047 0.0396771
0 0.0805932 0.461561 0.0337511 0.0294589
0 0.267618 0.674861 0.0291996 0.0242416
0 0.463755 0.654358 0.0316228 0.0259103
0 0.900511 0.0843946 0.0368343 0.02511
0 0.871506 0.819348 0.034364 0.0301319
0 0.672478 0.208103 0.0309349 0.0304999
0 0.265489 0.117313 0.0338103 0.0306064
0 0.183416 0.144958 0.0296289 0.0202527
0 0.419355 0.466134 0.0405208 0.0285279
0 0.823364 0.712263 0.0266254 0.025735
0 0.0445864 0.714405 0.0304753 0.0263714
0 0.387462 0.169846 0.0279871 0.0235917
0 0.826391 0.543577 0.0352185 0.0296006
0 0.830155 0.577465 0.0295581 0.0270339
0 0.137758 0.75717 0.0412821 0.0277901
0 0.118166 0.959371 0.0262294 0.026003
0 0.400394 0.784638 0.0347653 0.0294075
0 0.406926 0.629062 0.0291397 0.0269158
0 0.252042 0.169408 0.0271882 0.0214298
0 0.679231 0.353609 0.0407851 0.0310249
0 0.946254 0.472869 0.0500639 0.0259488
0 0.698789 0.612255 0.0256587 0.0227153
0 0.877061 0.0936446 0.0245458 0.022919
0 0.639409 0.439072 0.0291616 0.0286444
0 0.569027 0.549517 0.0334603 0.0249449
0 0.725767 0.516522 0.0287493 0.0253127
0 0.813202 0.78236 0.0269805 0.0230134
0 0.342966 0.504749 0.033274 0.0310549
0 0.831675 0.20913 0.0315343 0.0247092
0 0.330841 0.610878 0.03736 0.0331005
0 0.146228 0.625445 0.0297724 0.0212923
0 0.4636 0.690456 0.0351003 0.0292505
0 0.839862 0.408032 0.0323651 0.0278287
0 0.972038 0.190119 0.030992 0.0253339
0 0.576616 0.517476 0.0333768 0.0248464
0 0.397547 0.397364 0.0220505 0.0341412
0 0.281239 0.517933 0.0342345 0.0274549
0 0.0498928 0.112615 0.0258897 0.0234137
0 0.244401 0.713139 0.0322112 0.0285203
0 0.961482 0.923277 0.0247054 0.022567
0 0.146524 0.829332 0.0294458 0.026668
0 0.841374 0.189474 0.0268882 0.0214015
0 0.895828 0.783583 0.041958 0.0336848
0 0.59947 0.867245 0.0328687 0.0301932
0 0.96323 0.363345 0.0376703 0.0235302
0 0.0865597 0.494198 0.0252174 0.0254524
0 0.776847 0.969475 0.0332847 0.0283079
0 0.246271 0.493276 0.0265055 0.0246088
0 0.0546557 0.219438 0.0390796 0.0268831
0 0.547982 0.654967 0.037974 0.0349658
0 0.018636 0.849824 0.0345757 0.0249841
0 0.478368 0.720417 0.0314132 0.0261967
0 0.135993 0.285484 0.0460294 0.0271277
0 0.83731 0.890483 0.0276776 0.0303558
0 0.705282 0.976785 0.033811 0.026886
0 0.83565 0.605336 0.0412567 0.0284236
0 0.40977 0.465369 0.0266807 0.029709
0 0.861635 0.868264 0.0297251 0.0267818
0 0.44938 0.326065 0.040343 0.0373235
0 0.135866 0.197255 0.025633 0.0235267
0 0.200465 0.730656 0.0349128 0.0334838
0 0.235153 0.627135 0.0255236 0.0185063
0 0.666783 0.10308 0.0827609 0.0846232
0 0.0835576 0.303037 0.0370084 0.0238072
0 0.74856 0.561185 0.0296358 0.0249977
0 0.533 0.859452 0.0619718 0.0433063
0 0.858032 0.22895 0.0298004 0.026704
0 0.569414 0.820042 0.0515348 0.0339615
0 0.0680264 0.934149 0.0308025 0.0276784
0 0.931518 0.133141 0.0180061 0.020743
0 0.114557 0.74446 0.0272122 0.023241
0 0.760764 0.500345 0.0299571 0.0312386
0 0.979627 0.727872 0.0397399 0.0341301
0 0.796418 0.191423 0.0420108 0.0295162
0 0.96436 0.768055 0.031401 0.0288283
0 0.165814 0.202134 0.027283 0.024089
0 0.339085 0.40242 0.0307143 0.0255839
0 0.809013 0.0554197 0.025476 0.022619
0 0.503748 0.0199156 0.0316245 0.0255941
0 0.364669 0.0918117 0.0245286 0.0258323
0 0.370055 0.400999 0.0300795 0.0255031
0 0.0849458 0.268395 0.0261919 0.0226309
0 0.858642 0.223443 0.0319961 0.0357268
0 0.829145 0.65275 0.0297584 0.0241893
0 0.958419 0.825372 0.0314457 0.0293608
0 0.670868 0.855626 0.0429658 0.0381076
0 0.741674 0.924171 0.0274009 0.0288379
0 0.212528 0.431783 0.0330907 0.0408963
0 0.954207 0.961537 0.0368569 0.0277742
0 0.19878 0.714399 0.0342688 0.0233835
0 0.954741 0.655272 0.0300984 0.0296783
0 0.365447 0.362893 0.0324975 0.0219295
0 0.991324 0.374049 0.017351 0.0243738
0 0.122882 0.617836 0.0363625 0.0261893
0 0.926711 0.879934 0.0249352 0.0188293
0 0.270062 0.991862 0.0324576 0.0162763
0 0.0933951 0.110077 0.0275832 0.021796
0 0.550289 0.0315296 0.0358444 0.02785
0 0.0424149 0.376201 0.032691 0.0234716
0 0.899073 0.112216 0.0378759 0.0219956
0 0.0426911 0.851224 0.0297997 0.022891
0 0.961511 0.92055 0.0296948 0.0275646
0 0.586453 0.910797 0.0408261 0.0338075
0 0.435494 0.386283 0.0302277 0.0280412
0 0.87859 0.0925308 0.0284982 0.0289449
0 0.833625 0.0578015 0.0257441 0.0212526
0 0.291722 0.537189 0.0270152 0.0263174
0 0.708296 0.976884 0.0431388 0.0316789
0 0.253273 0.0177852 0.0361052 0.0355704
0 0.96598 0.625064 0.0271384 0.0229512
0 0.868043 0.370195 0.0377796 0.0273084
0 0.460829 0.98016 0.0550925 0.0388943
0 0.947146 0.604692 0.0427999 0.0315101
0 0.94287 0.86123 0.0292069 0.023829
0 0.531864 0.603979 0.0337052 0.028962
0 0.477459 0.300799 0.0283147 0.0248235
0 0.86341 0.783782 0.026576 0.0249569
0 0.29078 0.105631 0.0256625 0.025695
0 0.69185 0.698684 0.0254936 0.0250897
0 0.0173874 0.171914 0.0322296 0.0237695
0 0.141647 0.987525 0.0317603 0.0249509
0 0.252696 0.96425 0.065897 0.0476171
0 0.992192 0.768441 0.015566 0.023972
0 0.8701 0.414438 0.0252356 0.0237837
0 0.215315 0.617278 0.0258829 0.02216
0 0.226432 0.219928 0.0382174 0.0229211
0 0.299217 0.191657 0.0330492 0.0228419
0 0.469563 0.988665 0.0410365 0.0226697
0 0.0771968 0.204592 0.0323987 0.0268389
0 0.474691 0.983591 0.0300412 0.0319322
0 0.371327 0.21277 0.0254826 0.0229979
0 0.239623 0.341272 0.0679273 0.0708376
0 0.389215 0.100651 0.0251423 0.0236696
0 0.191334 0.500332 0.0350104 0.0244765
0 0.702986 0.154557 0.0232499 0.022048
0 0.306516 0.205662 0.0442753 0.0285887
0 0.0465205 0.0122855 0.0387704 0.024571
0 0.751597 0.352037 0.0313891 0.0215319
0 0.65316 0.0127959 0.0447545 0.0255919
0 0.425389 0.764679 0.0422044 0.021176
0 0.932417 0.860495 0.0359734 0.0247546
0 0.988034 0.289036 0.0239325 0.0383214
0 0.439669 0.0309723 0.0447996 0.036094
0 0.952194 0.604351 0.0304248 0.0297643
0 0.660535 0.911135 0.0401844 0.0378466
0 0.868517 0.687996 0.0254962 0.0212274
0 0.854074 0.646914 0.0216289 0.0320683
0 0.0256642 0.979729 0.0513284 0.0368682
0 0.215649 0.49389 0.0266119 0.0244087
0 0.877088 0.727449 0.0349326 0.0213674
0 0.622481 0.00544569 0.0335256 0.0108914
0 0.550843 0.505617 0.0299343 0.0301646
0 0.640124 0.673872 0.0408077 0.0345072
0 0.253756 0.226386 0.0421799 0.0275459
0 0.911129 0.701251 0.0343441 0.0213625
0 0.27774 0.241458 0.0527322 0.0264293
0 0.881242 0.885635 0.0226537 0.0194333
0 0.990728 0.369251 0.018433 0.0288585
0 0.868515 0.785752 0.0262629 0.0272733
0 0.20058 0.736443 0.031556 0.0232214
0 0.820777 0.162705 0.0242393 0.0205117
0 0.981481 0.647311 0.0277007 0.0265065
0 0.897259 0.633423 0.0297841 0.0224427
0 0.0301266 0.501447 0.0386689 0.0278125
0 0.0239001 0.503844 0.0258637 0.0229595
0 0.417441 0.394138 0.02183 0.0230826
0 0.299791 0.198704 0.0357009 0.0348056
0 0.365807 0.211095 0.035979 0.0256811
0 0.363582 0.378461 0.0403679 0.018894
0 0.142157 0.109193 0.0274147 0.0236896
0 0.441692 0.646849 0.0325213 0.0347701
0 0.082371 0.484213 0.0345489 0.0193247
0 0.988506 0.827373 0.0228482 0.0241657
0 0.390673 0.140214 0.0358289 0.0274587
0 0.437732 0.0342943 0.0365211 0.0306541
0 0.682873 0.9551 0.0297456 0.0265149
0 0.819276 0.140556 0.0317667 0.0362075
0 0.047139 0.546945 0.0412346 0.0314127
0 0.907866 0.112145 0.051722 0.0238119
0 0.796385 0.184791 0.0407249 0.0320301
0 0.0567709 0.42552 0.0395762 0.028048
0 0.315378 0.528454 0.0353403 0.0253283
0 0.136411 0.196996 0.0342565 0.0299747
0 0.918231 0.434632 0.0334758 0.0240464
0 0.760322 0.239194 0.0457039 0.0380295
0 0.94233 0.916086 0.0216197 0.0256059
0 0.450344 0.0339441 0.0302881 0.0266907
0 0.843854 0.207288 0.0349296 0.0204897
0 0.857766 0.0711676 0.0228741 0.0191844
0 0.568438 0.598538 0.0446591 0.0292527
0 0.151364 0.115314 0.043977 0.0373313
0 0.873751 0.873425 0.0316309 0.0284455
0 0.0904948 0.324757 0.0314937 0.0230222
0 0.691305 0.699772 0.0332025 0.0302819
0 0.0799793 0.12354 0.0419852 0.0265542
0 0.79623 0.167178 0.032547 0.0270352
0 0.856585 0.30841 0.0338446 0.0274909
0 0.908146 0.387964 0.0277577 0.022227
0 0.983063 0.290343 0.0338743 0.0438564
0 0.952304 0.451043 0.0322334 0.0236591
0 0.857449 0.704043 0.0265449 0.0221879
0 0.842679 0.686593 0.0262716 0.0300481
0 0.148592 0.955041 0.032823 0.0329152
0 0.455764 0.986603 0.0479926 0.0267944
0 0.0458499 0.11043 0.0348333 0.0301601
0 0.695388 0.0329209 0.0251092 0.025554
0 0.429346 0.638701 0.0180294 0.0254561
0 0.0303114 0.851279 0.0569311 0.0285807
