0 0.00803877 0.524438 0.0160775 0.0307633
0 0.315041 0.93654 0.0275781 0.0214944
0 0.671168 0.620056 0.0279924 0.0265356
0 0.236482 0.617467 0.0309989 0.0266163
0 0.98479 0.554155 0.0300196 0.0244139
0 0.986845 0.729218 0.0263092 0.0274501
0 0.757732 0.98727 0.0249678 0.0254595
0 0.63272 0.548582 0.028151 0.0248676
0 0.987085 0.944883 0.0258293 0.0291651
0 0.74301 0.537355 0.0285699 0.0233548
0 0.837707 0.70834 0.0294555 0.0255572
0 0.919694 0.991017 0.0297458 0.0179651
0 0.169805 0.894657 0.0266611 0.0257063
0 0.485022 0.603409 0.0269683 0.0238489
0 0.874622 0.636677 0.039737 0.025424
0 0.656645 0.107861 0.0276086 0.0242968
0 0.698894 0.515868 0.0247323 0.0213534
0 0.542651 0.227738 0.029422 0.0240425
0 0.790975 0.647201 0.0296392 0.0268469
0 0.478266 0.772648 0.0290218 0.023985
0 0.208033 0.592237 0.0273615 0.0263721
0 0.396706 0.686252 0.0270663 0.0271508
0 0.518931 0.293063 0.0276061 0.0246862
0 0.881763 0.973441 0.025136 0.0274052
0 0.623942 0.623787 0.0411791 0.0246964
0 0.0111675 0.360914 0.022335 0.0232447
0 0.107705 0.903647 0.0316541 0.0234365
0 0.671793 0.989841 0.0252857 0.0203187
0 0.530239 0.445748 0.0278133 0.02334
0 0.747226 0.903276 0.0266993 0.0237949
0 0.450876 0.394808 0.0272827 0.0241683
0 0.69726 0.386922 0.0260859 0.0234183
0 0.533223 0.621088 0.0229592 0.0226631
0 0.877411 0.447801 0.02746 0.0256405
0 0.802956 0.901092 0.0231483 0.0211073
0 0.856977 0.971679 0.0277513 0.0292963
0 0.0113002 0.99245 0.0226004 0.0151
0 0.993854 0.495972 0.012292 0.0274407
0 0.0309889 0.92605 0.0318982 0.0255131
0 0.0462242 0.437001 0.0312561 0.0266322
0 0.991631 0.366847 0.0167389 0.0265647
0 0.661187 0.742069 0.0337103 0.023393
0 0.612974 0.267436 0.023724 0.0225586
0 0.0143326 0.439797 0.0286653 0.0249182
0 0.788483 0.130462 0.0303202 0.0249218
0 0.0228962 0.117942 0.029882 0.0229467
0 0.621593 0.862454 0.0292761 0.025583
0 0.527336 0.842231 0.0240512 0.0217032
0 0.71516 0.654684 0.0329361 0.0265635
0 0.348577 0.880903 0.0272999 0.0274062
0 0.935675 0.920845 0.0354126 0.0257173
0 0.108246 0.349598 0.031149 0.0265089
0 0.902637 0.615742 0.024408 0.023294
0 0.237107 0.494103 0.0280705 0.0233864
0 0.55158 0.307084 0.0279226 0.0259096
0 0.618263 0.229604 0.0278512 0.024748
0 0.297251 0.714066 0.024767 0.0243257
0 0.465368 0.29128 0.0289952 0.0247713
0 0.48383 0.461795 0.0299151 0.0220655
0 0.289769 0.879305 0.027875 0.0258911
0 0.519727 0.891996 0.0294924 0.0265316
0 0.825516 0.0293751 0.0267455 0.0235042
0 0.394001 0.0578716 0.0265811 0.022772
0 0.413689 0.958876 0.02744 0.0244318
0 0.337907 0.412772 0.0269706 0.0261409
0 0.43865 0.694072 0.0301351 0.0262759
0 0.115474 0.224758 0.0260253 0.0222404
0 0.693775 0.948226 0.0330783 0.0206309
0 0.665503 0.0698 0.0247427 0.0231583
0 0.703901 0.974028 0.0267425 0.0222366
0 0.554906 0.71881 0.0317512 0.0280148
0 0.947734 0.36642 0.0265756 0.0252574
0 0.421818 0.0952505 0.0289489 0.0284036
0 0.820361 0.86768 0.0264645 0.0240675
0 0.237771 0.803598 0.0245817 0.0207594
0 0.741418 0.16341 0.0258292 0.0228881
0 0.729586 0.958849 0.0300496 0.0258352
0 0.00642446 0.0252674 0.0128489 0.0266612
0 0.779107 0.893986 0.0282854 0.0234572
0 0.274442 0.631677 0.0238682 0.0273068
0 0.377733 0.71524 0.0248671 0.0230381
0 0.687411 0.732788 0.0293264 0.0242755
0 0.567816 0.392956 0.0283713 0.0246305
0 0.890491 0.52498 0.0226864 0.0235192
0 0.676302 0.344074 0.0257314 0.025178
0 0.338877 0.955102 0.0290315 0.0244738
0 0.778913 0.405939 0.0270696 0.0261853
0 0.275372 0.701521 0.0260895 0.0233495
0 0.122501 0.81749 0.0284617 0.0236621
0 0.712971 0.145058 0.0337322 0.0268867
0 0.942595 0.00487876 0.0260223 0.00975752
0 0.991729 0.445526 0.0165116 0.0312438
0 0.318588 0.567303 0.0362719 0.0283954
0 0.48294 0.991975 0.0292695 0.016049
0 0.963507 0.427848 0.029011 0.0217652
0 0.00951986 0.103265 0.0190397 0.0229972
0 0.431795 0.048935 0.0305562 0.0209403
0 0.722388 0.189642 0.0248249 0.0234143
0 0.879506 0.726276 0.0355741 0.0304871
0 0.949121 0.984083 0.0266467 0.0244907
0 0.303241 0.495437 0.0264025 0.0227094
0 0.641074 0.0286388 0.0269761 0.0266408
0 0.879808 0.701106 0.0257303 0.0219024
0 0.894285 0.216828 0.0265009 0.0227067
0 0.544628 0.426503 0.0275534 0.0224578
0 0.325738 0.991273 0.0288969 0.0174534
0 0.549525 0.778272 0.024655 0.024349
0 0.334636 0.344005 0.0352388 0.0256985
0 0.115809 0.850926 0.0304892 0.0234285
0 0.455853 0.777069 0.0245805 0.021711
0 0.831311 0.113592 0.0329106 0.0221936
0 0.403932 0.928476 0.0318457 0.026639
0 0.739593 0.991958 0.0236785 0.0160837
0 0.631974 0.255994 0.023028 0.0205659
0 0.199151 0.479181 0.0274448 0.0255602
0 0.74652 0.796776 0.0291161 0.0242536
0 0.924405 0.236013 0.0282593 0.0258468
0 0.765961 0.990663 0.0275194 0.0186734
0 0.595018 0.976716 0.0300479 0.0221213
0 0.910617 0.90284 0.0308346 0.0277023
0 0.742382 0.372638 0.0375874 0.026246
0 0.383601 0.661278 0.0235992 0.0231133
0 0.757673 0.299999 0.0302108 0.0250929
0 0.853849 0.418571 0.0258647 0.0216955
0 0.98307 0.306631 0.0310139 0.0236134
0 0.772682 0.704549 0.027877 0.0236064
0 0.532782 0.970933 0.0277721 0.0236636
0 0.508016 0.600925 0.0265043 0.0249773
0 0.344926 0.844635 0.0276339 0.0251927
0 0.946525 0.782185 0.0333091 0.0310193
0 0.650653 0.523657 0.0265397 0.0254091
0 0.743602 0.400212 0.0246704 0.0232878
0 0.564763 0.810706 0.0270591 0.0236682
0 0.539005 0.817861 0.0250234 0.0206387
0 0.188648 0.904365 0.0249159 0.016914
0 0.366806 0.489926 0.0262524 0.0255806
0 0.18121 0.586356 0.0275392 0.0260511
0 0.651158 0.288121 0.0251921 0.023815
0 0.733002 0.21725 0.0278764 0.0231884
0 0.992529 0.232268 0.0149413 0.0278444
0 0.1928 0.510739 0.0374827 0.0217533
0 0.619489 0.99162 0.0293471 0.0167595
0 0.987657 0.0559548 0.0242085 0.0254302
0 0.187046 0.260508 0.0259555 0.0253426
0 0.308207 0.36118 0.0263281 0.0243747
0 0.745801 0.715879 0.0362192 0.0225688
0 0.900227 0.0754007 0.0299402 0.0230927
0 0.341273 0.0308231 0.0298109 0.0257586
0 0.174283 0.181574 0.0354956 0.0336005
0 0.749298 0.440383 0.0266539 0.0242091
0 0.795835 0.483628 0.0320476 0.0225762
0 0.0780884 0.0334421 0.0270978 0.0249177
0 0.263951 0.881681 0.0278079 0.0265644
0 0.416132 0.130049 0.0241671 0.0234737
0 0.420693 0.387849 0.0314188 0.0232634
0 0.248607 0.927289 0.0269993 0.0239563
0 0.942524 0.0417843 0.0257604 0.0221311
0 0.972861 0.230172 0.028028 0.0252018
0 0.321808 0.510169 0.0234228 0.0220759
0 0.69905 0.11399 0.0261737 0.0214932
0 0.798284 0.52819 0.0265933 0.0241021
0 0.133645 0.311192 0.025893 0.0258353
0 0.929868 0.281556 0.0280276 0.0330995
0 0.654092 0.7195 0.0268889 0.0232544
0 0.187935 0.919586 0.028925 0.0257396
0 0.507305 0.991534 0.0241091 0.0169322
0 0.449682 0.418315 0.0295888 0.0254162
0 0.636316 0.839062 0.0281994 0.0237119
0 0.0592192 0.189774 0.0217789 0.019842
0 0.766696 0.221579 0.0291257 0.0251242
0 0.521459 0.678794 0.0246319 0.0248485
0 0.98687 0.146154 0.0262202 0.0245811
0 0.919536 0.346415 0.0264451 0.021403
0 0.360346 0.663853 0.026336 0.0233465
0 0.786836 0.72842 0.0291089 0.0240365
0 0.976655 0.662194 0.0324852 0.0307393
0 0.661075 0.265058 0.0334917 0.0264805
0 0.224478 0.664784 0.0289963 0.0271649
0 0.533401 0.0116395 0.0265874 0.0232791
0 0.129435 0.071238 0.0363306 0.0266039
0 0.885259 0.407831 0.0288146 0.026096
0 0.348456 0.807007 0.0234191 0.0216757
0 0.954173 0.0790806 0.0308571 0.021419
0 0.712523 0.574522 0.0271128 0.0225127
0 0.690845 0.890762 0.0229203 0.024235
0 0.814314 0.892914 0.0289068 0.0246112
0 0.882087 0.602363 0.0246717 0.0204012
0 0.673273 0.5097 0.0264074 0.0243039
0 0.073923 0.568335 0.0436549 0.0281884
0 0.488569 0.367922 0.027301 0.0235466
0 0.705679 0.572942 0.0388178 0.0249561
0 0.459599 0.841941 0.0265672 0.0239145
0 0.554307 0.546802 0.0247915 0.0236576
0 0.392836 0.351324 0.0300863 0.0195833
0 0.88607 0.260108 0.0273297 0.023803
0 0.973282 0.83538 0.0237346 0.0210039
0 0.706932 0.03037 0.0234472 0.0235407
0 0.485124 0.34836 0.0304543 0.0211806
0 0.604337 0.170962 0.0252095 0.0268002
0 0.97622 0.595463 0.0307232 0.0266
0 0.698658 0.228281 0.0266923 0.0236226
0 0.435197 0.369917 0.0277905 0.0243458
0 0.34956 0.509273 0.0246405 0.0243089
0 0.16825 0.710766 0.0315288 0.021069
0 0.485915 0.816841 0.0273652 0.0250034
0 0.901485 0.552534 0.0239388 0.0245797
0 0.665835 0.0464249 0.0252649 0.0221859
0 0.331631 0.782546 0.0282522 0.0229187
0 0.798949 0.509912 0.0300937 0.0306101
0 0.37555 0.385898 0.0231549 0.0237586
0 0.0645442 0.991834 0.0334243 0.0163323
0 0.592418 0.149711 0.0249138 0.0210717
0 0.408948 0.49348 0.0278397 0.0254951
0 0.583655 0.214902 0.0258199 0.0201049
0 0.112182 0.254586 0.0270883 0.0248297
0 0.585779 0.516136 0.0238831 0.0240774
0 0.893201 0.00912038 0.0247148 0.0182408
0 0.456845 0.0797763 0.0165437 0.0244701
0 0.533028 0.54607 0.0252457 0.0244477
0 0.697021 0.0115291 0.0293655 0.0230583
0 0.218437 0.758323 0.0258168 0.0300116
0 0.383117 0.506791 0.0260127 0.0206032
0 0.913632 0.794638 0.0252128 0.0230874
0 0.0783419 0.966042 0.0262053 0.0233098
0 0.808319 0.0560364 0.0343393 0.0301828
0 0.264866 0.265864 0.0296324 0.0321919
0 0.56927 0.346297 0.0303361 0.0243857
0 0.274747 0.480983 0.0259446 0.0210521
0 0.700766 0.0143962 0.0309786 0.0250692
0 0.40397 0.615813 0.0285156 0.02205
0 0.128777 0.770217 0.0261205 0.0246658
0 0.494831 0.0895578 0.0226904 0.0236544
0 0.886967 0.583428 0.0241228 0.0236149
0 0.494083 0.837776 0.0268805 0.0251405
0 0.392078 0.141231 0.0362324 0.0211089
0 0.578201 0.991514 0.0337488 0.0169713
0 0.423544 0.153056 0.0356376 0.026056
0 0.968085 0.0536843 0.0231044 0.0243177
0 0.344628 0.878527 0.0375715 0.0313185
0 0.299193 0.433092 0.0323656 0.0254397
0 0.987627 0.0755255 0.0247458 0.0209675
0 0.251352 0.120336 0.0285383 0.0240424
0 0.444865 0.449767 0.0197848 0.0256886
0 0.0426596 0.388342 0.0285872 0.0271957
0 0.177594 0.555319 0.0276958 0.0326663
0 0.203193 0.558979 0.0380086 0.0331921
0 0.648192 0.00871641 0.029738 0.0174328
0 0.805422 0.394451 0.027777 0.0241735
0 0.797728 0.520384 0.0309553 0.0396888
0 0.0925446 0.81289 0.0277763 0.0223592
0 0.506023 0.209738 0.0274403 0.0222481
0 0.708227 0.057209 0.0226985 0.0223582
0 0.356318 0.226435 0.0305444 0.0257687
0 0.677034 0.86922 0.0263802 0.0283896
0 0.45164 0.472347 0.0250345 0.0228679
0 0.578804 0.79517 0.0293457 0.0234528
0 0.868532 0.366586 0.0237678 0.023325
0 0.510822 0.164207 0.0260642 0.0226238
0 0.541619 0.51919 0.0262032 0.0221866
0 0.605121 0.713744 0.0405702 0.0248612
0 0.364191 0.830619 0.0272252 0.0239515
0 0.356095 0.222734 0.0338499 0.0298454
0 0.155287 0.770875 0.0231032 0.0245699
0 0.914587 0.759059 0.0244181 0.0355317
0 0.799504 0.0977534 0.0261286 0.0228097
0 0.942548 0.802901 0.0321216 0.0242354
0 0.643062 0.928046 0.023463 0.0268057
0 0.0844344 0.335237 0.0242895 0.0221971
0 0.196861 0.288699 0.0268928 0.0201985
0 0.90453 0.367867 0.0321334 0.0301643
0 0.202918 0.566647 0.037891 0.0230514
0 0.801919 0.304442 0.0245869 0.0233566
0 0.168863 0.752087 0.0240205 0.0234925
0 0.125875 0.557864 0.0434622 0.0328911
0 0.196049 0.747354 0.0242993 0.0287841
0 0.694018 0.993759 0.0261548 0.0124813
0 0.994973 0.791725 0.0100535 0.0181372
0 0.937011 0.861864 0.0318382 0.0215523
0 0.1465 0.262465 0.0290164 0.0267407
0 0.0137288 0.468925 0.0273933 0.0352042
0 0.412877 0.448253 0.028171 0.0322625
0 0.770505 0.351836 0.0249545 0.0238594
0 0.819489 0.888539 0.0238352 0.0189992
0 0.906626 0.965548 0.0269643 0.0261383
0 0.434964 0.617963 0.026322 0.021529
0 0.237104 0.555567 0.0302773 0.0202771
0 0.30895 0.296438 0.0259309 0.0265211
0 0.63825 0.927423 0.0328692 0.0293483
0 0.592317 0.728335 0.034906 0.0289291
0 0.269768 0.330609 0.0258471 0.024322
0 0.920068 0.502373 0.0257438 0.022984
0 0.122621 0.482282 0.0309024 0.0263248
0 0.856014 0.395733 0.0313888 0.0319641
0 0.813161 0.0526508 0.0310882 0.0268276
0 0.261633 0.464997 0.024688 0.0205283
0 0.13058 0.975861 0.0247274 0.0237832
0 0.98623 0.304104 0.0273092 0.0250905
0 0.302255 0.431475 0.0288617 0.0215402
0 0.889097 0.884341 0.0290375 0.0314986
0 0.954877 0.546466 0.0276835 0.0218174
0 0.373278 0.808327 0.0290823 0.0185312
0 0.36438 0.357511 0.0319953 0.0276844
0 0.0922357 0.763446 0.0243348 0.0207875
0 0.35601 0.206829 0.0334686 0.0203472
0 0.568435 0.142443 0.0289606 0.0254605
0 0.512072 0.0737137 0.0245347 0.0221618
0 0.977329 0.749438 0.0285946 0.0236749
0 0.0963317 0.0457191 0.0267831 0.0216608
0 0.564346 0.888597 0.0375824 0.023582
0 0.182167 0.221077 0.0302258 0.0307167
0 0.461724 0.371291 0.0240512 0.0211227
0 0.63159 0.925919 0.0337748 0.0298526
0 0.28531 0.779679 0.0235677 0.0198071
0 0.786057 0.751631 0.0280862 0.023029
0 0.197545 0.111346 0.0233486 0.0235396
0 0.569968 0.190614 0.0289719 0.0172608
0 0.884484 0.586292 0.0292597 0.0273393
0 0.105188 0.00478884 0.0345455 0.00957768
0 0.0853306 0.0944324 0.0378588 0.0273804
0 0.311628 0.747569 0.029447 0.028388
0 0.433815 0.221343 0.0344168 0.0318246
0 0.00970095 0.479537 0.0194019 0.0292787
0 0.993651 0.284065 0.0124475 0.0216929
0 0.333429 0.0102071 0.0459352 0.0204142
0 0.0325614 0.802074 0.0274502 0.0234255
0 0.911431 0.571257 0.0270857 0.0220764
0 0.697102 0.571043 0.0214623 0.0222455
0 0.654442 0.192718 0.02543 0.0227553
0 0.842264 0.855197 0.030898 0.0231893
0 0.698385 0.0966123 0.0257173 0.0210558
0 0.839062 0.610504 0.0303234 0.0239742
0 0.292002 0.00806652 0.0470936 0.016133
0 0.849839 0.592755 0.034815 0.0239069
0 0.835816 0.518923 0.0267047 0.0376063
0 0.752039 0.509716 0.0254213 0.0193714
0 0.95435 0.464564 0.0310647 0.0246299
0 0.36209 0.749774 0.0201183 0.0216082
0 0.765519 0.013951 0.0375846 0.0275657
0 0.663763 0.393407 0.0253832 0.0229339
0 0.91327 0.414458 0.028744 0.0246159
0 0.332669 0.727222 0.0306257 0.023263
0 0.014809 0.106023 0.0296181 0.0318336
0 0.85721 0.399215 0.0285654 0.0241
0 0.210197 0.821055 0.0225192 0.025499
0 0.13822 0.0092238 0.0332484 0.0184476
0 0.399035 0.284896 0.0418231 0.0288486
0 0.646159 0.0253695 0.0311042 0.0309505
0 0.330066 0.990427 0.0391629 0.0191453
0 0.635028 0.478496 0.0246959 0.0210896
0 0.607099 0.708896 0.0382121 0.0328705
0 0.337885 0.751196 0.0242665 0.023825
0 0.176426 0.319075 0.0236916 0.0255478
0 0.185984 0.770676 0.0264959 0.0188237
0 0.994888 0.572709 0.00944799 0.0204498
0 0.351247 0.630054 0.0149473 0.0234506
0 0.496271 0.550306 0.0262176 0.0248215
0 0.153718 0.287163 0.0260123 0.0300131
0 0.365407 0.334633 0.0273357 0.0217187
0 0.037615 0.858038 0.0366652 0.025954
0 0.139424 0.724265 0.0227892 0.0220116
0 0.503244 0.880519 0.0435763 0.0338956
0 0.458574 0.205392 0.0270802 0.0228862
0 0.872639 0.176372 0.0252708 0.0190175
0 0.949805 0.505137 0.0317801 0.0218375
0 0.234182 0.0520859 0.019672 0.0246235
0 0.735193 0.340719 0.0251518 0.0222698
0 0.537856 0.0128462 0.0309302 0.0256923
0 0.0246453 0.880902 0.0225403 0.0206008
0 0.948553 0.568524 0.0238513 0.0208001
0 0.651373 0.242159 0.0244325 0.0209486
0 0.46995 0.441364 0.0284345 0.0218449
0 0.652769 0.99029 0.0217146 0.0194199
0 0.740422 0.872826 0.0306395 0.0217906
0 0.0138338 0.0742621 0.0276677 0.0224976
0 0.935242 0.584906 0.0207286 0.0229418
0 0.702366 0.49592 0.024379 0.0192334
0 0.197701 0.887953 0.033949 0.0265422
0 0.796608 0.496404 0.0368111 0.0221038
0 0.0964618 0.954729 0.0276348 0.0246418
0 0.465993 0.940235 0.0300104 0.0240238
0 0.889802 0.331838 0.0402157 0.0288865
0 0.75451 0.273616 0.0239265 0.0189122
0 0.0516029 0.508191 0.0262826 0.0244726
0 0.821834 0.962588 0.0266411 0.0280035
0 0.100929 0.156016 0.0297248 0.0174874
0 0.537861 0.164925 0.0252014 0.0222338
0 0.522731 0.471864 0.0251706 0.0224406
0 0.0956144 0.278111 0.0285931 0.0228852
0 0.575047 0.176539 0.022845 0.0228395
0 0.74473 0.25365 0.0295388 0.0221702
0 0.720501 0.509973 0.0180385 0.016459
0 0.862117 0.568087 0.0374098 0.0256194
0 0.538635 0.797806 0.0247644 0.0181652
0 0.286578 0.294988 0.0241461 0.0250736
0 0.328637 0.00942279 0.0340666 0.0188456
0 0.72283 0.978265 0.0225316 0.0244205
0 0.420497 0.135144 0.033594 0.028529
0 0.935797 0.587857 0.0237116 0.0289602
0 0.842846 0.0474919 0.0285359 0.0230924
0 0.410956 0.337444 0.027392 0.0197859
0 0.16711 0.799357 0.0291659 0.0216019
0 0.284815 0.756358 0.0247276 0.0195616
0 0.372063 0.12409 0.0249529 0.0216766
0 0.752252 0.771599 0.0262058 0.0225735
0 0.659591 0.738885 0.0367378 0.0217403
0 0.0188203 0.188954 0.0338228 0.0210754
0 0.67433 0.340862 0.0294304 0.0314563
0 0.423503 0.814435 0.0290483 0.0237756
0 0.713743 0.0523165 0.0220354 0.0299004
0 0.690088 0.199477 0.0332232 0.0278993
0 0.0764161 0.062481 0.022705 0.018924
0 0.969464 0.372852 0.0246966 0.0155961
0 0.234247 0.0491299 0.025939 0.0281382
0 0.993451 0.642259 0.0129952 0.0311937
0 0.651119 0.780072 0.0294713 0.0279769
0 0.725388 0.00949663 0.0278617 0.0189933
0 0.341387 0.575077 0.0258418 0.0266495
0 0.117095 0.560941 0.0260239 0.0294864
0 0.154292 0.218162 0.025786 0.0249426
0 0.34259 0.584912 0.0262488 0.0295305
0 0.737316 0.343771 0.0258814 0.0225942
0 0.325402 0.610302 0.0241917 0.0242164
0 0.994483 0.863564 0.0107864 0.0228601
0 0.65555 0.722918 0.0310924 0.0221822
0 0.201067 0.894692 0.0291184 0.0292892
0 0.551693 0.178867 0.0240812 0.0152291
0 0.870309 0.243242 0.0259821 0.0211684
0 0.953924 0.344667 0.0291282 0.0236483
0 0.155907 0.321307 0.0208437 0.0207365
0 0.319887 0.588339 0.0327018 0.0241776
0 0.941068 0.96452 0.0259329 0.0235319
0 0.531188 0.973369 0.0332734 0.0258082
0 0.563535 0.011296 0.0286614 0.022592
0 0.440695 0.271154 0.0255725 0.0225445
0 0.271596 0.923703 0.0224259 0.0241872
0 0.42896 0.7715 0.0230364 0.0205947
0 0.968695 0.35718 0.0250437 0.0244176
0 0.716973 0.149821 0.0419633 0.0351724
0 0.437343 0.177736 0.0324512 0.022454
0 0.551188 0.850317 0.023204 0.0181401
0 0.836904 0.41259 0.0233115 0.0213819
0 0.605601 0.0905909 0.0291607 0.0230218
0 0.847846 0.852336 0.0401148 0.0255569
0 0.988153 0.363799 0.023562 0.0300102
0 0.937956 0.805183 0.0258558 0.0221528
0 0.300727 0.59771 0.0159618 0.0276849
0 0.993945 0.886105 0.0121102 0.022179
0 0.93963 0.694797 0.0335878 0.0226122
0 0.460142 0.445349 0.0365846 0.023974
0 0.389171 0.330102 0.0236621 0.0237319
0 0.381735 0.745954 0.0462556 0.0318425
0 0.444211 0.858084 0.0245107 0.0238483
0 0.939725 0.704971 0.0315973 0.0238295
0 0.702815 0.993648 0.0464448 0.0127035
0 0.018992 0.113982 0.037984 0.0345702
0 0.861166 0.500296 0.0227287 0.0256501
0 0.0695104 0.818148 0.0259091 0.0252473
0 0.163176 0.728001 0.0221713 0.0173681
0 0.789176 0.610729 0.0264879 0.0207022
0 0.77009 0.0727732 0.0252202 0.0237527
0 0.0227556 0.780583 0.0214153 0.0195354
0 0.0154541 0.163435 0.0309082 0.0276531
0 0.553544 0.979497 0.0260163 0.0155527
0 0.943347 0.205154 0.0280706 0.0287945
0 0.107916 0.00574986 0.0413602 0.0114997
0 0.856889 0.570447 0.0270965 0.0212336
0 0.66244 0.516793 0.0143633 0.0234648
0 0.878272 0.388975 0.0185639 0.0208808
0 0.981808 0.327191 0.0358578 0.0185051
0 0.0399433 0.987113 0.0273032 0.0257741
0 0.284048 0.777549 0.0287238 0.022041
0 0.980749 0.564501 0.0335248 0.0355059
0 0.0390865 0.715121 0.0264045 0.0248501
0 0.980077 0.859324 0.0240677 0.0249851
0 0.0413151 0.0840095 0.0273103 0.031776
0 0.700925 0.97648 0.0368164 0.0258107
0 0.479842 0.422796 0.0276185 0.0252342
0 0.879755 0.8055 0.0427387 0.0256886
0 0.445304 0.0157095 0.0253892 0.0241924
0 0.988487 0.334284 0.0229488 0.027243
