0 0.422885 0.436043 0.0267906 0.025728
0 0.0221327 0.142126 0.0246348 0.0199524
0 0.496092 0.969029 0.0298604 0.0262581
0 0.441156 0.306151 0.0260185 0.0253679
0 0.264668 0.754615 0.0298591 0.0267861
0 0.573633 0.700068 0.0243997 0.0227985
0 0.606586 0.781738 0.0291403 0.0225195
0 0.984696 0.681974 0.028049 0.0256863
0 0.52174 0.147814 0.0259076 0.0235875
0 0.0226333 0.950074 0.0272675 0.0238661
0 0.544381 0.613136 0.0288751 0.0245022
0 0.0612031 0.16995 0.023043 0.021247
0 0.104349 0.426483 0.0266812 0.0229652
0 0.1628 0.521877 0.0250477 0.0232812
0 0.422742 0.352487 0.0287282 0.0275749
0 0.494282 0.495593 0.0260622 0.0255409
0 0.0117011 0.80826 0.0234022 0.0239568
0 0.419848 0.289392 0.0234071 0.0213636
0 0.517348 0.171627 0.0250056 0.0220994
0 0.0773458 0.141909 0.0293598 0.0248681
0 0.0546325 0.379348 0.0287085 0.0268141
0 0.330648 0.0381346 0.0250028 0.020991
0 0.577451 0.995036 0.0280383 0.00992805
0 0.0204389 0.434683 0.0269669 0.0227517
0 0.236322 0.0117961 0.0290502 0.0235923
0 0.351958 0.712663 0.025088 0.0228195
0 0.924096 0.64589 0.0288684 0.0313938
0 0.526182 0.232528 0.0325482 0.0253164
0 0.0124586 0.904356 0.0249173 0.0272492
0 0.511785 0.890064 0.0252728 0.0235556
0 0.686008 0.440429 0.0281979 0.0231964
0 0.721383 0.68849 0.0257785 0.0256067
0 0.0641297 0.562063 0.0268602 0.0226839
0 0.822856 0.114112 0.0285378 0.0258385
0 0.734423 0.42877 0.0264377 0.024296
0 0.190529 0.0569869 0.0273505 0.0240552
0 0.402522 0.71834 0.0288661 0.0245386
0 0.558738 0.900851 0.0251536 0.0217891
0 0.0494805 0.481875 0.0275982 0.0233749
0 0.710577 0.451564 0.0252408 0.0214644
0 0.263014 0.13973 0.0292125 0.0260895
0 0.441148 0.241832 0.0249838 0.0218174
0 0.384733 0.010844 0.0269868 0.0216879
0 0.592795 0.821643 0.0245212 0.0242581
0 0.80334 0.385877 0.0295942 0.0233188
0 0.342356 0.875563 0.0262409 0.0243171
0 0.0823378 0.944974 0.0323126 0.0264047
0 0.0413419 0.302169 0.0243938 0.0233802
0 0.00854905 0.00553933 0.0170981 0.0110787
0 0.331665 0.916241 0.0305744 0.0278788
0 0.293163 0.710208 0.0269457 0.022874
0 0.798063 0.406534 0.0274209 0.0201581
0 0.0120227 0.50814 0.0240455 0.0241261
0 0.859017 0.0295687 0.0322233 0.026886
0 0.319206 0.0809743 0.0251912 0.0228872
0 0.169839 0.00561513 0.0251545 0.0112303
0 0.415553 0.05186 0.0280457 0.0253189
0 0.465838 0.042661 0.0275266 0.0202534
0 0.456034 0.56041 0.028077 0.023228
0 0.872099 0.902693 0.0301502 0.0276883
0 0.330951 0.331286 0.0257558 0.0226735
0 0.481926 0.230794 0.0265344 0.021092
0 0.331595 0.298838 0.0241538 0.0223493
0 0.20764 0.8728 0.0301836 0.0235126
0 0.987877 0.457467 0.0233377 0.0222482
0 0.0537034 0.0995307 0.0295706 0.024637
0 0.382767 0.364848 0.02413 0.0188893
0 0.262863 0.558774 0.0262582 0.0229539
0 0.0611846 0.86178 0.0247237 0.0240384
0 0.191451 0.983498 0.0224531 0.0195792
0 0.887423 0.449341 0.0348898 0.0276971
0 0.887884 0.410224 0.025637 0.0257187
0 0.63181 0.921664 0.0297115 0.0218017
0 0.0548432 0.230442 0.0310834 0.0259955
0 0.641764 0.435095 0.0278991 0.0268149
0 0.967407 0.759602 0.0275067 0.0247647
0 0.872922 0.0692706 0.024859 0.0242062
0 0.220611 0.759935 0.0285624 0.0281769
0 0.228176 0.557971 0.0255259 0.0236402
0 0.903144 0.520165 0.0252701 0.0213814
0 0.208596 0.0272193 0.0269149 0.0227232
0 0.629083 0.498366 0.0393181 0.0263921
0 0.141647 0.122842 0.0395288 0.0352651
0 0.0968843 0.652006 0.0265977 0.0233031
0 0.200272 0.338726 0.0270159 0.026037
0 0.409414 0.749947 0.02485 0.0218213
0 0.319136 0.432434 0.0291466 0.0234513
0 0.0218625 0.20243 0.0218514 0.0174199
0 0.176808 0.701439 0.0302975 0.024201
0 0.306157 0.107988 0.0290331 0.0248505
0 0.982615 0.570687 0.0297958 0.0231711
0 0.491113 0.0145675 0.0243315 0.0256546
0 0.294196 0.300736 0.0249023 0.0223056
0 0.829742 0.409601 0.0270796 0.0264632
0 0.666265 0.642808 0.0249301 0.0222644
0 0.214781 0.472285 0.0265335 0.0237545
0 0.130392 0.967909 0.0276866 0.0221986
0 0.676414 0.76007 0.0275174 0.0243034
0 0.0732597 0.434808 0.0233966 0.0190356
0 0.772635 0.653136 0.0312775 0.0227969
0 0.531251 0.301788 0.0205212 0.0205246
0 0.508738 0.311673 0.0255428 0.0217637
0 0.814114 0.99507 0.0294849 0.0098598
0 0.443851 0.898404 0.0279876 0.0243127
0 0.0135437 0.8526 0.0270874 0.024659
0 0.297528 0.022193 0.0282305 0.0265759
0 0.845508 0.781646 0.0296618 0.0245123
0 0.472893 0.520551 0.0317116 0.0270682
0 0.361705 0.424103 0.0243028 0.0208382
0 0.24303 0.992232 0.0245849 0.0155364
0 0.359209 0.0289339 0.0291175 0.0198969
0 0.935883 0.761589 0.0278285 0.025751
0 0.992117 0.308986 0.0156827 0.0225542
0 0.386776 0.330957 0.0323909 0.0268768
0 0.837119 0.131325 0.0271329 0.0225852
0 0.442045 0.063412 0.0238892 0.0217965
0 0.121076 0.324865 0.0318145 0.0303877
0 0.866684 0.433092 0.0277905 0.0253098
0 0.418969 0.0750474 0.0238542 0.0217785
0 0.467422 0.451391 0.0305688 0.0246298
0 0.67155 0.606779 0.024451 0.0210057
0 0.757386 0.381846 0.0290448 0.0250274
0 0.60575 0.949245 0.0289702 0.0229663
0 0.170587 0.962387 0.0282298 0.0252078
0 0.22874 0.0793523 0.0229027 0.0239305
0 0.243073 0.687892 0.0257387 0.0247417
0 0.798895 0.577553 0.028446 0.0252545
0 0.740498 0.029011 0.0239441 0.0241451
0 0.152607 0.0561603 0.0270319 0.0241019
0 0.0507261 0.434182 0.0249581 0.0225039
0 0.599396 0.850156 0.024763 0.0221498
0 0.0488519 0.578008 0.0233782 0.023506
0 0.116329 0.47062 0.0333121 0.0264514
0 0.0879124 0.0505482 0.0364685 0.0268228
0 0.00731417 0.182429 0.0146283 0.0257838
0 0.394045 0.952078 0.0234852 0.0201145
0 0.551845 0.696114 0.0232464 0.022258
0 0.413935 0.269354 0.0258272 0.0229984
0 0.154117 0.312854 0.0351664 0.0284862
0 0.149522 0.400358 0.0256743 0.022227
0 0.985678 0.249161 0.0275367 0.0252152
0 0.875645 0.226784 0.0322299 0.026043
0 0.103059 0.875294 0.0270769 0.0259549
0 0.572228 0.552687 0.0270336 0.026598
0 0.252825 0.602159 0.0256898 0.0228429
0 0.0148666 0.666234 0.0297331 0.0262762
0 0.54284 0.913108 0.025638 0.021507
0 0.32625 0.563172 0.0280056 0.0228255
0 0.904001 0.386845 0.028179 0.0248633
0 0.14111 0.542325 0.0223103 0.0201293
0 0.389659 0.890055 0.0274841 0.0234534
0 0.239849 0.542081 0.0239639 0.0199419
0 0.421631 0.204583 0.0311469 0.025456
0 0.277535 0.61892 0.0320821 0.0280559
0 0.370281 0.579056 0.0310117 0.0204221
0 0.384581 0.274237 0.0267135 0.0252999
0 0.881551 0.944818 0.0270543 0.024083
0 0.217735 0.633662 0.0291648 0.0250245
0 0.506339 0.548895 0.0260345 0.0241399
0 0.861054 0.938178 0.0318845 0.0285736
0 0.229543 0.952783 0.0250399 0.0215065
0 0.26017 0.980602 0.0241149 0.0211096
0 0.191348 0.413818 0.0223499 0.0202861
0 0.849277 0.833446 0.0222149 0.021348
0 0.154192 0.762617 0.0242477 0.0216132
0 0.303637 0.619497 0.0260185 0.0250356
0 0.7737 0.61113 0.0288623 0.0268903
0 0.680689 0.400899 0.0264624 0.0265814
0 0.843732 0.962184 0.027991 0.0237653
0 0.540625 0.986153 0.0286883 0.0276938
0 0.776047 0.71459 0.0298347 0.0244696
0 0.649769 0.561156 0.0245932 0.0264153
0 0.0497731 0.691318 0.0292929 0.0265599
0 0.672822 0.731618 0.0259653 0.0238129
0 0.894191 0.11085 0.0276437 0.0228101
0 0.881885 0.332077 0.0233197 0.0214957
0 0.491667 0.0601765 0.0244397 0.0249358
0 0.353459 0.78322 0.0281585 0.0234543
0 0.370244 0.697643 0.0248375 0.0234585
0 0.885935 0.0400679 0.0260454 0.0229105
0 0.919948 0.0408514 0.0240631 0.0232995
0 0.536064 0.260643 0.019185 0.018937
0 0.320686 0.8296 0.0273347 0.0240309
0 0.467913 0.479554 0.0247696 0.0225414
0 0.3454 0.583658 0.0245624 0.0227668
0 0.147915 0.499525 0.0304629 0.0231452
0 0.404577 0.16955 0.0290883 0.0249731
0 0.485861 0.185076 0.0224935 0.0218677
0 0.399128 0.769488 0.0251504 0.0249402
0 0.732627 0.452633 0.0220499 0.0225299
0 0.805239 0.824878 0.0312055 0.0190479
0 0.266999 0.2692 0.0292293 0.0245569
0 0.401408 0.0308538 0.0232835 0.0212263
0 0.787212 0.674024 0.0255535 0.021602
0 0.321296 0.586766 0.0271513 0.0225214
0 0.49018 0.588469 0.0309579 0.0260352
0 0.439146 0.85805 0.0235585 0.0239289
0 0.746369 0.735738 0.0298557 0.027038
0 0.644266 0.0464245 0.0273619 0.0223968
0 0.722522 0.798447 0.0258383 0.0246191
0 0.151613 0.78678 0.0245107 0.0241132
0 0.337359 0.643612 0.0334209 0.0317712
0 0.450282 0.354728 0.026689 0.0242163
0 0.3507 0.557742 0.0243106 0.0201626
0 0.461896 0.399585 0.0258433 0.0249123
0 0.0483016 0.834434 0.0246831 0.0219858
0 0.622974 0.28418 0.0263748 0.0232825
0 0.462868 0.958976 0.0300077 0.0238211
0 0.474416 0.283971 0.0271367 0.0220674
0 0.706696 0.414991 0.0313824 0.0256086
0 0.531036 0.585514 0.0299492 0.025249
0 0.0346793 0.554497 0.0271422 0.0234371
0 0.510522 0.691925 0.0217485 0.0209267
0 0.489484 0.682527 0.026227 0.0257272
0 0.568639 0.834826 0.024366 0.0217417
0 0.752721 0.447972 0.0249625 0.024978
0 0.582408 0.192189 0.0255418 0.0210438
0 0.949653 0.991366 0.0402832 0.0172679
0 0.0991488 0.282825 0.0290231 0.0237299
0 0.147424 0.19391 0.0267099 0.0241703
0 0.813145 0.954242 0.0292302 0.0227274
0 0.619373 0.0540378 0.024412 0.0229982
0 0.0451694 0.458025 0.0315708 0.0188673
0 0.0495306 0.759238 0.0263085 0.0242127
0 0.263995 0.00363091 0.0269234 0.00726182
0 0.989645 0.873216 0.020711 0.0222479
0 0.904838 0.0531123 0.0257831 0.0220548
0 0.248291 0.645332 0.0228257 0.0207129
0 0.962018 0.658893 0.0282577 0.0331903
0 0.228742 0.270156 0.0263494 0.025515
0 0.456723 0.786988 0.0270166 0.0249472
0 0.177772 0.449194 0.0245355 0.0216971
0 0.309509 0.861369 0.0241911 0.0208732
0 0.784214 0.955684 0.0285507 0.0232221
0 0.408784 0.691063 0.0243584 0.0254737
0 0.670214 0.0799013 0.0239581 0.0225835
0 0.323987 0.690203 0.0231311 0.0202371
0 0.185391 0.587916 0.0307271 0.024021
0 0.552289 0.381068 0.026107 0.0256541
0 0.326324 0.522543 0.0366285 0.0300982
0 0.558387 0.30466 0.0255171 0.0177106
0 0.0203444 0.472623 0.0218967 0.0231885
0 0.308061 0.732262 0.0349449 0.023894
0 0.339071 0.400953 0.0267828 0.0242084
0 0.327482 0.993188 0.0255025 0.0136246
0 0.531957 0.355174 0.0252426 0.0232393
0 0.523849 0.283862 0.0212317 0.0173827
0 0.453384 0.711187 0.0266625 0.020908
0 0.97994 0.711123 0.0216892 0.0220435
0 0.346958 0.278512 0.0257185 0.024185
0 0.470597 0.173353 0.0237727 0.0223878
0 0.0740028 0.365695 0.0264134 0.0217532
0 0.297286 0.994754 0.0332018 0.0104926
0 0.101009 0.573544 0.0438457 0.0243272
0 0.556767 0.116464 0.023338 0.0225903
0 0.0484908 0.335039 0.0287019 0.0226567
0 0.367903 0.122956 0.0261198 0.0233244
0 0.331113 0.762819 0.0286277 0.0206862
0 0.298954 0.566502 0.0261748 0.0230454
0 0.359976 0.972803 0.0368533 0.0290088
0 0.243195 0.475041 0.0277364 0.0265587
0 0.638208 0.663352 0.0350096 0.0287039
0 0.0610961 0.277396 0.0215114 0.0198414
0 0.274868 0.684887 0.0278441 0.0237883
0 0.129889 0.75696 0.0276171 0.0240024
0 0.984947 0.637779 0.0301059 0.0261548
0 0.912639 0.479596 0.0223395 0.0204981
0 0.198353 0.392226 0.028571 0.0235681
0 0.423983 0.00832735 0.0250161 0.0166547
0 0.268383 0.387794 0.0282749 0.0224696
0 0.702289 0.841414 0.0250095 0.024693
0 0.394223 0.860702 0.0275303 0.0228653
0 0.178214 0.473083 0.0251636 0.0240116
0 0.358884 0.337973 0.0255122 0.0229622
0 0.488655 0.79291 0.029059 0.0249057
0 0.455185 0.0963308 0.0271689 0.0240644
0 0.236524 0.373156 0.0272928 0.0230699
0 0.116 0.905145 0.0278639 0.0255261
0 0.506806 0.344037 0.0257675 0.022766
0 0.579403 0.341412 0.0281548 0.025303
0 0.506765 0.910756 0.0285857 0.0193761
0 0.516607 0.841498 0.0430533 0.0267664
0 0.12282 0.500968 0.0206725 0.0227234
0 0.332918 0.00460526 0.0241698 0.00921051
0 0.702722 0.347138 0.0265476 0.0243315
0 0.748922 0.811467 0.0243027 0.017494
0 0.348724 0.619503 0.0244401 0.0232506
0 0.466105 0.598711 0.0343598 0.0264582
0 0.304379 0.27627 0.028371 0.0261966
0 0.0897227 0.768868 0.0306575 0.0292441
0 0.201675 0.553587 0.024387 0.0224176
0 0.689621 0.636153 0.027399 0.0247189
0 0.314775 0.357289 0.0351629 0.026208
0 0.204898 0.780763 0.0279735 0.0222009
0 0.472562 0.763614 0.024781 0.0215398
0 0.31879 0.452805 0.025132 0.0209674
0 0.298011 0.156719 0.0326541 0.0216462
0 0.773985 0.431975 0.0288589 0.0249036
0 0.180945 0.563168 0.0229527 0.020918
0 0.935312 0.0119968 0.0241391 0.0206362
0 0.399145 0.995665 0.0240659 0.00867021
0 0.885864 0.184428 0.0319971 0.0233645
0 0.249519 0.81619 0.0237889 0.0171291
0 0.861751 0.993025 0.0258887 0.0139499
0 0.83631 0.815827 0.0268997 0.0234472
0 0.571883 0.995456 0.0409707 0.00908834
0 0.721201 0.984672 0.0247414 0.0215941
0 0.290258 0.396125 0.0242796 0.0226001
0 0.94259 0.707898 0.0224939 0.0228477
0 0.830152 0.890078 0.058027 0.0352548
0 0.960147 0.65286 0.0266556 0.0286673
0 0.0252354 0.345931 0.0276525 0.0228638
0 0.640288 0.696216 0.0269727 0.0242859
0 0.547139 0.515398 0.0285004 0.0250713
0 0.507106 0.363374 0.0227481 0.020667
0 0.70715 0.776572 0.0327701 0.0290607
0 0.50431 0.4412 0.0307017 0.022626
0 0.498513 0.243756 0.0224199 0.0216075
0 0.074502 0.833245 0.0209181 0.0197589
0 0.624727 0.179681 0.0290392 0.0294997
0 0.376299 0.745686 0.0252031 0.0205623
0 0.889666 0.0422563 0.0297863 0.0256015
0 0.709482 0.735967 0.035807 0.0251064
0 0.656425 0.586402 0.0309064 0.0204252
0 0.922358 0.978034 0.0252719 0.0231673
0 0.878616 0.804278 0.0242808 0.0232541
0 0.271798 0.1882 0.0251459 0.0256116
0 0.242372 0.709136 0.0283965 0.0216455
0 0.239136 0.832682 0.0204555 0.0236087
0 0.867032 0.10606 0.0265141 0.0224994
0 0.0179512 0.327726 0.0359025 0.0285592
0 0.435104 0.414663 0.0267136 0.0229407
0 0.822504 0.696736 0.0278957 0.0221573
0 0.950938 0.0744516 0.023987 0.0222816
0 0.468163 0.0619482 0.0269794 0.0227235
0 0.323149 0.707727 0.0242013 0.0169049
0 0.481436 0.0921009 0.025406 0.0191894
0 0.0191855 0.199074 0.0188921 0.0124488
0 0.37057 0.154022 0.0283247 0.0218777
0 0.214963 0.706913 0.0280507 0.0251042
0 0.845191 0.819631 0.0222682 0.0248113
0 0.451129 0.754051 0.0295741 0.022229
0 0.0660216 0.645263 0.0295183 0.0295466
0 0.354942 0.971698 0.0265224 0.0276296
0 0.294571 0.791223 0.0299143 0.0284262
0 0.222351 0.169912 0.0303691 0.0285513
0 0.30847 0.00338552 0.0208108 0.00677104
0 0.127211 0.155062 0.0195759 0.0137766
0 0.780259 0.466883 0.0349478 0.0275628
0 0.160828 0.583984 0.0285063 0.0236526
0 0.0864668 0.667254 0.0301143 0.0182002
0 0.276517 0.293787 0.0229614 0.0235386
0 0.270252 0.995451 0.0234464 0.00909764
0 0.117599 0.203247 0.0222392 0.0209602
0 0.687456 0.593953 0.0247554 0.0233395
0 0.0984563 0.839509 0.0236016 0.0218781
0 0.294527 0.418876 0.0190798 0.0165831
0 0.0153072 0.287383 0.0306145 0.0271817
0 0.464345 0.134997 0.0291769 0.0239415
0 0.273991 0.364723 0.0342793 0.0169966
0 0.161386 0.543417 0.0242407 0.0224868
0 0.882968 0.267121 0.0249307 0.0168546
0 0.953007 0.134594 0.0285468 0.0222564
0 0.282822 0.975398 0.0250907 0.0213168
0 0.0972117 0.553381 0.0241531 0.0204904
0 0.117566 0.0434804 0.0229635 0.0220161
0 0.519673 0.0225545 0.0308836 0.0201908
0 0.0606441 0.0256765 0.0267638 0.0217319
0 0.722609 0.354167 0.0232544 0.0251947
0 0.0140935 0.741361 0.028054 0.026871
0 0.497349 0.928084 0.0261186 0.0255768
0 0.211951 0.411384 0.02509 0.0251549
0 0.460397 0.59987 0.0435534 0.0274835
0 0.99638 0.441975 0.00714111 0.0176697
0 0.99465 0.717796 0.0105888 0.0230258
0 0.423983 0.54014 0.0306637 0.0212386
0 0.985509 0.847133 0.028982 0.0235775
0 0.50693 0.357568 0.0253166 0.0286917
0 0.323658 0.579087 0.0295512 0.0363492
0 0.432595 0.692853 0.0259463 0.0254004
0 0.540303 0.0557434 0.0307338 0.0311085
0 0.557182 0.929834 0.0270146 0.0171124
0 0.815977 0.754981 0.0401065 0.0318546
0 0.635888 0.66756 0.0408533 0.0343845
0 0.952014 0.0456835 0.0357224 0.0233245
0 0.21817 0.768299 0.0300179 0.0262191
0 0.871927 0.94147 0.044736 0.0310885
0 0.571664 0.152802 0.0243304 0.0221038
0 0.547864 0.912222 0.0283644 0.021943
0 0.421495 0.594449 0.0266765 0.0238274
0 0.731127 0.513688 0.0444714 0.0286342
0 0.0910413 0.666648 0.0288987 0.0192554
0 0.729317 0.113996 0.0234674 0.0243667
0 0.929705 0.144185 0.0254394 0.0184729
0 0.954249 0.00517829 0.0332513 0.0103566
0 0.110407 0.243035 0.0283595 0.0211463
0 0.231032 0.182748 0.0229475 0.0197477
0 0.59317 0.366054 0.0353838 0.0258217
0 0.285296 0.648546 0.0215152 0.0215822
0 0.852292 0.500856 0.0275223 0.0194061
0 0.333719 0.258509 0.0249075 0.0202428
0 0.50149 0.86931 0.0279821 0.0205975
0 0.969629 0.462612 0.0224484 0.0195761
0 0.278705 0.826057 0.0347844 0.0268872
0 0.126992 0.0823792 0.0298975 0.0213346
0 0.520384 0.706514 0.0211099 0.0191693
0 0.323229 0.582929 0.0285988 0.0230445
0 0.89911 0.136511 0.0230144 0.0223825
0 0.521958 0.460569 0.0238713 0.0217427
0 0.914915 0.993846 0.0294098 0.012309
0 0.690086 0.738162 0.0192505 0.0220772
0 0.358319 0.445274 0.0333087 0.0219778
0 0.38713 0.41673 0.0238945 0.020542
0 0.0473333 0.565336 0.0184529 0.00945169
0 0.405551 0.1102 0.031015 0.0281561
0 0.431812 0.0288709 0.0405981 0.0179489
0 0.473056 0.348963 0.0208141 0.0193541
0 0.949164 0.561778 0.023681 0.0225725
0 0.993692 0.0745633 0.012616 0.0222015
0 0.340701 0.839135 0.0269278 0.0217972
0 0.961527 0.70153 0.0238486 0.0223801
0 0.593 0.934119 0.0200841 0.0175864
0 0.493008 0.111076 0.0260698 0.0179847
0 0.305504 0.199473 0.020854 0.0215295
0 0.491724 0.928378 0.0363846 0.0257308
0 0.884046 0.990002 0.0241156 0.0199965
0 0.653931 0.458704 0.0261612 0.0262806
0 0.363951 0.977985 0.0275513 0.0213736
0 0.994834 0.386814 0.0102909 0.0213743
0 0.951156 0.385203 0.0253708 0.0194139
0 0.996324 0.855443 0.0071997 0.0235632
0 0.79718 0.12493 0.0232861 0.020838
0 0.944804 0.947132 0.028275 0.0263281
0 0.0781892 0.268587 0.0192259 0.0200468
0 0.260194 0.836712 0.0210007 0.0160541
0 0.705047 0.409666 0.0342212 0.0297203
0 0.226384 0.174901 0.0327958 0.0333698
0 0.546678 0.806633 0.03114 0.0211321
0 0.361291 0.427156 0.0274788 0.0239822
0 0.866378 0.714819 0.0280896 0.0255554
0 0.884338 0.492748 0.0290933 0.0280707
0 0.0401927 0.414227 0.0220017 0.0168201
0 0.653036 0.440064 0.0208504 0.0188373
0 0.506064 0.469917 0.021255 0.0160377
0 0.252449 0.992897 0.0266447 0.0142062
0 0.332652 0.520295 0.0460823 0.0338061
0 0.753061 0.559565 0.0256165 0.0264068
0 0.89726 0.133833 0.0272079 0.0258876
0 0.706772 0.877309 0.0344688 0.0361856
0 0.391468 0.123431 0.0207799 0.0202332
0 0.990866 0.352264 0.0182686 0.0219487
0 0.45398 0.974419 0.0334047 0.0212961
0 0.242298 0.83251 0.0288123 0.0229965
0 0.362959 0.176177 0.0242397 0.0207662
0 0.41573 0.0677394 0.0299297 0.0296826
0 0.496025 0.239338 0.0181685 0.0178687
0 0.341764 0.823933 0.0260338 0.0162573
0 0.123445 0.144874 0.0220748 0.0158297
0 0.964453 0.307435 0.0260434 0.0222393
0 0.994338 0.00379076 0.0113244 0.00758153
0 0.983238 0.921892 0.033524 0.0259528
0 0.97883 0.271786 0.0375093 0.0249485
0 0.532979 0.538262 0.0262895 0.0206442
0 0.42694 0.430505 0.0341244 0.0295734
0 0.918139 0.81253 0.0201229 0.0276312
0 0.732905 0.56082 0.0246465 0.0287475
0 0.4297 0.505885 0.0250414 0.0237274
0 0.0079845 0.0934281 0.015969 0.022222
0 0.990475 0.0530795 0.0189176 0.0212531
0 0.321136 0.210281 0.0250596 0.0241668
0 0.770271 0.988174 0.0295694 0.0236511
0 0.877949 0.944151 0.033812 0.0280725
0 0.384605 0.253864 0.025163 0.0197598
0 0.731626 0.563874 0.0208791 0.0244945
0 0.250698 0.283237 0.023498 0.0220638
0 0.673608 0.735173 0.0301538 0.0273663
0 0.376435 0.59912 0.0330524 0.0264825
0 0.939819 0.805289 0.0280371 0.0231523
0 0.827353 0.376525 0.0189402 0.0170329
0 0.471898 0.323523 0.0229332 0.0164174
0 0.949397 0.741143 0.0219547 0.0238807
0 0.268855 0.211763 0.0295394 0.018912
0 0.423985 0.507719 0.0299467 0.0196469
0 0.251707 0.827178 0.0268033 0.0144168
0 0.659931 0.588893 0.0368699 0.0241433
0 0.959229 0.536588 0.0241028 0.0245454
0 0.901174 0.805992 0.0195023 0.0230277
0 0.707539 0.731427 0.0385913 0.0328352
0 0.703571 0.734884 0.0454199 0.0291529
0 0.486243 0.1071 0.0313577 0.0186931
0 0.449971 0.269332 0.0282295 0.032073
0 0.681862 0.0101424 0.0226389 0.0202848
0 0.260041 0.863489 0.0265223 0.0248335
0 0.0677269 0.649088 0.0280644 0.0276605
0 0.929837 0.103313 0.0199502 0.0185101
0 0.42627 0.705603 0.0188854 0.0195526
0 0.665844 0.113214 0.0280316 0.028174
0 0.865731 0.719055 0.0241668 0.021809
0 0.694724 0.231501 0.027612 0.0232152
0 0.425777 0.0306242 0.0311764 0.0189363
0 0.994185 0.697428 0.0113699 0.0133169
0 0.314469 0.181243 0.0218361 0.0198526
0 0.875684 0.810094 0.0279865 0.0233465
0 0.311034 0.202351 0.0311852 0.0284173
0 0.258216 0.837561 0.0209138 0.0198177
0 0.427048 0.88002 0.0213961 0.0197165
0 0.607377 0.832922 0.0149642 0.0148154
0 0.446102 0.261793 0.0276825 0.0185777
0 0.751668 0.00421703 0.0307873 0.00843405
0 0.871482 0.163522 0.0267749 0.0232344
0 0.474339 0.879161 0.0252049 0.026629
0 0.961341 0.158281 0.0218349 0.0215862
0 0.95919 0.528755 0.0265088 0.0344632
0 0.363163 0.757851 0.0194928 0.0162537
0 0.393267 0.384994 0.0241509 0.020163
0 0.332249 0.951756 0.0451902 0.0241074
0 0.106734 0.62161 0.0160061 0.0176854
0 0.456771 0.690513 0.0273807 0.0234473
0 0.120842 0.836771 0.0202603 0.0209372
0 0.712878 0.314003 0.0395483 0.0257024
0 0.317304 0.205398 0.0332101 0.0301244
0 0.345089 0.587921 0.025508 0.0302106
0 0.274957 0.356449 0.0339901 0.0327171
0 0.889216 0.0077291 0.0274599 0.0154582
0 0.522016 0.274845 0.0257474 0.0230795
0 0.960762 0.0936735 0.0224634 0.0215343
0 0.491387 0.710669 0.0273394 0.0230771
0 0.182391 0.781168 0.016493 0.0212618
0 0.253376 0.354046 0.0290076 0.0209215
0 0.522805 0.709299 0.0269771 0.0258325
0 0.519406 0.462447 0.029838 0.0249023
0 0.388487 0.27685 0.023141 0.0281951
0 0.491388 0.533218 0.0180989 0.015348
0 0.502848 0.390141 0.0259351 0.0301697
0 0.676416 0.695231 0.0228403 0.0207184
0 0.401804 0.108173 0.0340891 0.0246464
0 0.343133 0.620322 0.0336666 0.0211067
0 0.244092 0.369519 0.0303351 0.0196823
0 0.930892 0.595863 0.0258595 0.0222231
0 0.88742 0.414355 0.0276725 0.031191
0 0.378008 0.776399 0.0240324 0.0230148
0 0.400551 0.113114 0.0372347 0.0286388
0 0.119912 0.146256 0.0213627 0.0168395
0 0.0106393 0.78554 0.0212786 0.0230058
0 0.502563 0.706358 0.0159198 0.0143412
0 0.458805 0.685409 0.0282771 0.0277768
0 0.373501 0.833337 0.0367601 0.0217286
0 0.772605 0.0372771 0.0232577 0.0191176
0 0.717461 0.00698867 0.0245169 0.0139773
0 0.430761 0.704379 0.026333 0.0237864
0 0.932308 0.311537 0.0232735 0.0192462
0 0.32432 0.975613 0.028547 0.0221698
0 0.695037 0.697695 0.0204903 0.0225635
0 0.354632 0.786855 0.0310921 0.0298541
0 0.0247056 0.976663 0.0342815 0.0261877
0 0.0324905 0.992126 0.0189317 0.0157483
0 0.794423 0.0683321 0.0259323 0.0239469
0 0.641629 0.693607 0.032164 0.0287393
0 0.00654288 0.0690001 0.0130858 0.0171496
0 0.8742 0.837135 0.0296096 0.0189496
0 0.463591 0.971319 0.0281735 0.024025
0 0.221794 0.171958 0.038746 0.0352206
0 0.214779 0.680154 0.0278249 0.0241376
0 0.557463 0.996128 0.0176421 0.00774449
0 0.367144 0.395518 0.0306932 0.0267738
0 0.495398 0.533164 0.0230982 0.0205731
0 0.96604 0.663093 0.0229678 0.0234924
0 0.709077 0.584424 0.0278319 0.0233078
0 0.19759 0.559182 0.0241134 0.0248278
