0 0.81917 0.278796 0.222965 0.186325
0 0.0407084 0.525692 0.0814167 0.118218
0 0.556946 0.645551 0.216798 0.174138
0 0.732744 0.951909 0.195444 0.0961825
0 0.651675 0.105674 0.213726 0.158642
0 0.482271 0.887024 0.193452 0.168221
0 0.360347 0.324747 0.222226 0.199314
0 0.726501 0.594344 0.204315 0.126941
0 0.112101 0.0635328 0.219733 0.127066
0 0.708072 0.722433 0.180833 0.152711
0 0.915027 0.666787 0.169946 0.168433
0 0.64501 0.321252 0.158763 0.15355
0 0.265071 0.8672 0.183963 0.189167
0 0.0429901 0.565516 0.0859802 0.198375
0 0.202357 0.588946 0.203567 0.168921
0 0.133358 0.928674 0.174285 0.142652
0 0.736397 0.724675 0.235841 0.167783
0 0.729358 0.694371 0.217109 0.198105
0 0.252188 0.846104 0.186194 0.168894
0 0.965677 0.236311 0.0686462 0.149462
0 0.0777501 0.706342 0.1555 0.151202
0 0.968676 0.26632 0.0626477 0.191149
0 0.0474337 0.953651 0.0948673 0.0926987
0 0.232056 0.601911 0.252264 0.1965
