0 0.691635 0.229077 0.200737 0.183457
0 0.953735 0.605154 0.0922332 0.198753
0 0.243677 0.91068 0.294388 0.17864
0 0.333635 0.241731 0.188645 0.186327
0 0.547387 0.909149 0.301044 0.181154
0 0.786516 0.931696 0.193565 0.136608
0 0.0921727 0.488392 0.184345 0.165881
0 0.186378 0.115316 0.18444 0.131904
0 0.495813 0.255387 0.194165 0.198538
0 0.964877 0.896714 0.0695503 0.206572
0 0.0427561 0.112866 0.0855123 0.151707
0 0.510315 0.0714006 0.221059 0.142801
0 0.970761 0.0983699 0.0580236 0.168166
0 0.967635 0.360621 0.0640739 0.130693
0 0.941029 0.589791 0.116215 0.208451
