0 0.324772 0.415344 0.210133 0.171985
0 0.532536 0.501015 0.193108 0.171489
0 0.209958 0.241943 0.186946 0.159971
0 0.344691 0.599472 0.192905 0.176923
0 0.645112 0.76311 0.199823 0.166698
0 0.0955669 0.0855359 0.190828 0.170683
0 0.91085 0.118341 0.178299 0.190619
0 0.721488 0.339713 0.199989 0.161249
0 0.845531 0.729674 0.194635 0.138959
0 0.830274 0.855741 0.174151 0.125786
0 0.750206 0.505772 0.186841 0.168918
0 0.398301 0.0648468 0.192227 0.129694
0 0.930662 0.892789 0.136074 0.143986
0 0.136727 0.953277 0.159966 0.0934455
0 0.232629 0.874642 0.252794 0.205238
0 0.916414 0.485029 0.167171 0.181366
0 0.459203 0.230484 0.327976 0.130992
0 0.0316771 0.957541 0.0633542 0.0849172
0 0.228103 0.36739 0.17112 0.120321
0 0.210521 0.921878 0.308275 0.156243
0 0.919496 0.456439 0.15915 0.15105
0 0.894495 0.0715278 0.211011 0.143056
0 0.920345 0.753439 0.117619 0.128653
0 0.510949 0.23145 0.223382 0.124049
