0 0.220465 0.861285 0.193096 0.166479
0 0.927904 0.266493 0.144192 0.160646
0 0.828908 0.859028 0.22508 0.178355
0 0.368998 0.387237 0.184929 0.157328
0 0.824119 0.121603 0.20743 0.154441
0 0.0683828 0.194439 0.136766 0.145971
0 0.295773 0.218264 0.235624 0.180055
0 0.0397881 0.852671 0.0795763 0.161867
0 0.55096 0.656854 0.20287 0.184072
0 0.0560518 0.68006 0.112104 0.186874
0 0.788412 0.280781 0.18924 0.16906
0 0.45426 0.0783277 0.207686 0.156655
0 0.108307 0.313573 0.198718 0.175506
0 0.509857 0.647297 0.281162 0.195879
0 0.336172 0.0282762 0.162014 0.0565523
0 0.562922 0.415609 0.236991 0.183542
0 0.648281 0.181737 0.187223 0.173975
0 0.810851 0.597592 0.267428 0.202258
0 0.649592 0.047746 0.233099 0.0954919
