0 0.95959 0.560246 0.0808203 0.181162
0 0.944278 0.947181 0.111443 0.105638
0 0.297492 0.0625914 0.235907 0.125183
0 0.229726 0.352132 0.205704 0.162677
0 0.728456 0.941295 0.2014 0.117411
0 0.452941 0.848272 0.196734 0.194304
0 0.727264 0.724865 0.234512 0.197787
0 0.726455 0.690567 0.247692 0.257212
0 0.152544 0.869366 0.21249 0.188812
0 0.687281 0.213275 0.21763 0.181427
0 0.341075 0.94725 0.183928 0.1055
0 0.939536 0.562118 0.119451 0.198927
0 0.905499 0.0898209 0.189001 0.179642
0 0.905554 0.12851 0.188892 0.257021
0 0.878877 0.263917 0.209717 0.157116
0 0.381327 0.252984 0.160982 0.161669
0 0.719678 0.633055 0.237917 0.15027
0 0.0296651 0.28909 0.0593303 0.136653
0 0.19488 0.632964 0.193815 0.170321
0 0.486975 0.839009 0.262032 0.182244
0 0.274802 0.791672 0.185711 0.16743
0 0.417535 0.6619 0.284108 0.176207
0 0.453343 0.249096 0.296645 0.176608
0 0.690815 0.763227 0.278512 0.151953
