0 0.90582 0.502284 0.0290537 0.023555
0 0.855692 0.753336 0.0301952 0.0258957
0 0.580076 0.537738 0.0285431 0.0246667
0 0.501767 0.666553 0.0296681 0.025467
0 0.953892 0.648365 0.0297849 0.0253354
0 0.521126 0.920382 0.0231013 0.0225974
0 0.464975 0.45952 0.0299226 0.0257765
0 0.123808 0.378047 0.0270307 0.0243222
0 0.11405 0.768539 0.027005 0.0220016
0 0.449264 0.908478 0.0335481 0.0272515
0 0.332241 0.856305 0.0248976 0.0218686
0 0.94057 0.975402 0.0285199 0.0254068
0 0.645717 0.71554 0.0300162 0.0270351
0 0.312039 0.567558 0.0295314 0.0288613
0 0.193909 0.117596 0.0280221 0.0253494
0 0.250193 0.581758 0.0335193 0.023734
0 0.872797 0.396459 0.0323978 0.0264282
0 0.0342383 0.733702 0.0284666 0.0218954
0 0.0636952 0.517938 0.0289693 0.0238075
0 0.732014 0.0425089 0.024829 0.0226299
0 0.115628 0.339038 0.02774 0.0265626
0 0.219399 0.0127716 0.0257099 0.0218644
0 0.985785 0.0902518 0.0284306 0.026095
0 0.74271 0.913952 0.0264334 0.0232345
0 0.641384 0.6857 0.0327892 0.0279838
0 0.303884 0.0386439 0.0272485 0.0261168
0 0.988391 0.590187 0.0232172 0.0233559
0 0.0959016 0.270241 0.0311172 0.0263532
0 0.289845 0.842713 0.026705 0.0227892
0 0.374733 0.724724 0.033392 0.0292682
0 0.272532 0.806773 0.0265086 0.0246772
0 0.300331 0.905678 0.0305755 0.0267141
0 0.406265 0.230833 0.0302473 0.0258816
0 0.0866678 0.780583 0.0312715 0.025112
0 0.922497 0.0105487 0.0253091 0.0210974
0 0.372645 0.849486 0.0312176 0.028515
0 0.403543 0.746827 0.0291937 0.0247215
0 0.727098 0.737965 0.0431828 0.0241778
0 0.547289 0.117159 0.0332683 0.0316161
0 0.703626 0.226792 0.0269031 0.0246523
0 0.0448238 0.0625976 0.0269438 0.0223305
0 0.0914115 0.445756 0.0381236 0.0262382
0 0.856503 0.519337 0.0314326 0.0272566
0 0.900916 0.929172 0.0227318 0.0239356
0 0.703004 0.501316 0.0325738 0.0288414
0 0.740671 0.420715 0.0269974 0.0251009
0 0.0827846 0.372821 0.0299751 0.0266536
0 0.567077 0.22827 0.0304108 0.0280256
0 0.672003 0.468842 0.028995 0.0251291
0 0.719479 0.457784 0.0296069 0.024561
0 0.444943 0.699851 0.0347843 0.0286942
0 0.0257933 0.429071 0.0298634 0.0261711
0 0.0161434 0.238261 0.0314961 0.0289242
0 0.949197 0.887066 0.0249295 0.0222315
0 0.769949 0.402301 0.0266052 0.0254785
0 0.741984 0.124727 0.0294508 0.0274432
0 0.179808 0.934182 0.0421999 0.0350392
0 0.116183 0.492678 0.028267 0.0245064
0 0.495575 0.909801 0.0207842 0.0226489
0 0.383049 0.0768476 0.0261618 0.0247985
0 0.363094 0.48183 0.0296999 0.0281619
0 0.484372 0.511615 0.0290944 0.0269173
0 0.89357 0.84796 0.0267276 0.0267898
0 0.384814 0.411656 0.0288441 0.02438
0 0.514785 0.718789 0.0333696 0.0238612
0 0.570147 0.90835 0.0323665 0.0334598
0 0.378155 0.692205 0.024666 0.0213678
0 0.916928 0.131341 0.0266612 0.0249958
0 0.174274 0.301716 0.0293235 0.0258974
0 0.509936 0.961077 0.0266446 0.0259601
0 0.759915 0.194393 0.0258746 0.0228484
0 0.538494 0.590802 0.0336651 0.0282934
0 0.919791 0.822104 0.0271521 0.0243604
0 0.121615 0.23088 0.0274177 0.0203063
0 0.348735 0.577518 0.0255286 0.0234688
0 0.503133 0.585959 0.0310557 0.0261596
0 0.953593 0.41761 0.0361325 0.024141
0 0.199669 0.464433 0.0263743 0.0232181
0 0.589136 0.666526 0.0253032 0.0221288
0 0.83196 0.231315 0.0245877 0.0214058
0 0.401221 0.130143 0.0299246 0.0272905
0 0.253138 0.696305 0.0299248 0.0250852
0 0.185288 0.262469 0.0311058 0.0241701
0 0.540665 0.716795 0.028026 0.0256868
0 0.0408907 0.45015 0.0386873 0.0194112
0 0.325128 0.222845 0.0285352 0.0251289
0 0.417734 0.553395 0.0233299 0.0214148
0 0.794573 0.522301 0.0314276 0.0283968
0 0.951844 0.567784 0.0239679 0.0223173
0 0.168942 0.868277 0.0300475 0.0259253
0 0.0530788 0.275585 0.0333977 0.0332811
0 0.430677 0.457793 0.0241842 0.0233847
0 0.144275 0.338786 0.0302313 0.0266131
0 0.969656 0.914875 0.0259842 0.0186102
0 0.293557 0.939849 0.0301867 0.0271139
0 0.300068 0.319467 0.0283731 0.0270527
0 0.0251815 0.360738 0.0312399 0.0272017
0 0.853263 0.978323 0.0280175 0.0236105
0 0.496702 0.797562 0.0359468 0.0328818
0 0.387448 0.520154 0.0228343 0.0232432
0 0.526413 0.299841 0.0299559 0.0277933
0 0.851834 0.110305 0.0247153 0.021454
0 0.0136592 0.506707 0.0246117 0.0159408
0 0.874824 0.0623924 0.0251228 0.0220431
0 0.887303 0.102637 0.0287188 0.0251729
0 0.738858 0.28917 0.025244 0.0213722
0 0.378485 0.672508 0.023596 0.0205475
0 0.186467 0.196997 0.0323508 0.0275582
0 0.224361 0.216716 0.0310828 0.022584
0 0.186289 0.784791 0.0296183 0.0236133
0 0.0839033 0.151772 0.0260839 0.0240813
0 0.291606 0.701644 0.0428688 0.0226089
0 0.110657 0.904473 0.0365796 0.0285168
0 0.574287 0.350031 0.0214893 0.0228551
0 0.256571 0.447699 0.029614 0.0247783
0 0.776787 0.67667 0.0278211 0.0231796
0 0.0982605 0.167597 0.0232117 0.0226123
0 0.514437 0.687732 0.0330041 0.0266821
0 0.54739 0.173027 0.0246683 0.0208598
0 0.342187 0.257031 0.0286907 0.0247223
0 0.566266 0.659891 0.0323033 0.0257288
0 0.608526 0.153025 0.0246783 0.0226698
0 0.600431 0.867423 0.0440805 0.0351419
0 0.613362 0.0885747 0.0293121 0.0256062
0 0.274164 0.484551 0.0322609 0.0248212
0 0.0178969 0.270073 0.0322267 0.0276757
0 0.45414 0.824375 0.0290673 0.0269055
0 0.00564903 0.447537 0.0112981 0.0232259
0 0.0110822 0.00510668 0.0221645 0.0102134
0 0.715114 0.816642 0.0387688 0.0314401
0 0.862583 0.427667 0.0246704 0.0223858
0 0.486047 0.44573 0.0280244 0.0220419
0 0.193492 0.564155 0.0379371 0.0340678
0 0.854175 0.949084 0.0252804 0.0247484
0 0.623302 0.0347455 0.0239568 0.0260608
0 0.240248 0.0483725 0.0273747 0.024854
0 0.990879 0.629373 0.0182412 0.0262601
0 0.822942 0.406426 0.0252963 0.0221343
0 0.266775 0.196962 0.0290094 0.0252127
0 0.963746 0.0339531 0.0285789 0.0289302
0 0.828768 0.802757 0.0237231 0.0232453
0 0.91998 0.1625 0.0273073 0.0235322
0 0.143955 0.211664 0.0299034 0.0267051
0 0.544034 0.992972 0.0253565 0.0140555
0 0.36351 0.642126 0.0316066 0.0271606
0 0.807384 0.850015 0.0317324 0.0225978
0 0.929169 0.402811 0.0328636 0.0261354
0 0.119953 0.983116 0.0429531 0.0316244
0 0.707834 0.255955 0.032114 0.0296253
0 0.832844 0.913852 0.0270781 0.0197923
0 0.246612 0.798698 0.0289278 0.0223912
0 0.167749 0.668113 0.031749 0.0254443
0 0.406113 0.0612506 0.0271085 0.0258701
0 0.980547 0.506671 0.0268247 0.0228244
0 0.204055 0.335226 0.0254892 0.0209812
0 0.724741 0.162961 0.0296463 0.0229415
0 0.843111 0.422519 0.0248679 0.0244321
0 0.631862 0.658239 0.0404994 0.0251548
0 0.670328 0.309852 0.0343829 0.0317786
0 0.282864 0.120925 0.0244862 0.0232201
0 0.770122 0.442127 0.022262 0.023614
0 0.270419 0.413602 0.0397598 0.0292003
0 0.439967 0.399688 0.025732 0.0247869
0 0.452882 0.417986 0.0246826 0.0202614
0 0.242951 0.642415 0.0298743 0.0247333
0 0.538242 0.331285 0.0347484 0.0330327
0 0.872229 0.924618 0.0253574 0.0228091
0 0.599093 0.69086 0.041915 0.0252434
0 0.490096 0.0607192 0.0263372 0.0243826
0 0.847332 0.152659 0.0344834 0.0247558
0 0.35997 0.436441 0.031763 0.0290401
0 0.746144 0.502813 0.0331471 0.0295219
0 0.655409 0.768921 0.026469 0.0216312
0 0.817411 0.887156 0.0253009 0.0199196
0 0.179571 0.335641 0.0250742 0.0216667
0 0.504031 0.0847134 0.0292162 0.023574
0 0.449864 0.438794 0.0309997 0.027074
0 0.298042 0.743644 0.0231653 0.0250266
0 0.591132 0.72571 0.0248311 0.0215811
0 0.908304 0.986444 0.032569 0.0271116
0 0.47061 0.140947 0.0272495 0.0258039
0 0.208823 0.614654 0.0249779 0.0250924
0 0.569137 0.742297 0.0237213 0.0316373
0 0.777709 0.110808 0.0375801 0.0277166
0 0.732049 0.0984762 0.0349329 0.0237596
0 0.823964 0.94597 0.0313327 0.0278256
0 0.32023 0.74623 0.0249054 0.022586
0 0.611806 0.737399 0.0281089 0.0273669
0 0.257863 0.993898 0.0288274 0.0122037
0 0.262336 0.925659 0.0305685 0.0207779
0 0.0059803 0.376243 0.0119606 0.032104
0 0.184138 0.710351 0.0283486 0.0256507
0 0.703676 0.196921 0.026915 0.021862
0 0.145992 0.689984 0.0238675 0.0222958
0 0.615835 0.506124 0.0315178 0.026474
0 0.353624 0.0169675 0.0258398 0.022171
0 0.560273 0.815705 0.0266441 0.0239624
0 0.623586 0.975847 0.0319389 0.0273985
0 0.81698 0.0695283 0.0334984 0.0216031
0 0.700856 0.853362 0.028577 0.0241452
0 0.487635 0.308577 0.021202 0.0171259
0 0.127519 0.463944 0.0247156 0.0205645
0 0.0748265 0.120197 0.0353587 0.0230586
0 0.818051 0.0986108 0.0323871 0.0273102
0 0.0723924 0.113397 0.0377062 0.0336117
0 0.623992 0.773054 0.0316743 0.0332181
0 0.0761902 0.0732887 0.0346674 0.0291499
0 0.664371 0.604643 0.038494 0.0259653
0 0.714691 0.385061 0.0615265 0.0630588
0 0.555575 0.762952 0.0293539 0.0261713
0 0.251481 0.794171 0.0390041 0.0294126
0 0.0769301 0.122981 0.0326664 0.0191587
0 0.32817 0.0797013 0.035204 0.0273605
0 0.519695 0.142296 0.0317038 0.0267767
0 0.305964 0.120766 0.02382 0.0226588
0 0.588654 0.384767 0.0249866 0.0219288
0 0.861577 0.14005 0.0306982 0.0250898
0 0.488761 0.254799 0.0389876 0.0375937
0 0.943506 0.602063 0.0342999 0.0200447
0 0.990112 0.625387 0.0189192 0.0244471
0 0.691088 0.959935 0.0315155 0.033038
0 0.978624 0.615731 0.022445 0.0221228
0 0.887406 0.180963 0.0316951 0.0247622
0 0.848129 0.927007 0.0218799 0.0208763
0 0.339514 0.402263 0.0224683 0.0240816
0 0.799334 0.871346 0.0415628 0.0236105
0 0.482817 0.984225 0.0247498 0.0213199
0 0.977952 0.562591 0.026778 0.0255783
0 0.302087 0.813047 0.0257999 0.027926
0 0.266283 0.408884 0.0385576 0.0311179
0 0.565616 0.681077 0.0272291 0.0198932
0 0.72962 0.764149 0.0237061 0.020372
0 0.114671 0.14842 0.0249384 0.0278141
0 0.622986 0.992329 0.0329227 0.0153429
0 0.325196 0.523176 0.0454509 0.0284086
0 0.656157 0.987255 0.0272481 0.0254897
0 0.0653433 0.360036 0.0252046 0.0295087
0 0.643121 0.456401 0.0286615 0.0243594
0 0.375485 0.361329 0.0297792 0.0275887
0 0.681589 0.855791 0.0212227 0.0207065
0 0.605078 0.22842 0.0295699 0.0245094
0 0.53775 0.337141 0.0338482 0.0244861
0 0.403071 0.517932 0.0230716 0.0221125
0 0.362039 0.393365 0.0273685 0.0262547
0 0.465755 0.611934 0.0152368 0.0196823
0 0.716825 0.947693 0.0332364 0.0276145
0 0.090347 0.200135 0.0401448 0.0290754
0 0.930262 0.929301 0.0261299 0.0268399
0 0.277828 0.102173 0.0261012 0.0211902
0 0.260137 0.235987 0.0383052 0.0286887
0 0.847498 0.615085 0.0325624 0.0220127
0 0.236339 0.0983292 0.0315104 0.0235099
0 0.66417 0.400584 0.0184009 0.0178456
0 0.0282241 0.0321598 0.0283747 0.0228339
0 0.932619 0.448639 0.0395267 0.0287543
0 0.962373 0.874272 0.0261447 0.0246786
0 0.298256 0.38973 0.0359086 0.0288101
0 0.86035 0.445709 0.0240155 0.0182286
0 0.730855 0.144511 0.0202698 0.0181787
0 0.872685 0.948277 0.0176194 0.0198749
0 0.540003 0.327226 0.0334381 0.028886
0 0.638703 0.0768969 0.0265236 0.0278804
0 0.542134 0.192228 0.0298988 0.0244668
0 0.662281 0.238017 0.0277393 0.0308324
0 0.584417 0.193601 0.0270305 0.0236869
0 0.0744346 0.365466 0.0338533 0.0290459
0 0.541543 0.960533 0.0318435 0.0277856
0 0.545096 0.621831 0.0273509 0.0237452
0 0.419102 0.201446 0.0349447 0.0290485
0 0.127488 0.0428861 0.0285793 0.025453
0 0.77265 0.778131 0.0280682 0.0268179
0 0.834301 0.0350704 0.0223511 0.0278981
0 0.950631 0.601779 0.0420943 0.019528
0 0.672251 0.197216 0.0241499 0.019457
0 0.902074 0.193993 0.0250073 0.0177371
0 0.639392 0.0815362 0.0241184 0.0230622
0 0.434542 0.669148 0.0280998 0.024054
0 0.854949 0.148836 0.0298691 0.0214306
0 0.916207 0.96424 0.0285672 0.0222861
0 0.27294 0.191862 0.0447712 0.0340324
0 0.757623 0.9392 0.0314702 0.0226933
0 0.823281 0.51935 0.0253647 0.0230507
0 0.555819 0.0516257 0.0298744 0.0267644
0 0.524843 0.407265 0.0244304 0.0218504
0 0.225248 0.464092 0.0360188 0.021868
0 0.190887 0.711015 0.0389249 0.0261058
0 0.882989 0.993899 0.0327524 0.0122021
0 0.6583 0.235675 0.0372406 0.0332363
0 0.798029 0.0464405 0.0366241 0.0233747
0 0.677868 0.162908 0.0225311 0.0188029
0 0.126063 0.167794 0.023243 0.0207419
0 0.585886 0.0272189 0.0234021 0.0227887
0 0.736211 0.624721 0.0294858 0.024839
0 0.394737 0.519602 0.0330199 0.0232811
0 0.772179 0.678424 0.0357708 0.0256802
0 0.801809 0.804264 0.0241596 0.0239984
0 0.918151 0.774935 0.0388379 0.0470026
0 0.771621 0.842606 0.0252365 0.0188121
0 0.781704 0.106903 0.0348602 0.0320292
0 0.534062 0.694372 0.0204574 0.0203913
0 0.759329 0.610729 0.0372577 0.0281307
0 0.856839 0.0272679 0.029093 0.0207245
0 0.405831 0.51877 0.0272658 0.0290278
0 0.305772 0.81847 0.0243444 0.0257096
0 0.139177 0.619134 0.0330374 0.0293759
0 0.293944 0.196544 0.0214742 0.0205868
0 0.442239 0.171074 0.018624 0.0189603
0 0.75473 0.609937 0.0301583 0.0252061
0 0.0111021 0.916943 0.0222042 0.0226088
0 0.257598 0.791502 0.0457699 0.0303864
0 0.65832 0.97908 0.0311026 0.0373065
0 0.0842309 0.201338 0.0297155 0.0271552
0 0.891499 0.0583625 0.021534 0.0230582
0 0.992202 0.564497 0.0155885 0.0274179
0 0.114133 0.707263 0.0387562 0.0310394
0 0.622803 0.986098 0.0345778 0.027169
0 0.78668 0.0945479 0.027691 0.0218492
0 0.894355 0.990946 0.0206411 0.0181072
0 0.626111 0.77715 0.0316423 0.0309933
0 0.854577 0.586301 0.0303271 0.0265809
0 0.925238 0.0765842 0.021904 0.0153415
0 0.281648 0.18438 0.0239514 0.0205011
0 0.734297 0.143715 0.0277143 0.021143
0 0.564817 0.752127 0.0260004 0.0286322
0 0.438757 0.670947 0.0257092 0.0259952
0 0.484944 0.361398 0.0343623 0.0320647
0 0.890915 0.95653 0.0222571 0.0240967
0 0.848649 0.602233 0.0409164 0.0490053
0 0.818872 0.676237 0.0264865 0.0234039
0 0.541379 0.323008 0.0327097 0.0210385
0 0.65235 0.888627 0.0354546 0.0254425
0 0.786264 0.934323 0.0275275 0.0233129
0 0.133906 0.222665 0.014094 0.0149108
0 0.566465 0.952397 0.0308547 0.0289383
0 0.294367 0.93554 0.0334199 0.0335646
0 0.63259 0.050371 0.0252081 0.0197368
0 0.85769 0.150745 0.0308148 0.0282158
0 0.898499 0.0679385 0.026525 0.0251754
0 0.853472 0.973411 0.0286573 0.0293396
0 0.294467 0.836672 0.0304125 0.0338299
0 0.441583 0.520145 0.0349104 0.0273019
0 0.739457 0.774627 0.0192084 0.0221595
0 0.013481 0.493753 0.0269621 0.0254955
0 0.980713 0.857119 0.0332972 0.0237045
0 0.328505 0.664408 0.0270363 0.0255179
0 0.882022 0.815184 0.0271254 0.0329474
0 0.279694 0.100066 0.0319765 0.0255243
0 0.359241 0.397269 0.024648 0.0315901
0 0.75644 0.32166 0.016879 0.0207525
0 0.890885 0.184 0.0394686 0.0282675
0 0.322715 0.974079 0.0452276 0.0509381
0 0.0070376 0.378345 0.0140752 0.0380157
0 0.713485 0.611727 0.0331099 0.0261009
0 0.5685 0.0337248 0.0232161 0.0266423
0 0.34635 0.578126 0.0321387 0.0275803
0 0.983315 0.565095 0.0320749 0.0275361
0 0.951592 0.76411 0.0227363 0.0130728
0 0.852582 0.930487 0.0213647 0.0216849
0 0.918177 0.714113 0.0327619 0.0287305
0 0.700921 0.599151 0.0344307 0.0272536
0 0.584446 0.38175 0.0317885 0.0270183
0 0.296659 0.0098657 0.0337211 0.0197314
0 0.538933 0.150437 0.0142565 0.0163221
0 0.280787 0.191552 0.0375779 0.0310685
0 0.772217 0.110231 0.0282767 0.0254898
0 0.00655558 0.258343 0.0131112 0.0214296
0 0.810101 0.172038 0.0155922 0.013825
0 0.197825 0.483364 0.0276118 0.0173242
0 0.875953 0.811578 0.036828 0.0336207
0 0.0827938 0.781733 0.0400161 0.0294666
0 0.893872 0.055058 0.0228 0.0186225
0 0.264802 0.789358 0.032109 0.0250949
0 0.907759 0.888986 0.0282765 0.0244098
0 0.235519 0.986667 0.0373033 0.0260502
0 0.331586 0.0633844 0.0288296 0.0212157
0 0.874484 0.805572 0.0335115 0.0217834
0 0.578151 0.378781 0.0212305 0.0224468
0 0.257399 0.00366062 0.0177952 0.00732123
0 0.394617 0.324881 0.0358649 0.0297765
0 0.514221 0.713915 0.0343402 0.0266541
0 0.706725 0.606329 0.044612 0.0341859
0 0.0320038 0.903621 0.038677 0.0229971
0 0.970612 0.912353 0.0297965 0.0237525
0 0.00579942 0.89509 0.0115988 0.0240415
0 0.854983 0.0557754 0.0258661 0.0207003
0 0.243266 0.643634 0.0383007 0.0281476
0 0.583978 0.386012 0.0373754 0.0294824
0 0.372417 0.645366 0.0258033 0.0250825
0 0.741834 0.619539 0.0352342 0.029385
0 0.727303 0.736593 0.0539856 0.0281552
0 0.992325 0.571997 0.0151413 0.0251677
0 0.988902 0.895903 0.0221001 0.0198178
0 0.524602 0.404838 0.0202866 0.0232559
0 0.202032 0.710902 0.0232238 0.0213059
0 0.0125307 0.489509 0.0250614 0.0195175
0 0.585785 0.190557 0.0306637 0.0312989
0 0.920556 0.0113744 0.034596 0.0227489
0 0.648193 0.783153 0.0262105 0.0246117
0 0.645109 0.784777 0.020817 0.0186267
0 0.80325 0.807747 0.0266235 0.0309488
0 0.88294 0.821305 0.0236296 0.0250561
