0 0.12263 0.817757 0.0260663 0.024561
0 0.0151689 0.439694 0.0303379 0.0273328
0 0.902238 0.615891 0.0246425 0.0223114
0 0.519276 0.291525 0.0265017 0.0233124
0 0.745206 0.715161 0.0328647 0.0204645
0 0.984532 0.552725 0.0279105 0.0217597
0 0.722679 0.189553 0.0244952 0.0232712
0 0.742082 0.401488 0.0243928 0.0235123
0 0.742702 0.537781 0.026297 0.0230841
0 0.61177 0.267504 0.0246111 0.0235601
0 0.972565 0.230281 0.0260022 0.0250678
0 0.0110917 0.360337 0.0221834 0.0233823
0 0.543444 0.227563 0.02789 0.0244412
0 0.74167 0.163449 0.0233793 0.0221374
0 0.964011 0.428059 0.0284531 0.0230886
0 0.991599 0.36586 0.016802 0.0240178
0 0.693955 0.947164 0.0338994 0.0221085
0 0.652014 0.288556 0.0245787 0.0232287
0 0.886382 0.260618 0.0273834 0.023466
0 0.532602 0.546543 0.024802 0.0242241
0 0.941687 0.0413279 0.0270184 0.0214641
0 0.422669 0.0949819 0.0288484 0.0262543
0 0.791192 0.64704 0.028085 0.0243932
0 0.617935 0.230087 0.0249918 0.0235391
0 0.403478 0.928594 0.0289914 0.0244924
0 0.696064 0.994665 0.0300812 0.0106699
0 0.664786 0.0457938 0.0286402 0.0232802
0 0.835137 0.708007 0.0296387 0.0246261
0 0.482423 0.992591 0.0285956 0.014818
0 0.921153 0.990664 0.0310507 0.0186712
0 0.551013 0.307882 0.0268367 0.0256799
0 0.484393 0.603748 0.0279544 0.0237563
0 0.275295 0.701767 0.0269156 0.021102
0 0.00621454 0.0248329 0.0124291 0.0246677
0 0.521551 0.679321 0.024208 0.0238329
0 0.570199 0.142447 0.0248601 0.0238488
0 0.788714 0.129655 0.02698 0.0244679
0 0.82504 0.0288652 0.0270575 0.0247584
0 0.174194 0.179239 0.0348033 0.0296264
0 0.901544 0.551997 0.0241461 0.0235258
0 0.730396 0.958798 0.0256192 0.0243036
0 0.80269 0.901318 0.0230728 0.0211635
0 0.665147 0.0704904 0.0283791 0.0223829
0 0.621836 0.861667 0.0278366 0.0245273
0 0.0106179 0.993327 0.0212357 0.0133463
0 0.413138 0.959321 0.0251904 0.0233283
0 0.914015 0.415052 0.0277835 0.0247647
0 0.0318783 0.925956 0.0290106 0.0251521
0 0.993579 0.498614 0.0128413 0.0264075
0 0.582583 0.214098 0.0248682 0.0193136
0 0.349181 0.508977 0.0244992 0.0240723
0 0.946745 0.367419 0.0279562 0.0231757
0 0.236042 0.617688 0.0309383 0.0243209
0 0.00999006 0.102817 0.0199801 0.0225117
0 0.0424334 0.38943 0.0278237 0.0282255
0 0.772682 0.705573 0.0268222 0.0249789
0 0.745656 0.797367 0.0273513 0.0236606
0 0.569526 0.190914 0.0253726 0.0163431
0 0.308043 0.361127 0.0271844 0.0242638
0 0.022245 0.118209 0.0270739 0.0228629
0 0.332626 0.782559 0.0254909 0.0203288
0 0.180792 0.586775 0.0291496 0.0257174
0 0.116102 0.851781 0.0287466 0.0212995
0 0.0460375 0.43731 0.0326727 0.0257919
0 0.0931749 0.81357 0.0275468 0.0223294
0 0.302916 0.495577 0.0259914 0.0232329
0 0.879881 0.69994 0.0244763 0.0218301
0 0.534085 0.970951 0.0272942 0.0234711
0 0.338956 0.751211 0.0246254 0.0234882
0 0.987661 0.944918 0.0246788 0.0278952
0 0.550482 0.0313725 0.022019 0.0214356
0 0.263308 0.881798 0.0268414 0.0242136
0 0.97434 0.751838 0.0256003 0.0210022
0 0.465658 0.291333 0.0296442 0.0241666
0 0.154547 0.218472 0.027136 0.0237426
0 0.526981 0.842131 0.0250506 0.022312
0 0.637284 0.838393 0.0261052 0.0232871
0 0.338223 0.413411 0.026725 0.0247097
0 0.274882 0.628275 0.0268415 0.0238558
0 0.22507 0.665461 0.0301502 0.0287912
0 0.9124 0.571902 0.0250522 0.0226787
0 0.321602 0.5098 0.0254118 0.0221599
0 0.105484 0.00440102 0.033593 0.00880203
0 0.876588 0.448044 0.0291638 0.0246255
0 0.65196 0.241822 0.0231152 0.0209121
0 0.186561 0.771077 0.0249482 0.0197116
0 0.731661 0.217836 0.0276086 0.0218489
0 0.652665 0.719402 0.0251172 0.0227672
0 0.779339 0.406135 0.0242938 0.0241341
0 0.0786044 0.963563 0.0263022 0.0245291
0 0.112025 0.253529 0.0269142 0.02419
0 0.716142 0.655288 0.031301 0.0251263
0 0.00836291 0.525651 0.0167258 0.0312771
0 0.532176 0.621758 0.0229732 0.0211919
0 0.188455 0.261347 0.0262656 0.0253526
0 0.128276 0.770169 0.0253721 0.0252536
0 0.703772 0.9742 0.0278949 0.0223209
0 0.886777 0.407838 0.0272496 0.0243409
0 0.0639335 0.993008 0.0338533 0.0139846
0 0.882112 0.973051 0.0250189 0.022854
0 0.880497 0.602631 0.0227722 0.0219129
0 0.168831 0.710512 0.0274861 0.0193326
0 0.160973 0.726317 0.0214887 0.0175885
0 0.467842 0.440943 0.0253929 0.0209495
0 0.0792651 0.032948 0.0259791 0.0241274
0 0.920159 0.480811 0.0254196 0.0227774
0 0.875329 0.636095 0.0365366 0.0234731
0 0.20815 0.591371 0.0258935 0.0233696
0 0.86907 0.366478 0.0234748 0.0224341
0 0.430852 0.0483082 0.0268927 0.0221801
0 0.830592 0.114126 0.026441 0.0203095
0 0.821309 0.868055 0.0266253 0.0233023
0 0.624293 0.622752 0.0341101 0.023212
0 0.479491 0.77231 0.0265465 0.0225792
0 0.532962 0.0112605 0.0258686 0.022521
0 0.674166 0.509974 0.0269113 0.0242338
0 0.982688 0.306488 0.0308859 0.0242441
0 0.060028 0.189893 0.0223446 0.0208479
0 0.594693 0.976005 0.0287511 0.0210907
0 0.654922 0.107836 0.0280133 0.0233711
0 0.101703 0.155275 0.0263876 0.0178287
0 0.797266 0.48293 0.026109 0.022473
0 0.338508 0.955386 0.0270282 0.0235408
0 0.297779 0.712732 0.0253168 0.0225171
0 0.640436 0.0289874 0.024478 0.0249757
0 0.890627 0.525878 0.0218823 0.0216494
0 0.36463 0.830789 0.028163 0.0262674
0 0.0956657 0.0457244 0.0284093 0.02193
0 0.247948 0.926892 0.0250872 0.0223902
0 0.993063 0.2331 0.0138732 0.0259112
0 0.108691 0.349514 0.0289821 0.0268335
0 0.439086 0.693047 0.0261362 0.0234485
0 0.988238 0.0769802 0.0230557 0.0219144
0 0.592636 0.150955 0.0244226 0.0206123
0 0.290261 0.879389 0.027443 0.0259259
0 0.340942 0.0312881 0.0265152 0.0242405
0 0.0211505 0.189164 0.0285098 0.0199001
0 0.823461 0.199174 0.0239752 0.023042
0 0.108104 0.904402 0.0327058 0.0244217
0 0.955208 0.464412 0.0310756 0.0246033
0 0.131346 0.975721 0.0253434 0.021974
0 0.238089 0.803252 0.0213512 0.0184192
0 0.991253 0.447191 0.0173965 0.0308928
0 0.65385 0.192703 0.0271396 0.0223627
0 0.623479 0.992831 0.0285646 0.0143375
0 0.443678 0.860427 0.0250101 0.021026
0 0.348602 0.80653 0.0226974 0.0205133
0 0.128648 0.0710015 0.0315268 0.024292
0 0.752079 0.772934 0.0241815 0.0214104
0 0.947855 0.568182 0.0234883 0.0206311
0 0.942136 0.0053936 0.025237 0.0107872
0 0.688677 0.733115 0.0248469 0.0226831
0 0.785546 0.728611 0.0301965 0.0236616
0 0.451783 0.393568 0.0240707 0.0220598
0 0.544647 0.872583 0.0261837 0.0227568
0 0.348536 0.88172 0.0269215 0.0237491
0 0.661362 0.741181 0.032746 0.0232599
0 0.236884 0.49406 0.0296742 0.0239905
0 0.994131 0.28501 0.011712 0.0221314
0 0.521339 0.892144 0.0304042 0.0239359
0 0.986561 0.729096 0.0268785 0.0273244
0 0.200542 0.479276 0.0268837 0.0252325
0 0.412311 0.338648 0.0251679 0.0223283
0 0.360457 0.663948 0.0237649 0.0203102
0 0.750145 0.440973 0.0249539 0.024162
0 0.861126 0.499843 0.0233957 0.0247186
0 0.392743 0.0570945 0.0258513 0.0232321
0 0.924764 0.233529 0.0249817 0.0219512
0 0.577997 0.99064 0.0349837 0.0187194
0 0.554289 0.547313 0.0247673 0.0250084
0 0.852379 0.420057 0.0248126 0.0190964
0 0.495278 0.550801 0.0260774 0.0234102
0 0.976649 0.5956 0.0297915 0.0254764
0 0.46772 0.94074 0.0272684 0.0250903
0 0.798026 0.0980005 0.0237888 0.0236796
0 0.49318 0.83773 0.0257033 0.0251315
0 0.911338 0.904582 0.0273276 0.0260324
0 0.343498 0.843338 0.0238797 0.0230324
0 0.539227 0.817242 0.0240859 0.0214921
0 0.85736 0.972155 0.0271045 0.0277251
0 0.633823 0.548463 0.0283415 0.0259708
0 0.443269 0.544145 0.0312985 0.0248616
0 0.882455 0.161613 0.0247989 0.0192857
0 0.892367 0.00944238 0.0252677 0.0188848
0 0.191109 0.942994 0.0265101 0.0213065
0 0.697669 0.386418 0.0248982 0.0237423
0 0.383328 0.5073 0.0251502 0.0229001
0 0.662626 0.393133 0.0250743 0.0215324
0 0.699322 0.515521 0.0239438 0.0194544
0 0.362027 0.749035 0.0211755 0.02052
0 0.75911 0.986891 0.0255818 0.0247443
0 0.65085 0.524512 0.0238546 0.0228102
0 0.785791 0.751757 0.0276569 0.0218222
0 0.541893 0.0519319 0.0246904 0.0215891
0 0.521923 0.471938 0.0245377 0.0218772
0 0.0148197 0.161721 0.0296394 0.0306537
0 0.670989 0.619738 0.0267904 0.0264035
0 0.920067 0.345217 0.0249426 0.0191289
0 0.768779 0.22226 0.0265812 0.0228436
0 0.956423 0.547104 0.0273563 0.0231145
0 0.779063 0.89367 0.0254989 0.0238474
0 0.0246623 0.88116 0.02474 0.0209439
0 0.988339 0.0545654 0.0233214 0.0235706
0 0.531416 0.444873 0.0258523 0.0220549
0 0.324065 0.992225 0.0266446 0.0155504
0 0.756231 0.300449 0.0289212 0.0254464
0 0.544709 0.425466 0.0281343 0.0216716
0 0.936049 0.921044 0.0350156 0.0236496
0 0.0974132 0.954302 0.028993 0.0243286
0 0.0764698 0.0634362 0.0228945 0.0215512
0 0.672133 0.989744 0.0234622 0.0205129
0 0.887749 0.584432 0.0226508 0.0216157
0 0.418495 0.389005 0.0350832 0.0260081
0 0.690953 0.89132 0.0241361 0.0237359
0 0.133678 0.312238 0.0271028 0.0238379
0 0.56391 0.811076 0.0262964 0.0219777
0 0.410019 0.493095 0.0272183 0.0251592
0 0.440242 0.271982 0.0253471 0.0224339
0 0.100141 0.0687275 0.0217452 0.0186231
0 0.378849 0.715225 0.0238922 0.0230713
0 0.0842238 0.336973 0.0267274 0.0247192
0 0.500811 0.0485548 0.0245079 0.0223269
0 0.846587 0.851845 0.0364304 0.0264467
0 0.699509 0.114541 0.0245816 0.0212899
0 0.949378 0.98331 0.025286 0.0227966
0 0.677325 0.34337 0.0245813 0.0224899
0 0.201009 0.32781 0.022257 0.0211678
0 0.433466 0.37064 0.025896 0.022086
0 0.752831 0.509906 0.0250204 0.0174683
0 0.0363392 0.858831 0.034392 0.0224473
0 0.374177 0.386178 0.0272585 0.0240318
0 0.709522 0.0575235 0.0234773 0.0232301
0 0.455802 0.778029 0.0226069 0.0219375
0 0.747347 0.903304 0.0252136 0.0213692
0 0.549276 0.777805 0.0235757 0.0236133
0 0.871722 0.244004 0.0254968 0.0213475
0 0.573585 0.0316967 0.0253623 0.023047
0 0.707209 0.0299585 0.0235726 0.0221932
0 0.195524 0.510848 0.0308354 0.0213121
0 0.417101 0.130405 0.0250833 0.0231758
0 0.554476 0.718536 0.0319235 0.0270723
0 0.118729 0.744508 0.0232106 0.0162686
0 0.301888 0.00672053 0.0231111 0.0134411
0 0.937883 0.862764 0.0316272 0.0206525
0 0.894915 0.217095 0.0271094 0.0227459
0 0.261704 0.464357 0.0239517 0.0204407
0 0.0724232 0.568251 0.0419126 0.0238929
0 0.995077 0.79021 0.00965178 0.0183102
0 0.912596 0.794993 0.025394 0.0215484
0 0.665204 0.836272 0.026886 0.0230299
0 0.837498 0.410018 0.0236819 0.021225
0 0.989752 0.770732 0.0204965 0.0209336
0 0.273833 0.480392 0.0254042 0.021129
0 0.398033 0.685771 0.0252773 0.0234802
0 0.507847 0.991758 0.0227942 0.0164844
0 0.176212 0.333471 0.0226839 0.0206792
0 0.879845 0.72784 0.0348971 0.0296333
0 0.506359 0.211358 0.0265814 0.0202404
0 0.802236 0.303834 0.0238182 0.0209121
0 0.0393289 0.714233 0.0247849 0.0236099
0 0.748678 0.373281 0.0245709 0.0244
0 0.284848 0.777997 0.0268373 0.021322
0 0.539752 0.798449 0.0233554 0.0200215
0 0.374665 0.808715 0.0300056 0.0188058
0 0.222579 0.332981 0.0232261 0.0214848
0 0.91348 0.762693 0.0248416 0.023378
0 0.981184 0.332912 0.029101 0.0248998
0 0.385222 0.660957 0.0205103 0.0218272
0 0.115172 0.223603 0.0245825 0.0217065
0 0.0196157 0.054702 0.0259089 0.0234055
0 0.77148 0.353398 0.0233588 0.0222012
0 0.467362 0.825968 0.0230443 0.0230674
0 0.701607 0.497704 0.0266865 0.0210649
0 0.354757 0.209025 0.0342661 0.0230639
0 0.626558 0.192086 0.0258336 0.0227352
0 0.81908 0.889092 0.0232164 0.0215479
0 0.892229 0.332372 0.0353097 0.0264961
0 0.318802 0.565303 0.0357722 0.0246649
0 0.314698 0.935825 0.027687 0.0200498
0 0.937596 0.710503 0.026978 0.0193982
0 0.0917504 0.763891 0.0212551 0.0184705
0 0.805193 0.393532 0.0276328 0.0235834
0 0.96815 0.0531919 0.0217325 0.0220129
0 0.334842 0.342339 0.0326719 0.0247231
0 0.698969 0.228652 0.0284116 0.0251236
0 0.181016 0.555072 0.0275666 0.0304611
0 0.642554 0.931073 0.0229294 0.0207626
0 0.569856 0.990543 0.0525751 0.0189142
0 0.603452 0.170568 0.0245355 0.023407
0 0.739548 0.992197 0.0222239 0.0156059
0 0.714896 0.143856 0.0311258 0.0246771
0 0.755115 0.273638 0.0281917 0.0224367
0 0.643871 0.411383 0.0276816 0.0221491
0 0.198606 0.112264 0.0233678 0.0241614
0 0.83945 0.608894 0.0278354 0.0233906
0 0.234209 0.0523889 0.0233833 0.0211758
0 0.855504 0.571195 0.0261377 0.0221481
0 0.366822 0.490229 0.0264603 0.0268444
0 0.429561 0.772418 0.0242813 0.0224426
0 0.508581 0.187902 0.0284997 0.0163776
0 0.799798 0.508276 0.0295081 0.0262445
0 0.176406 0.961607 0.0284227 0.0231758
0 0.270855 0.330962 0.0234992 0.0240586
0 0.569125 0.392485 0.0288256 0.0247154
0 0.952761 0.824455 0.0249748 0.0210922
0 0.509376 0.600371 0.0244055 0.0241224
0 0.789683 0.610713 0.0260821 0.0208173
0 0.797317 0.528311 0.026177 0.0213037
0 0.853995 0.593133 0.0229597 0.0213853
0 0.182011 0.222197 0.0271088 0.025985
0 0.769932 0.072259 0.0253348 0.0249822
0 0.510563 0.163138 0.0253091 0.0230594
0 0.458199 0.204483 0.0258802 0.023952
0 0.621105 0.79985 0.0255496 0.0246158
0 0.14015 0.724424 0.0226423 0.0204281
0 0.988945 0.145757 0.0221093 0.0201644
0 0.900637 0.0753266 0.0259305 0.0212529
0 0.631613 0.256763 0.0219876 0.0209733
0 0.0460913 0.951037 0.0320876 0.0201648
0 0.905454 0.965953 0.0258676 0.0199829
0 0.372259 0.124505 0.0250006 0.0220301
0 0.930163 0.451854 0.0343359 0.0275578
0 0.484276 0.348204 0.0291957 0.0215987
0 0.423347 0.815545 0.0284467 0.0215688
0 0.458329 0.080458 0.0165587 0.0218852
0 0.949285 0.16699 0.0242056 0.0206362
0 0.0910808 0.73644 0.0230535 0.022639
0 0.210054 0.821887 0.0226827 0.0231935
0 0.499669 0.881369 0.0330878 0.026644
0 0.452206 0.472138 0.0264684 0.024075
0 0.894669 0.50215 0.0350568 0.0207344
0 0.886759 0.484125 0.0441031 0.0215321
0 0.208719 0.349069 0.0209994 0.0191869
0 0.422092 0.151733 0.0343719 0.0250117
0 0.459453 0.84187 0.0270618 0.0259842
0 0.512291 0.0749539 0.0243348 0.0220167
0 0.564169 0.832691 0.0288621 0.0246958
0 0.16549 0.798868 0.0301156 0.0232651
0 0.441893 0.586062 0.0269269 0.0225604
0 0.252037 0.119653 0.0263159 0.0227603
0 0.606459 0.090583 0.0284529 0.0227398
0 0.360934 0.53506 0.0225466 0.0218066
0 0.342143 0.573217 0.0246744 0.0160799
0 0.82961 0.272671 0.0336041 0.0251483
0 0.570289 0.347156 0.0284545 0.0264346
0 0.136095 0.00925631 0.0276154 0.0185126
0 0.0841276 0.840243 0.0299942 0.0272452
0 0.955131 0.0792358 0.0292553 0.0210601
0 0.585682 0.515998 0.028789 0.0238305
0 0.0517429 0.508237 0.026409 0.0233174
0 0.994107 0.639188 0.0117127 0.0239534
0 0.365493 0.333431 0.0275145 0.0231764
0 0.0057193 0.17733 0.0114386 0.0214407
0 0.301326 0.432619 0.0285063 0.0233053
0 0.328477 0.0523091 0.0228676 0.0192867
0 0.169586 0.753121 0.0238864 0.02127
0 0.447799 0.943124 0.0183667 0.0211545
0 0.0342091 0.801994 0.0225524 0.0217682
0 0.154567 0.771613 0.0224518 0.0208021
0 0.291381 0.198569 0.0237854 0.0212284
0 0.836864 0.514706 0.0270471 0.0274984
0 0.779481 0.453604 0.0254886 0.0223105
0 0.697576 0.0116118 0.0316202 0.0232235
0 0.484263 0.461523 0.0298634 0.0215613
0 0.690042 0.26397 0.025726 0.0212056
0 0.8353 0.591084 0.0283597 0.0206359
0 0.153163 0.284173 0.0251637 0.0211565
0 0.711861 0.930468 0.0317019 0.0253793
0 0.952711 0.550735 0.0326549 0.0221762
0 0.94866 0.505597 0.0297847 0.0224906
0 0.463062 0.371032 0.0272656 0.0218587
0 0.455429 0.0344788 0.0263278 0.0214135
0 0.170118 0.893172 0.0248886 0.0237073
0 0.219565 0.76154 0.0233257 0.0226666
0 0.314854 0.769006 0.0194054 0.0167778
0 0.125372 0.558326 0.0431593 0.0344515
0 0.165128 0.134739 0.0307839 0.0216626
0 0.495492 0.0894517 0.0228238 0.0227937
0 0.745845 0.252917 0.0286667 0.022051
0 0.841168 0.0468205 0.0269979 0.0219542
0 0.286678 0.293901 0.0247236 0.0249107
0 0.645791 0.337504 0.0345427 0.0282048
0 0.606876 0.0202783 0.0303575 0.0279047
0 0.454449 0.796645 0.0357242 0.0214424
0 0.565535 0.011725 0.0279062 0.0229332
0 0.0169792 0.172518 0.0333946 0.0188144
0 0.363015 0.354621 0.0292464 0.0245381
0 0.265636 0.660995 0.0215815 0.0191797
0 0.403535 0.615031 0.0282594 0.0221542
0 0.419364 0.835428 0.0277968 0.0200192
0 0.616197 0.349522 0.0280638 0.0267995
0 0.811506 0.0518558 0.0247924 0.0226624
0 0.366206 0.0121924 0.0279739 0.0243849
0 0.351116 0.630109 0.0179089 0.0236416
0 0.698601 0.0959014 0.0230878 0.0197022
0 0.484557 0.81785 0.0260384 0.0238809
0 0.652305 0.989728 0.0232505 0.020544
0 0.55212 0.179593 0.0238299 0.0205119
0 0.176544 0.352045 0.0257987 0.020168
0 0.0131276 0.46902 0.0262552 0.0312643
0 0.265779 0.26045 0.0268677 0.0224183
0 0.21871 0.973824 0.0267886 0.0214965
0 0.286575 0.756127 0.0189903 0.0159104
0 0.0474715 0.967576 0.0275085 0.0208066
0 0.0821963 0.392872 0.0305493 0.0206097
0 0.197059 0.288236 0.0289988 0.0222862
0 0.968013 0.35832 0.0248973 0.0234947
0 0.92754 0.725228 0.0241742 0.0210077
0 0.176439 0.315371 0.024084 0.0196665
0 0.835903 0.525602 0.0243742 0.0239266
0 0.324164 0.00988523 0.0273922 0.0197705
0 0.856801 0.400081 0.0258505 0.0247251
0 0.99426 0.644209 0.0113202 0.0330382
0 0.920211 0.501043 0.0249591 0.0227911
0 0.13926 0.179273 0.0363461 0.0237367
0 0.359634 0.0985874 0.0263589 0.0178737
0 0.67939 0.814818 0.0246054 0.021705
0 0.153002 0.298463 0.0257753 0.0204067
0 0.406417 0.28449 0.0277717 0.0247386
0 0.938709 0.805402 0.0218945 0.0187346
0 0.333 0.149983 0.0268771 0.0229108
0 0.995761 0.567771 0.00833374 0.0202562
0 0.438626 0.17675 0.0347693 0.0226497
0 0.0156991 0.166648 0.0313982 0.0243813
0 0.391198 0.142584 0.0357956 0.0231817
0 0.542888 0.521077 0.0258032 0.023568
0 0.479915 0.423145 0.0264723 0.0220212
0 0.17628 0.329929 0.0238264 0.0291711
0 0.0603319 0.90332 0.0255565 0.0204276
0 0.742552 0.872424 0.0239259 0.0177896
0 0.356196 0.225359 0.0297362 0.0205476
0 0.798331 0.195249 0.024084 0.0180894
0 0.308607 0.29648 0.0241421 0.0248956
0 0.951334 0.344579 0.0247326 0.0192919
0 0.288284 0.922555 0.0256784 0.0227536
0 0.577633 0.174243 0.0202364 0.0238854
0 0.491057 0.0706125 0.0217586 0.0235645
0 0.145942 0.262264 0.0290297 0.0268645
0 0.906272 0.366875 0.0269026 0.0251104
0 0.0165768 0.0750198 0.0276047 0.020113
0 0.979539 0.860998 0.0245541 0.024798
0 0.0701003 0.176127 0.0239727 0.019819
0 0.660086 0.262614 0.0293817 0.0257227
0 0.939815 0.963654 0.0256775 0.0220701
0 0.237112 0.313651 0.0227393 0.0209528
0 0.609831 0.0732172 0.031798 0.0185814
0 0.528796 0.106839 0.0293761 0.0230561
0 0.310761 0.748523 0.0259205 0.0260351
0 0.972964 0.834799 0.0243005 0.0198822
0 0.332204 0.00950434 0.0430844 0.0190087
0 0.67802 0.871254 0.0264459 0.0278773
0 0.391148 0.833628 0.0270335 0.0233288
0 0.889589 0.493056 0.0425274 0.0362487
0 0.0255337 0.801507 0.0332816 0.0221426
0 0.872912 0.302965 0.025452 0.0297386
0 0.558102 0.88766 0.0220917 0.0224915
0 0.433118 0.220965 0.0327604 0.0308486
0 0.280958 0.00647175 0.0278663 0.0129435
0 0.977919 0.662107 0.0316198 0.0287203
0 0.930644 0.27528 0.0261762 0.0203866
0 0.634201 0.477549 0.0277348 0.0216132
0 0.32491 0.609526 0.0237225 0.025147
0 0.704301 0.867221 0.029252 0.0260352
0 0.53872 0.166239 0.0240399 0.0203899
0 0.447979 0.417293 0.0224913 0.0223405
0 0.630343 0.517751 0.0244479 0.0241292
0 0.433711 0.617417 0.0246089 0.0218552
0 0.576648 0.0512601 0.0222766 0.0198387
0 0.825992 0.372066 0.0350683 0.0286259
0 0.713488 0.575741 0.0219778 0.0241269
0 0.973359 0.885177 0.02711 0.02354
0 0.489665 0.3683 0.0240108 0.0228755
0 0.275415 0.151592 0.0304628 0.0251442
0 0.0966081 0.278039 0.0275846 0.0236166
0 0.986382 0.453282 0.0268643 0.0323647
0 0.122278 0.483498 0.0269959 0.0242349
0 0.0644564 0.0810711 0.0239195 0.0208856
0 0.701894 0.977953 0.0314767 0.0270194
0 0.308813 0.751579 0.0222111 0.0203894
0 0.00878079 0.666757 0.0175616 0.0290989
0 0.93918 0.693536 0.0319864 0.018827
0 0.491986 0.197812 0.0226484 0.0228043
0 0.886833 0.890914 0.0259772 0.0205981
0 0.762006 0.0126965 0.0299739 0.025393
0 0.577717 0.795876 0.0280595 0.0244666
0 0.917947 0.822702 0.0261402 0.0245659
0 0.18936 0.904076 0.0262309 0.0166112
0 0.872393 0.24843 0.0251614 0.029366
0 0.929965 0.286514 0.0251077 0.0232881
0 0.55446 0.990552 0.0265191 0.0188956
0 0.691572 0.199591 0.0306348 0.0269086
0 0.551 0.356589 0.0260921 0.0260954
0 0.6969 0.198629 0.0220642 0.0240036
0 0.445689 0.0150455 0.0270677 0.0246269
0 0.612406 0.713382 0.0262249 0.0213829
0 0.851161 0.417278 0.0235785 0.019752
0 0.287862 0.940559 0.0253658 0.0218003
0 0.61534 0.819376 0.0259754 0.0213232
0 0.148492 0.961325 0.0192885 0.0259122
0 0.415625 0.521474 0.0288213 0.0243296
0 0.708456 0.252381 0.0310235 0.0200406
0 0.561204 0.163925 0.0201483 0.0211902
0 0.902041 0.707867 0.0251769 0.0225269
0 0.0384798 0.0351426 0.0310154 0.0217505
0 0.229887 0.273617 0.0284081 0.0280949
0 0.841788 0.210958 0.0201504 0.0192612
0 0.00601734 0.183268 0.0120347 0.0266713
0 0.912257 0.85316 0.0246275 0.0206231
0 0.389166 0.559864 0.0305784 0.0239848
0 0.253339 0.361597 0.0251357 0.018547
0 0.275402 0.0934171 0.0239622 0.0193131
0 0.341037 0.0153218 0.0260182 0.0168964
0 0.678104 0.866293 0.0250497 0.0216271
0 0.722096 0.823343 0.0360886 0.0237654
0 0.505965 0.880607 0.0435842 0.0274149
0 0.846228 0.591687 0.0408301 0.0242123
0 0.0723239 0.70772 0.0266661 0.0238312
0 0.333859 0.727674 0.0262244 0.0209171
0 0.413967 0.449034 0.0261649 0.0295476
0 0.931602 0.0564449 0.0185208 0.0181939
0 0.710419 0.554024 0.0240399 0.0204535
0 0.19544 0.747222 0.0268263 0.0297739
0 0.791698 0.0759509 0.0212424 0.0207292
0 0.0767326 0.0674481 0.0265275 0.0228882
0 0.913915 0.0425037 0.0187392 0.0212439
0 0.871081 0.561484 0.0233485 0.0224409
0 0.291472 0.324618 0.0229095 0.0221168
0 0.392449 0.011549 0.023331 0.0229482
0 0.271936 0.924551 0.0236039 0.0218695
0 0.433817 0.0457419 0.0315857 0.0225934
0 0.121614 0.478107 0.0289879 0.0298078
0 0.528615 0.993318 0.0263579 0.013364
0 0.729675 0.861845 0.0245166 0.0218823
0 0.312808 0.132906 0.023845 0.0220835
0 0.589836 0.101474 0.0210769 0.0197544
0 0.391602 0.258918 0.0386456 0.0358903
0 0.979341 0.751016 0.0342075 0.0235889
0 0.345824 0.879677 0.0337111 0.0269471
0 0.127769 0.553662 0.0375345 0.0257367
0 0.475631 0.191776 0.018454 0.0185656
0 0.0687597 0.179215 0.027581 0.0250864
0 0.99121 0.497403 0.0172885 0.0300534
0 0.19829 0.889468 0.0324693 0.0244864
0 0.992381 0.695039 0.0150733 0.0258755
0 0.570579 0.807387 0.0366676 0.0231085
0 0.216928 0.970377 0.0267904 0.0253589
0 0.601684 0.704102 0.0283129 0.0244693
0 0.948822 0.359481 0.028838 0.0315897
0 0.945602 0.782411 0.0320271 0.0306146
0 0.892508 0.524753 0.0290381 0.0234768
0 0.871582 0.174796 0.0223944 0.0166079
0 0.459189 0.64678 0.0263577 0.018288
0 0.42857 0.943917 0.0228356 0.02306
0 0.647838 0.406827 0.0268313 0.0194937
0 0.747074 0.402049 0.0275647 0.0225926
0 0.777252 0.243767 0.0215988 0.0191937
0 0.459799 0.981133 0.0202888 0.0200306
0 0.597589 0.462134 0.0324846 0.021456
0 0.899271 0.368909 0.0402508 0.0274416
0 0.51781 0.0397225 0.0206766 0.0207704
0 0.151838 0.277781 0.0262984 0.0276203
0 0.415156 0.3408 0.0308473 0.0262674
0 0.275805 0.643423 0.0229082 0.0188009
0 0.652847 0.781198 0.02582 0.0247183
0 0.156852 0.322772 0.0208196 0.0217167
0 0.649091 0.0091674 0.0278693 0.0183348
0 0.203933 0.554015 0.0306352 0.0226758
0 0.796708 0.486875 0.0321304 0.0210297
0 0.502801 0.863244 0.0241412 0.0170876
0 0.908268 0.296778 0.022522 0.017511
0 0.841599 0.20699 0.0199738 0.0184712
0 0.0655591 0.34212 0.018343 0.0186703
0 0.88543 0.97047 0.0305547 0.0246701
0 0.0898141 0.0525073 0.0301615 0.0255882
0 0.0209432 0.780058 0.0220055 0.0222696
0 0.490219 0.201773 0.0191287 0.0193468
0 0.363752 0.358625 0.0323322 0.0321632
0 0.0438232 0.0856208 0.0279178 0.0298818
0 0.818189 0.51887 0.0220763 0.0205286
0 0.738669 0.370547 0.0362599 0.0220365
0 0.36585 0.974155 0.0307343 0.0301938
0 0.832759 0.232466 0.0270206 0.0225539
0 0.371302 0.846077 0.020715 0.0168276
0 0.204018 0.563975 0.0312856 0.0219094
0 0.821065 0.963663 0.0220174 0.021337
0 0.238192 0.0498686 0.0364596 0.0268459
0 0.0782773 0.823694 0.0218294 0.0194761
0 0.177442 0.552407 0.0284434 0.0296483
0 0.77526 0.2371 0.0243958 0.0181134
0 0.445965 0.451666 0.023229 0.0226805
0 0.781176 0.268092 0.0283041 0.0247867
0 0.364662 0.49811 0.026489 0.0297707
0 0.708266 0.050687 0.0232295 0.0206264
0 0.733592 0.369251 0.0255362 0.0198554
0 0.171432 0.464232 0.0250127 0.021917
0 0.432079 0.521602 0.0280734 0.023232
0 0.147751 0.305359 0.0172372 0.0211732
0 0.445891 0.784991 0.0185397 0.00925523
0 0.795137 0.207895 0.0303262 0.0239976
0 0.501618 0.085035 0.0163476 0.0165121
0 0.439243 0.349162 0.0198282 0.0208923
0 0.210506 0.431011 0.0218357 0.0222925
0 0.424242 0.521608 0.0435134 0.0247398
0 0.309884 0.412044 0.0216637 0.024789
0 0.392374 0.34917 0.0278275 0.0225273
0 0.871223 0.805227 0.0232541 0.0231619
0 0.617654 0.380974 0.0295405 0.029599
0 0.442781 0.977007 0.024864 0.0194623
0 0.0939271 0.606059 0.0284989 0.0223302
0 0.739071 0.86999 0.0333478 0.0231021
0 0.18745 0.753513 0.0232197 0.0204955
0 0.885265 0.720331 0.025704 0.018707
0 0.120505 0.711183 0.0252018 0.0222003
0 0.860987 0.932205 0.0269485 0.0206271
0 0.341793 0.585736 0.0253656 0.0294011
0 0.405532 0.802491 0.0201775 0.0212973
0 0.995834 0.334575 0.00833148 0.0253147
0 0.0165275 0.740362 0.0275512 0.0245051
0 0.299292 0.43812 0.0354853 0.0342673
0 0.877957 0.805954 0.0366064 0.0235252
0 0.416665 0.957392 0.0273273 0.0253103
0 0.456697 0.844905 0.0297401 0.0266716
0 0.696256 0.569735 0.0258138 0.0239003
0 0.671762 0.831436 0.0294058 0.0199299
0 0.197154 0.750963 0.0238329 0.0263153
0 0.359713 0.664434 0.0308653 0.0226877
0 0.688853 0.202516 0.0331369 0.0214488
0 0.46161 0.00411616 0.0215563 0.00823232
0 0.995152 0.651752 0.00955462 0.0214813
0 0.542692 0.501684 0.0235159 0.0228476
0 0.758817 0.614127 0.0260385 0.0221829
0 0.481471 0.0312629 0.0212219 0.0194904
0 0.0179166 0.0672121 0.0287765 0.0315325
0 0.970308 0.164622 0.0222342 0.0211881
0 0.0459172 0.0897215 0.0260594 0.0236246
0 0.936141 0.859751 0.02991 0.0206128
0 0.889884 0.804757 0.0215791 0.0211298
0 0.608183 0.710033 0.0362491 0.0277838
0 0.522966 0.678604 0.0324374 0.0272389
0 0.913752 0.312282 0.0288991 0.024638
0 0.943678 0.20756 0.025242 0.024977
0 0.78162 0.0474351 0.028029 0.0257173
0 0.906865 0.181251 0.0322242 0.0227522
0 0.388213 0.328771 0.0230589 0.0223875
0 0.455229 0.163019 0.0261748 0.0199436
0 0.202303 0.891255 0.0237239 0.0203223
0 0.666841 0.735651 0.0294205 0.0247707
0 0.946806 0.81356 0.0273364 0.0173504
0 0.327841 0.565967 0.0281631 0.0255139
0 0.650482 0.778348 0.0303009 0.0289431
0 0.929453 0.292182 0.0229422 0.0161066
0 0.040259 0.98561 0.0244549 0.0238983
0 0.492629 0.229268 0.0249834 0.0251437
0 0.219833 0.973632 0.0354032 0.0272825
0 0.948586 0.785911 0.026442 0.0252413
0 0.00948769 0.188546 0.0189754 0.0216231
0 0.913205 0.755461 0.0256337 0.0356888
0 0.625413 0.922224 0.0241086 0.0248877
0 0.883442 0.191465 0.0216684 0.0212725
0 0.0542758 0.902444 0.0342269 0.0220294
0 0.898704 0.559408 0.0281814 0.0210759
0 0.413309 0.953908 0.0249188 0.0255905
0 0.153751 0.602208 0.0327099 0.0293264
0 0.0930311 0.341032 0.016009 0.0250259
0 0.586164 0.992117 0.0502321 0.0157664
0 0.326274 0.207639 0.028639 0.0281461
0 0.0457613 0.053912 0.0246222 0.0200552
0 0.067114 0.859854 0.0187161 0.0218399
0 0.0610146 0.309715 0.0276709 0.0224825
0 0.443417 0.347935 0.0252733 0.0222019
0 0.940179 0.843446 0.0234931 0.0215466
0 0.284637 0.758457 0.0238285 0.0178458
0 0.280244 0.755728 0.0201055 0.0189399
0 0.530437 0.98882 0.031804 0.0208502
0 0.925755 0.237331 0.0261459 0.0291205
0 0.262383 0.470633 0.0243771 0.0290167
0 0.0758401 0.263393 0.0231105 0.0303377
0 0.364372 0.348558 0.03132 0.0211917
0 0.389253 0.509726 0.0209906 0.0196201
0 0.393724 0.533106 0.020499 0.0209951
0 0.170427 0.726144 0.031985 0.0166794
0 0.730873 0.32574 0.0239115 0.0204168
0 0.712721 0.0519304 0.0208693 0.0236591
0 0.931082 0.185864 0.0243592 0.0264181
0 0.699483 0.606966 0.0215842 0.0181131
0 0.140951 0.0105401 0.0361257 0.0210802
0 0.955239 0.329562 0.0230133 0.0240604
0 0.278252 0.0907963 0.0314176 0.0262534
0 0.808288 0.0572321 0.034151 0.0297356
0 0.0660407 0.0844134 0.0225985 0.0254484
0 0.625215 0.925603 0.0210416 0.0284514
0 0.445801 0.486988 0.0266707 0.0216829
0 0.569583 0.886666 0.0388246 0.0256913
0 0.672769 0.299956 0.0179223 0.0204061
0 0.822606 0.521228 0.0275112 0.0227209
0 0.178249 0.735242 0.01571 0.0149909
0 0.334366 0.0475135 0.0327311 0.018792
0 0.989185 0.23448 0.0203755 0.0278738
0 0.544855 0.706698 0.0169442 0.0215116
0 0.0855208 0.0961412 0.0307747 0.0240775
0 0.599169 0.00461235 0.020373 0.0092247
0 0.437546 0.169947 0.032312 0.0185475
0 0.100764 0.150825 0.0301189 0.02514
0 0.995941 0.571971 0.00792116 0.0231757
0 0.799596 0.0670521 0.0190361 0.0232838
0 0.388766 0.123558 0.0205887 0.0206267
0 0.495389 0.202651 0.0274385 0.0204535
0 0.794645 0.398703 0.0150751 0.0216153
0 0.300302 0.597633 0.0181596 0.0265459
0 0.289629 0.755631 0.0202194 0.0160272
0 0.401713 0.137179 0.0186514 0.0163161
0 0.172198 0.317935 0.0202951 0.021225
0 0.0632168 0.189528 0.0322691 0.0255188
0 0.235767 0.555045 0.0306761 0.0197893
0 0.203679 0.559047 0.031267 0.0308903
0 0.944949 0.836644 0.0321362 0.0199577
0 0.811359 0.232153 0.0199395 0.0209964
0 0.187291 0.921813 0.0263021 0.0203755
0 0.968137 0.385995 0.0265814 0.024249
0 0.757353 0.277978 0.031051 0.0221001
0 0.846657 0.0475554 0.0365766 0.0240206
