0 0.896741 0.991507 0.032976 0.0169867
0 0.182902 0.936027 0.0321984 0.026697
0 0.472179 0.0436809 0.0294324 0.0261984
0 0.342919 0.263025 0.0256084 0.0203683
0 0.0306691 0.765954 0.0283776 0.0275546
0 0.281546 0.624632 0.0272041 0.0233232
0 0.838917 0.588556 0.0298892 0.0314379
0 0.567112 0.0336755 0.0305434 0.0343837
0 0.363819 0.881552 0.0279643 0.0298284
0 0.707225 0.840423 0.0322646 0.0279914
0 0.43089 0.456568 0.0349554 0.0301747
0 0.0334614 0.902444 0.0345612 0.03034
0 0.615833 0.620252 0.0373127 0.03196
0 0.339532 0.879976 0.0284355 0.0295725
0 0.213714 0.548787 0.0317756 0.0319862
0 0.625069 0.146345 0.0296311 0.0339832
0 0.151448 0.984868 0.0331858 0.0302643
0 0.195334 0.731536 0.0272855 0.0316113
0 0.180176 0.636677 0.0319429 0.0270302
0 0.936709 0.284103 0.0313339 0.0273379
0 0.308274 0.992619 0.0226793 0.0147618
0 0.688756 0.698693 0.0302542 0.0272071
0 0.202694 0.65253 0.0271634 0.0294957
0 0.3085 0.510999 0.0227078 0.023336
0 0.977569 0.989521 0.0393704 0.0209582
0 0.499342 0.975149 0.0330798 0.034018
0 0.602759 0.0880376 0.0290281 0.0328098
0 0.821841 0.557889 0.0255057 0.0335367
0 0.735909 0.854083 0.0251154 0.0262958
0 0.468386 0.508302 0.032223 0.0330862
0 0.462854 0.988694 0.0352434 0.0226114
0 0.429736 0.965345 0.0287395 0.0330429
0 0.46324 0.682889 0.0246562 0.0240707
0 0.969191 0.0727312 0.0269715 0.0236125
0 0.22798 0.425719 0.02827 0.0302395
0 0.969309 0.46538 0.0401744 0.035221
0 0.761289 0.851972 0.0310144 0.0384111
0 0.500486 0.427743 0.0350114 0.0284435
0 0.242395 0.518667 0.0257286 0.027036
0 0.958276 0.906519 0.0352789 0.0294116
0 0.495761 0.43211 0.0310087 0.026086
0 0.865023 0.163705 0.0287607 0.029024
0 0.214354 0.962881 0.0301386 0.02913
0 0.222567 0.389574 0.0336819 0.0355281
0 0.782868 0.523475 0.0412894 0.0312924
0 0.506161 0.413531 0.0315744 0.0263249
0 0.173482 0.888463 0.0317358 0.030549
0 0.989809 0.23041 0.0198822 0.018827
0 0.99434 0.969918 0.0111969 0.0468991
0 0.829216 0.0988405 0.0365924 0.0324374
0 0.781536 0.561866 0.0308209 0.0352902
0 0.554273 0.0825454 0.0363946 0.0311665
0 0.801399 0.83447 0.0294189 0.0299696
0 0.590863 0.689744 0.0288989 0.0261993
0 0.893405 0.875487 0.0324263 0.029254
0 0.230101 0.944188 0.022571 0.0277411
0 0.7356 0.660978 0.0303531 0.0311704
0 0.897476 0.987355 0.0354279 0.0247749
0 0.353254 0.732221 0.0316092 0.0312958
0 0.395292 0.595002 0.0310047 0.0299307
0 0.185372 0.964972 0.0329749 0.0291498
0 0.0913806 0.66124 0.0274543 0.0265536
0 0.159862 0.732822 0.0295426 0.027822
0 0.864664 0.594582 0.0309384 0.0296022
0 0.665377 0.883321 0.0321723 0.0332336
0 0.776741 0.0225533 0.0289885 0.028438
0 0.307651 0.922218 0.0333061 0.0280536
0 0.449237 0.991417 0.0266905 0.0171669
0 0.730196 0.772308 0.0323858 0.0288086
0 0.468113 0.760918 0.0327109 0.0329492
0 0.445795 0.0895373 0.0318539 0.030628
0 0.995022 0.978783 0.00976926 0.0400704
0 0.588969 0.592844 0.0296631 0.0268542
0 0.678896 0.324333 0.0281965 0.0255688
0 0.310324 0.617454 0.0240349 0.0234906
0 0.229383 0.314728 0.0270482 0.0252145
0 0.935634 0.779128 0.02922 0.0267094
0 0.763155 0.857598 0.02666 0.027962
0 0.00822043 0.753699 0.0164409 0.0253118
0 0.0471915 0.459698 0.0318567 0.029646
0 0.596988 0.201192 0.0303752 0.0350092
0 0.750262 0.790058 0.0260828 0.0198584
0 0.924594 0.353311 0.0313388 0.035596
0 0.101906 0.618753 0.0302568 0.0336393
0 0.428497 0.960844 0.0278454 0.0255243
0 0.399419 0.951553 0.0268652 0.0280792
0 0.546906 0.0842068 0.0483785 0.0354636
0 0.822015 0.339299 0.0273044 0.0311297
0 0.929634 0.907254 0.0297322 0.0309589
0 0.185587 0.110207 0.030535 0.0333925
0 0.910326 0.805786 0.0382653 0.0290121
0 0.993381 0.957294 0.0130896 0.0286795
0 0.399087 0.946831 0.0260917 0.0209248
0 0.985946 0.160274 0.0281084 0.0306531
0 0.26429 0.800592 0.0312554 0.0371017
0 0.27091 0.669386 0.0268139 0.0329101
0 0.789946 0.528226 0.0323837 0.0265894
0 0.424587 0.921118 0.0310923 0.0274826
0 0.170792 0.227077 0.0301678 0.028218
0 0.446648 0.541983 0.0282631 0.0294206
0 0.602992 0.954445 0.027912 0.0255837
0 0.763759 0.199527 0.0299783 0.0352414
0 0.960597 0.899953 0.0326334 0.0264202
0 0.494914 0.0531547 0.029825 0.0220239
0 0.302465 0.20298 0.0277183 0.02807
0 0.496031 0.0625463 0.0297551 0.0359882
0 0.721092 0.493837 0.0294492 0.0320745
0 0.509866 0.169792 0.0265301 0.0281602
0 0.642538 0.990793 0.0262585 0.0184143
0 0.947832 0.243697 0.0320297 0.0256242
0 0.0525492 0.328836 0.0290066 0.0351566
0 0.50576 0.66535 0.0350568 0.0311542
0 0.301644 0.856077 0.0379782 0.0359013
0 0.557584 0.899785 0.0281401 0.0325212
0 0.306053 0.859048 0.0297839 0.0322633
0 0.341782 0.417502 0.0339031 0.0400344
0 0.0342071 0.344167 0.0265977 0.0289936
0 0.484475 0.103785 0.0283768 0.0228572
0 0.0797483 0.478935 0.0227449 0.0246443
0 0.585997 0.336782 0.0290478 0.02953
0 0.215533 0.944738 0.0272605 0.0206555
0 0.586031 0.783678 0.0326187 0.0319159
0 0.340799 0.410892 0.0326558 0.0318793
0 0.706894 0.726462 0.0315892 0.0353423
0 0.579351 0.735502 0.0309063 0.02281
0 0.429777 0.582003 0.0371477 0.0367283
0 0.706781 0.88719 0.0360524 0.0362874
0 0.014277 0.0509794 0.028554 0.0312882
0 0.568897 0.240125 0.0363242 0.0300042
0 0.987099 0.298197 0.0257974 0.035762
0 0.163938 0.985427 0.0553456 0.0291463
0 0.667635 0.992726 0.0189612 0.0145484
0 0.376373 0.392998 0.0316035 0.0352589
0 0.304371 0.892645 0.019026 0.0299729
0 0.195778 0.293303 0.0290249 0.030098
0 0.844175 0.715861 0.0319824 0.0288587
0 0.125201 0.239522 0.0361405 0.0299471
0 0.00627842 0.852168 0.0125568 0.0235732
0 0.512934 0.524839 0.0261558 0.025699
0 0.564301 0.238803 0.0277022 0.0273837
0 0.670326 0.25187 0.028703 0.0286391
0 0.554043 0.349156 0.0282522 0.0255303
