0 0.422885 0.436043 0.0267906 0.025728
0 0.0221327 0.142126 0.0246348 0.0199524
0 0.496092 0.969029 0.0298604 0.0262581
0 0.441156 0.306151 0.0260185 0.0253679
0 0.264668 0.754615 0.0298591 0.0267861
0 0.573633 0.700068 0.0243997 0.0227985
0 0.606586 0.781738 0.0291403 0.0225195
0 0.984696 0.681974 0.028049 0.0256863
0 0.52174 0.147814 0.0259076 0.0235875
0 0.0226333 0.950074 0.0272675 0.0238661
0 0.544381 0.613136 0.0288751 0.0245022
0 0.0612031 0.16995 0.023043 0.021247
0 0.104349 0.426483 0.0266812 0.0229652
0 0.1628 0.521877 0.0250477 0.0232812
0 0.422742 0.352487 0.0287282 0.0275749
0 0.494282 0.495593 0.0260622 0.0255409
0 0.0117011 0.80826 0.0234022 0.0239568
0 0.419848 0.289392 0.0234071 0.0213636
0 0.517348 0.171627 0.0250056 0.0220994
0 0.0773458 0.141909 0.0293598 0.0248681
0 0.0546325 0.379348 0.0287085 0.0268141
0 0.330648 0.0381346 0.0250028 0.020991
0 0.577451 0.995036 0.0280383 0.00992805
0 0.0204389 0.434683 0.0269669 0.0227517
0 0.236322 0.0117961 0.0290502 0.0235923
0 0.351958 0.712663 0.025088 0.0228195
0 0.924096 0.64589 0.0288684 0.0313938
0 0.526182 0.232528 0.0325482 0.0253164
0 0.0124586 0.904356 0.0249173 0.0272492
0 0.511785 0.890064 0.0252728 0.0235556
0 0.686008 0.440429 0.0281979 0.0231964
0 0.721383 0.68849 0.0257785 0.0256067
0 0.0641297 0.562063 0.0268602 0.0226839
0 0.822856 0.114112 0.0285378 0.0258385
0 0.734423 0.42877 0.0264377 0.024296
0 0.190529 0.0569869 0.0273505 0.0240552
0 0.402522 0.71834 0.0288661 0.0245386
0 0.558738 0.900851 0.0251536 0.0217891
0 0.0494805 0.481875 0.0275982 0.0233749
0 0.710577 0.451564 0.0252408 0.0214644
0 0.263014 0.13973 0.0292125 0.0260895
0 0.441148 0.241832 0.0249838 0.0218174
0 0.384733 0.010844 0.0269868 0.0216879
0 0.592795 0.821643 0.0245212 0.0242581
0 0.80334 0.385877 0.0295942 0.0233188
0 0.342356 0.875563 0.0262409 0.0243171
0 0.0823378 0.944974 0.0323126 0.0264047
0 0.0413419 0.302169 0.0243938 0.0233802
0 0.00854905 0.00553933 0.0170981 0.0110787
0 0.331665 0.916241 0.0305744 0.0278788
0 0.293163 0.710208 0.0269457 0.022874
0 0.798063 0.406534 0.0274209 0.0201581
0 0.0120227 0.50814 0.0240455 0.0241261
0 0.859017 0.0295687 0.0322233 0.026886
0 0.319206 0.0809743 0.0251912 0.0228872
0 0.169839 0.00561513 0.0251545 0.0112303
0 0.415553 0.05186 0.0280457 0.0253189
0 0.465838 0.042661 0.0275266 0.0202534
0 0.456034 0.56041 0.028077 0.023228
0 0.872099 0.902693 0.0301502 0.0276883
0 0.330951 0.331286 0.0257558 0.0226735
0 0.481926 0.230794 0.0265344 0.021092
0 0.331595 0.298838 0.0241538 0.0223493
0 0.20764 0.8728 0.0301836 0.0235126
0 0.987877 0.457467 0.0233377 0.0222482
0 0.0537034 0.0995307 0.0295706 0.024637
0 0.382767 0.364848 0.02413 0.0188893
0 0.262863 0.558774 0.0262582 0.0229539
0 0.0611846 0.86178 0.0247237 0.0240384
0 0.191451 0.983498 0.0224531 0.0195792
0 0.887423 0.449341 0.0348898 0.0276971
0 0.887884 0.410224 0.025637 0.0257187
0 0.63181 0.921664 0.0297115 0.0218017
0 0.0548432 0.230442 0.0310834 0.0259955
0 0.641764 0.435095 0.0278991 0.0268149
0 0.967407 0.759602 0.0275067 0.0247647
0 0.872922 0.0692706 0.024859 0.0242062
0 0.220611 0.759935 0.0285624 0.0281769
0 0.228176 0.557971 0.0255259 0.0236402
0 0.903144 0.520165 0.0252701 0.0213814
0 0.208596 0.0272193 0.0269149 0.0227232
0 0.629083 0.498366 0.0393181 0.0263921
0 0.141647 0.122842 0.0395288 0.0352651
0 0.0968843 0.652006 0.0265977 0.0233031
0 0.200272 0.338726 0.0270159 0.026037
0 0.409414 0.749947 0.02485 0.0218213
0 0.319136 0.432434 0.0291466 0.0234513
0 0.0218625 0.20243 0.0218514 0.0174199
0 0.176808 0.701439 0.0302975 0.024201
0 0.306157 0.107988 0.0290331 0.0248505
0 0.982615 0.570687 0.0297958 0.0231711
0 0.491113 0.0145675 0.0243315 0.0256546
0 0.294196 0.300736 0.0249023 0.0223056
0 0.829742 0.409601 0.0270796 0.0264632
0 0.666265 0.642808 0.0249301 0.0222644
0 0.214781 0.472285 0.0265335 0.0237545
0 0.130392 0.967909 0.0276866 0.0221986
0 0.676414 0.76007 0.0275174 0.0243034
0 0.0732597 0.434808 0.0233966 0.0190356
0 0.772635 0.653136 0.0312775 0.0227969
0 0.531251 0.301788 0.0205212 0.0205246
0 0.508738 0.311673 0.0255428 0.0217637
0 0.814114 0.99507 0.0294849 0.0098598
0 0.443851 0.898404 0.0279876 0.0243127
0 0.0135437 0.8526 0.0270874 0.024659
0 0.297528 0.022193 0.0282305 0.0265759
0 0.845508 0.781646 0.0296618 0.0245123
0 0.472893 0.520551 0.0317116 0.0270682
0 0.361705 0.424103 0.0243028 0.0208382
0 0.24303 0.992232 0.0245849 0.0155364
0 0.359209 0.0289339 0.0291175 0.0198969
0 0.935883 0.761589 0.0278285 0.025751
0 0.992117 0.308986 0.0156827 0.0225542
0 0.386776 0.330957 0.0323909 0.0268768
0 0.837119 0.131325 0.0271329 0.0225852
0 0.442045 0.063412 0.0238892 0.0217965
0 0.121076 0.324865 0.0318145 0.0303877
0 0.866684 0.433092 0.0277905 0.0253098
0 0.418969 0.0750474 0.0238542 0.0217785
0 0.467422 0.451391 0.0305688 0.0246298
0 0.67155 0.606779 0.024451 0.0210057
0 0.757386 0.381846 0.0290448 0.0250274
0 0.60575 0.949245 0.0289702 0.0229663
0 0.170587 0.962387 0.0282298 0.0252078
0 0.22874 0.0793523 0.0229027 0.0239305
0 0.243073 0.687892 0.0257387 0.0247417
0 0.798895 0.577553 0.028446 0.0252545
0 0.740498 0.029011 0.0239441 0.0241451
0 0.152607 0.0561603 0.0270319 0.0241019
0 0.0507261 0.434182 0.0249581 0.0225039
0 0.599396 0.850156 0.024763 0.0221498
0 0.0488519 0.578008 0.0233782 0.023506
0 0.116329 0.47062 0.0333121 0.0264514
0 0.0879124 0.0505482 0.0364685 0.0268228
0 0.00731417 0.182429 0.0146283 0.0257838
0 0.394045 0.952078 0.0234852 0.0201145
0 0.551845 0.696114 0.0232464 0.022258
0 0.413935 0.269354 0.0258272 0.0229984
0 0.154117 0.312854 0.0351664 0.0284862
0 0.149522 0.400358 0.0256743 0.022227
0 0.985678 0.249161 0.0275367 0.0252152
0 0.875645 0.226784 0.0322299 0.026043
0 0.103059 0.875294 0.0270769 0.0259549
0 0.572228 0.552687 0.0270336 0.026598
0 0.252825 0.602159 0.0256898 0.0228429
0 0.0148666 0.666234 0.0297331 0.0262762
0 0.54284 0.913108 0.025638 0.021507
0 0.32625 0.563172 0.0280056 0.0228255
0 0.904001 0.386845 0.028179 0.0248633
0 0.14111 0.542325 0.0223103 0.0201293
0 0.389659 0.890055 0.0274841 0.0234534
0 0.239849 0.542081 0.0239639 0.0199419
0 0.421631 0.204583 0.0311469 0.025456
0 0.277535 0.61892 0.0320821 0.0280559
0 0.370281 0.579056 0.0310117 0.0204221
0 0.384581 0.274237 0.0267135 0.0252999
0 0.881551 0.944818 0.0270543 0.024083
0 0.217735 0.633662 0.0291648 0.0250245
0 0.506339 0.548895 0.0260345 0.0241399
0 0.861054 0.938178 0.0318845 0.0285736
0 0.229543 0.952783 0.0250399 0.0215065
0 0.26017 0.980602 0.0241149 0.0211096
0 0.191348 0.413818 0.0223499 0.0202861
0 0.849277 0.833446 0.0222149 0.021348
0 0.154192 0.762617 0.0242477 0.0216132
0 0.303637 0.619497 0.0260185 0.0250356
0 0.7737 0.61113 0.0288623 0.0268903
0 0.680689 0.400899 0.0264624 0.0265814
0 0.843732 0.962184 0.027991 0.0237653
0 0.540625 0.986153 0.0286883 0.0276938
0 0.776047 0.71459 0.0298347 0.0244696
0 0.649769 0.561156 0.0245932 0.0264153
0 0.0497731 0.691318 0.0292929 0.0265599
0 0.672822 0.731618 0.0259653 0.0238129
0 0.894191 0.11085 0.0276437 0.0228101
0 0.881885 0.332077 0.0233197 0.0214957
0 0.491667 0.0601765 0.0244397 0.0249358
0 0.353459 0.78322 0.0281585 0.0234543
0 0.370244 0.697643 0.0248375 0.0234585
0 0.885935 0.0400679 0.0260454 0.0229105
0 0.919948 0.0408514 0.0240631 0.0232995
0 0.536064 0.260643 0.019185 0.018937
0 0.320686 0.8296 0.0273347 0.0240309
0 0.467913 0.479554 0.0247696 0.0225414
0 0.3454 0.583658 0.0245624 0.0227668
0 0.147915 0.499525 0.0304629 0.0231452
0 0.404577 0.16955 0.0290883 0.0249731
0 0.485861 0.185076 0.0224935 0.0218677
0 0.399128 0.769488 0.0251504 0.0249402
0 0.732627 0.452633 0.0220499 0.0225299
0 0.805239 0.824878 0.0312055 0.0190479
0 0.266999 0.2692 0.0292293 0.0245569
0 0.401408 0.0308538 0.0232835 0.0212263
0 0.787212 0.674024 0.0255535 0.021602
0 0.321296 0.586766 0.0271513 0.0225214
0 0.49018 0.588469 0.0309579 0.0260352
0 0.439146 0.85805 0.0235585 0.0239289
0 0.746369 0.735738 0.0298557 0.027038
0 0.644266 0.0464245 0.0273619 0.0223968
0 0.722522 0.798447 0.0258383 0.0246191
0 0.151613 0.78678 0.0245107 0.0241132
0 0.337359 0.643612 0.0334209 0.0317712
0 0.450282 0.354728 0.026689 0.0242163
0 0.3507 0.557742 0.0243106 0.0201626
0 0.461896 0.399585 0.0258433 0.0249123
0 0.0483016 0.834434 0.0246831 0.0219858
0 0.622974 0.28418 0.0263748 0.0232825
0 0.462868 0.958976 0.0300077 0.0238211
0 0.474416 0.283971 0.0271367 0.0220674
0 0.706696 0.414991 0.0313824 0.0256086
0 0.531036 0.585514 0.0299492 0.025249
0 0.0346793 0.554497 0.0271422 0.0234371
0 0.510522 0.691925 0.0217485 0.0209267
0 0.489484 0.682527 0.026227 0.0257272
0 0.568639 0.834826 0.024366 0.0217417
0 0.752721 0.447972 0.0249625 0.024978
0 0.582408 0.192189 0.0255418 0.0210438
0 0.949653 0.991366 0.0402832 0.0172679
0 0.0991488 0.282825 0.0290231 0.0237299
0 0.147424 0.19391 0.0267099 0.0241703
0 0.813145 0.954242 0.0292302 0.0227274
0 0.619373 0.0540378 0.024412 0.0229982
0 0.0451694 0.458025 0.0315708 0.0188673
0 0.0495306 0.759238 0.0263085 0.0242127
0 0.263995 0.00363091 0.0269234 0.00726182
0 0.989645 0.873216 0.020711 0.0222479
0 0.904838 0.0531123 0.0257831 0.0220548
0 0.248291 0.645332 0.0228257 0.0207129
0 0.962018 0.658893 0.0282577 0.0331903
0 0.228742 0.270156 0.0263494 0.025515
0 0.456723 0.786988 0.0270166 0.0249472
0 0.177772 0.449194 0.0245355 0.0216971
0 0.309509 0.861369 0.0241911 0.0208732
0 0.784214 0.955684 0.0285507 0.0232221
0 0.408784 0.691063 0.0243584 0.0254737
0 0.670214 0.0799013 0.0239581 0.0225835
0 0.323987 0.690203 0.0231311 0.0202371
0 0.185391 0.587916 0.0307271 0.024021
0 0.552289 0.381068 0.026107 0.0256541
0 0.326324 0.522543 0.0366285 0.0300982
0 0.558387 0.30466 0.0255171 0.0177106
0 0.0203444 0.472623 0.0218967 0.0231885
0 0.308061 0.732262 0.0349449 0.023894
0 0.339071 0.400953 0.0267828 0.0242084
0 0.327482 0.993188 0.0255025 0.0136246
0 0.531957 0.355174 0.0252426 0.0232393
0 0.523849 0.283862 0.0212317 0.0173827
0 0.453384 0.711187 0.0266625 0.020908
0 0.97994 0.711123 0.0216892 0.0220435
0 0.346958 0.278512 0.0257185 0.024185
0 0.470597 0.173353 0.0237727 0.0223878
0 0.0740028 0.365695 0.0264134 0.0217532
0 0.297286 0.994754 0.0332018 0.0104926
0 0.101009 0.573544 0.0438457 0.0243272
0 0.556767 0.116464 0.023338 0.0225903
0 0.0484908 0.335039 0.0287019 0.0226567
0 0.367903 0.122956 0.0261198 0.0233244
0 0.331113 0.762819 0.0286277 0.0206862
0 0.298954 0.566502 0.0261748 0.0230454
0 0.359976 0.972803 0.0368533 0.0290088
0 0.243195 0.475041 0.0277364 0.0265587
0 0.638208 0.663352 0.0350096 0.0287039
0 0.0610961 0.277396 0.0215114 0.0198414
0 0.274868 0.684887 0.0278441 0.0237883
0 0.129889 0.75696 0.0276171 0.0240024
0 0.984947 0.637779 0.0301059 0.0261548
0 0.912639 0.479596 0.0223395 0.0204981
0 0.198353 0.392226 0.028571 0.0235681
0 0.423983 0.00832735 0.0250161 0.0166547
0 0.268383 0.387794 0.0282749 0.0224696
0 0.702289 0.841414 0.0250095 0.024693
0 0.394223 0.860702 0.0275303 0.0228653
0 0.178214 0.473083 0.0251636 0.0240116
0 0.358884 0.337973 0.0255122 0.0229622
0 0.488655 0.79291 0.029059 0.0249057
0 0.455185 0.0963308 0.0271689 0.0240644
0 0.236524 0.373156 0.0272928 0.0230699
0 0.116 0.905145 0.0278639 0.0255261
0 0.506806 0.344037 0.0257675 0.022766
0 0.579403 0.341412 0.0281548 0.025303
0 0.506765 0.910756 0.0285857 0.0193761
0 0.516607 0.841498 0.0430533 0.0267664
0 0.12282 0.500968 0.0206725 0.0227234
0 0.332918 0.00460526 0.0241698 0.00921051
0 0.702722 0.347138 0.0265476 0.0243315
0 0.748922 0.811467 0.0243027 0.017494
0 0.348724 0.619503 0.0244401 0.0232506
0 0.466105 0.598711 0.0343598 0.0264582
0 0.304379 0.27627 0.028371 0.0261966
0 0.0897227 0.768868 0.0306575 0.0292441
0 0.201675 0.553587 0.024387 0.0224176
0 0.689621 0.636153 0.027399 0.0247189
0 0.314775 0.357289 0.0351629 0.026208
0 0.204898 0.780763 0.0279735 0.0222009
0 0.472562 0.763614 0.024781 0.0215398
0 0.31879 0.452805 0.025132 0.0209674
0 0.298011 0.156719 0.0326541 0.0216462
0 0.773985 0.431975 0.0288589 0.0249036
0 0.180945 0.563168 0.0229527 0.020918
0 0.935312 0.0119968 0.0241391 0.0206362
