0 0.12263 0.817757 0.0260663 0.024561
0 0.0151689 0.439694 0.0303379 0.0273328
0 0.902238 0.615891 0.0246425 0.0223114
0 0.519276 0.291525 0.0265017 0.0233124
0 0.745206 0.715161 0.0328647 0.0204645
0 0.984532 0.552725 0.0279105 0.0217597
0 0.722679 0.189553 0.0244952 0.0232712
0 0.742082 0.401488 0.0243928 0.0235123
0 0.742702 0.537781 0.026297 0.0230841
0 0.61177 0.267504 0.0246111 0.0235601
0 0.972565 0.230281 0.0260022 0.0250678
0 0.0110917 0.360337 0.0221834 0.0233823
0 0.543444 0.227563 0.02789 0.0244412
0 0.74167 0.163449 0.0233793 0.0221374
0 0.964011 0.428059 0.0284531 0.0230886
0 0.991599 0.36586 0.016802 0.0240178
0 0.693955 0.947164 0.0338994 0.0221085
0 0.652014 0.288556 0.0245787 0.0232287
0 0.886382 0.260618 0.0273834 0.023466
0 0.532602 0.546543 0.024802 0.0242241
0 0.941687 0.0413279 0.0270184 0.0214641
0 0.422669 0.0949819 0.0288484 0.0262543
0 0.791192 0.64704 0.028085 0.0243932
0 0.617935 0.230087 0.0249918 0.0235391
0 0.403478 0.928594 0.0289914 0.0244924
0 0.696064 0.994665 0.0300812 0.0106699
0 0.664786 0.0457938 0.0286402 0.0232802
0 0.835137 0.708007 0.0296387 0.0246261
0 0.482423 0.992591 0.0285956 0.014818
0 0.921153 0.990664 0.0310507 0.0186712
0 0.551013 0.307882 0.0268367 0.0256799
0 0.484393 0.603748 0.0279544 0.0237563
0 0.275295 0.701767 0.0269156 0.021102
0 0.00621454 0.0248329 0.0124291 0.0246677
0 0.521551 0.679321 0.024208 0.0238329
0 0.570199 0.142447 0.0248601 0.0238488
0 0.788714 0.129655 0.02698 0.0244679
0 0.82504 0.0288652 0.0270575 0.0247584
0 0.174194 0.179239 0.0348033 0.0296264
0 0.901544 0.551997 0.0241461 0.0235258
0 0.730396 0.958798 0.0256192 0.0243036
0 0.80269 0.901318 0.0230728 0.0211635
0 0.665147 0.0704904 0.0283791 0.0223829
0 0.621836 0.861667 0.0278366 0.0245273
0 0.0106179 0.993327 0.0212357 0.0133463
0 0.413138 0.959321 0.0251904 0.0233283
0 0.914015 0.415052 0.0277835 0.0247647
0 0.0318783 0.925956 0.0290106 0.0251521
0 0.993579 0.498614 0.0128413 0.0264075
0 0.582583 0.214098 0.0248682 0.0193136
0 0.349181 0.508977 0.0244992 0.0240723
0 0.946745 0.367419 0.0279562 0.0231757
0 0.236042 0.617688 0.0309383 0.0243209
0 0.00999006 0.102817 0.0199801 0.0225117
0 0.0424334 0.38943 0.0278237 0.0282255
0 0.772682 0.705573 0.0268222 0.0249789
0 0.745656 0.797367 0.0273513 0.0236606
0 0.569526 0.190914 0.0253726 0.0163431
0 0.308043 0.361127 0.0271844 0.0242638
0 0.022245 0.118209 0.0270739 0.0228629
0 0.332626 0.782559 0.0254909 0.0203288
0 0.180792 0.586775 0.0291496 0.0257174
0 0.116102 0.851781 0.0287466 0.0212995
0 0.0460375 0.43731 0.0326727 0.0257919
0 0.0931749 0.81357 0.0275468 0.0223294
0 0.302916 0.495577 0.0259914 0.0232329
0 0.879881 0.69994 0.0244763 0.0218301
0 0.534085 0.970951 0.0272942 0.0234711
0 0.338956 0.751211 0.0246254 0.0234882
0 0.987661 0.944918 0.0246788 0.0278952
0 0.550482 0.0313725 0.022019 0.0214356
0 0.263308 0.881798 0.0268414 0.0242136
0 0.97434 0.751838 0.0256003 0.0210022
0 0.465658 0.291333 0.0296442 0.0241666
0 0.154547 0.218472 0.027136 0.0237426
0 0.526981 0.842131 0.0250506 0.022312
0 0.637284 0.838393 0.0261052 0.0232871
0 0.338223 0.413411 0.026725 0.0247097
0 0.274882 0.628275 0.0268415 0.0238558
0 0.22507 0.665461 0.0301502 0.0287912
0 0.9124 0.571902 0.0250522 0.0226787
0 0.321602 0.5098 0.0254118 0.0221599
0 0.105484 0.00440102 0.033593 0.00880203
0 0.876588 0.448044 0.0291638 0.0246255
0 0.65196 0.241822 0.0231152 0.0209121
0 0.186561 0.771077 0.0249482 0.0197116
0 0.731661 0.217836 0.0276086 0.0218489
0 0.652665 0.719402 0.0251172 0.0227672
0 0.779339 0.406135 0.0242938 0.0241341
0 0.0786044 0.963563 0.0263022 0.0245291
0 0.112025 0.253529 0.0269142 0.02419
0 0.716142 0.655288 0.031301 0.0251263
0 0.00836291 0.525651 0.0167258 0.0312771
0 0.532176 0.621758 0.0229732 0.0211919
0 0.188455 0.261347 0.0262656 0.0253526
0 0.128276 0.770169 0.0253721 0.0252536
0 0.703772 0.9742 0.0278949 0.0223209
0 0.886777 0.407838 0.0272496 0.0243409
0 0.0639335 0.993008 0.0338533 0.0139846
0 0.882112 0.973051 0.0250189 0.022854
0 0.880497 0.602631 0.0227722 0.0219129
0 0.168831 0.710512 0.0274861 0.0193326
0 0.160973 0.726317 0.0214887 0.0175885
0 0.467842 0.440943 0.0253929 0.0209495
0 0.0792651 0.032948 0.0259791 0.0241274
0 0.920159 0.480811 0.0254196 0.0227774
0 0.875329 0.636095 0.0365366 0.0234731
0 0.20815 0.591371 0.0258935 0.0233696
0 0.86907 0.366478 0.0234748 0.0224341
0 0.430852 0.0483082 0.0268927 0.0221801
0 0.830592 0.114126 0.026441 0.0203095
0 0.821309 0.868055 0.0266253 0.0233023
0 0.624293 0.622752 0.0341101 0.023212
0 0.479491 0.77231 0.0265465 0.0225792
0 0.532962 0.0112605 0.0258686 0.022521
0 0.674166 0.509974 0.0269113 0.0242338
0 0.982688 0.306488 0.0308859 0.0242441
0 0.060028 0.189893 0.0223446 0.0208479
0 0.594693 0.976005 0.0287511 0.0210907
0 0.654922 0.107836 0.0280133 0.0233711
0 0.101703 0.155275 0.0263876 0.0178287
0 0.797266 0.48293 0.026109 0.022473
0 0.338508 0.955386 0.0270282 0.0235408
0 0.297779 0.712732 0.0253168 0.0225171
0 0.640436 0.0289874 0.024478 0.0249757
0 0.890627 0.525878 0.0218823 0.0216494
0 0.36463 0.830789 0.028163 0.0262674
0 0.0956657 0.0457244 0.0284093 0.02193
0 0.247948 0.926892 0.0250872 0.0223902
0 0.993063 0.2331 0.0138732 0.0259112
0 0.108691 0.349514 0.0289821 0.0268335
0 0.439086 0.693047 0.0261362 0.0234485
0 0.988238 0.0769802 0.0230557 0.0219144
0 0.592636 0.150955 0.0244226 0.0206123
0 0.290261 0.879389 0.027443 0.0259259
0 0.340942 0.0312881 0.0265152 0.0242405
0 0.0211505 0.189164 0.0285098 0.0199001
0 0.823461 0.199174 0.0239752 0.023042
0 0.108104 0.904402 0.0327058 0.0244217
0 0.955208 0.464412 0.0310756 0.0246033
0 0.131346 0.975721 0.0253434 0.021974
0 0.238089 0.803252 0.0213512 0.0184192
0 0.991253 0.447191 0.0173965 0.0308928
0 0.65385 0.192703 0.0271396 0.0223627
0 0.623479 0.992831 0.0285646 0.0143375
0 0.443678 0.860427 0.0250101 0.021026
0 0.348602 0.80653 0.0226974 0.0205133
0 0.128648 0.0710015 0.0315268 0.024292
0 0.752079 0.772934 0.0241815 0.0214104
0 0.947855 0.568182 0.0234883 0.0206311
0 0.942136 0.0053936 0.025237 0.0107872
0 0.688677 0.733115 0.0248469 0.0226831
0 0.785546 0.728611 0.0301965 0.0236616
0 0.451783 0.393568 0.0240707 0.0220598
0 0.544647 0.872583 0.0261837 0.0227568
0 0.348536 0.88172 0.0269215 0.0237491
0 0.661362 0.741181 0.032746 0.0232599
0 0.236884 0.49406 0.0296742 0.0239905
0 0.994131 0.28501 0.011712 0.0221314
0 0.521339 0.892144 0.0304042 0.0239359
0 0.986561 0.729096 0.0268785 0.0273244
0 0.200542 0.479276 0.0268837 0.0252325
0 0.412311 0.338648 0.0251679 0.0223283
0 0.360457 0.663948 0.0237649 0.0203102
0 0.750145 0.440973 0.0249539 0.024162
0 0.861126 0.499843 0.0233957 0.0247186
0 0.392743 0.0570945 0.0258513 0.0232321
0 0.924764 0.233529 0.0249817 0.0219512
0 0.577997 0.99064 0.0349837 0.0187194
0 0.554289 0.547313 0.0247673 0.0250084
0 0.852379 0.420057 0.0248126 0.0190964
0 0.495278 0.550801 0.0260774 0.0234102
0 0.976649 0.5956 0.0297915 0.0254764
0 0.46772 0.94074 0.0272684 0.0250903
0 0.798026 0.0980005 0.0237888 0.0236796
0 0.49318 0.83773 0.0257033 0.0251315
0 0.911338 0.904582 0.0273276 0.0260324
0 0.343498 0.843338 0.0238797 0.0230324
0 0.539227 0.817242 0.0240859 0.0214921
0 0.85736 0.972155 0.0271045 0.0277251
0 0.633823 0.548463 0.0283415 0.0259708
0 0.443269 0.544145 0.0312985 0.0248616
0 0.882455 0.161613 0.0247989 0.0192857
0 0.892367 0.00944238 0.0252677 0.0188848
0 0.191109 0.942994 0.0265101 0.0213065
0 0.697669 0.386418 0.0248982 0.0237423
0 0.383328 0.5073 0.0251502 0.0229001
0 0.662626 0.393133 0.0250743 0.0215324
0 0.699322 0.515521 0.0239438 0.0194544
0 0.362027 0.749035 0.0211755 0.02052
0 0.75911 0.986891 0.0255818 0.0247443
0 0.65085 0.524512 0.0238546 0.0228102
0 0.785791 0.751757 0.0276569 0.0218222
0 0.541893 0.0519319 0.0246904 0.0215891
0 0.521923 0.471938 0.0245377 0.0218772
0 0.0148197 0.161721 0.0296394 0.0306537
0 0.670989 0.619738 0.0267904 0.0264035
0 0.920067 0.345217 0.0249426 0.0191289
0 0.768779 0.22226 0.0265812 0.0228436
0 0.956423 0.547104 0.0273563 0.0231145
0 0.779063 0.89367 0.0254989 0.0238474
0 0.0246623 0.88116 0.02474 0.0209439
0 0.988339 0.0545654 0.0233214 0.0235706
0 0.531416 0.444873 0.0258523 0.0220549
0 0.324065 0.992225 0.0266446 0.0155504
0 0.756231 0.300449 0.0289212 0.0254464
0 0.544709 0.425466 0.0281343 0.0216716
0 0.936049 0.921044 0.0350156 0.0236496
0 0.0974132 0.954302 0.028993 0.0243286
0 0.0764698 0.0634362 0.0228945 0.0215512
0 0.672133 0.989744 0.0234622 0.0205129
0 0.887749 0.584432 0.0226508 0.0216157
0 0.418495 0.389005 0.0350832 0.0260081
0 0.690953 0.89132 0.0241361 0.0237359
0 0.133678 0.312238 0.0271028 0.0238379
0 0.56391 0.811076 0.0262964 0.0219777
0 0.410019 0.493095 0.0272183 0.0251592
0 0.440242 0.271982 0.0253471 0.0224339
0 0.100141 0.0687275 0.0217452 0.0186231
0 0.378849 0.715225 0.0238922 0.0230713
0 0.0842238 0.336973 0.0267274 0.0247192
0 0.500811 0.0485548 0.0245079 0.0223269
0 0.846587 0.851845 0.0364304 0.0264467
0 0.699509 0.114541 0.0245816 0.0212899
0 0.949378 0.98331 0.025286 0.0227966
0 0.677325 0.34337 0.0245813 0.0224899
0 0.201009 0.32781 0.022257 0.0211678
0 0.433466 0.37064 0.025896 0.022086
0 0.752831 0.509906 0.0250204 0.0174683
0 0.0363392 0.858831 0.034392 0.0224473
0 0.374177 0.386178 0.0272585 0.0240318
0 0.709522 0.0575235 0.0234773 0.0232301
0 0.455802 0.778029 0.0226069 0.0219375
0 0.747347 0.903304 0.0252136 0.0213692
0 0.549276 0.777805 0.0235757 0.0236133
0 0.871722 0.244004 0.0254968 0.0213475
0 0.573585 0.0316967 0.0253623 0.023047
0 0.707209 0.0299585 0.0235726 0.0221932
0 0.195524 0.510848 0.0308354 0.0213121
0 0.417101 0.130405 0.0250833 0.0231758
0 0.554476 0.718536 0.0319235 0.0270723
0 0.118729 0.744508 0.0232106 0.0162686
0 0.301888 0.00672053 0.0231111 0.0134411
0 0.937883 0.862764 0.0316272 0.0206525
0 0.894915 0.217095 0.0271094 0.0227459
0 0.261704 0.464357 0.0239517 0.0204407
0 0.0724232 0.568251 0.0419126 0.0238929
0 0.995077 0.79021 0.00965178 0.0183102
0 0.912596 0.794993 0.025394 0.0215484
0 0.665204 0.836272 0.026886 0.0230299
0 0.837498 0.410018 0.0236819 0.021225
0 0.989752 0.770732 0.0204965 0.0209336
0 0.273833 0.480392 0.0254042 0.021129
0 0.398033 0.685771 0.0252773 0.0234802
0 0.507847 0.991758 0.0227942 0.0164844
0 0.176212 0.333471 0.0226839 0.0206792
0 0.879845 0.72784 0.0348971 0.0296333
0 0.506359 0.211358 0.0265814 0.0202404
0 0.802236 0.303834 0.0238182 0.0209121
0 0.0393289 0.714233 0.0247849 0.0236099
0 0.748678 0.373281 0.0245709 0.0244
0 0.284848 0.777997 0.0268373 0.021322
0 0.539752 0.798449 0.0233554 0.0200215
0 0.374665 0.808715 0.0300056 0.0188058
0 0.222579 0.332981 0.0232261 0.0214848
0 0.91348 0.762693 0.0248416 0.023378
0 0.981184 0.332912 0.029101 0.0248998
0 0.385222 0.660957 0.0205103 0.0218272
0 0.115172 0.223603 0.0245825 0.0217065
0 0.0196157 0.054702 0.0259089 0.0234055
0 0.77148 0.353398 0.0233588 0.0222012
0 0.467362 0.825968 0.0230443 0.0230674
0 0.701607 0.497704 0.0266865 0.0210649
0 0.354757 0.209025 0.0342661 0.0230639
0 0.626558 0.192086 0.0258336 0.0227352
0 0.81908 0.889092 0.0232164 0.0215479
0 0.892229 0.332372 0.0353097 0.0264961
0 0.318802 0.565303 0.0357722 0.0246649
0 0.314698 0.935825 0.027687 0.0200498
0 0.937596 0.710503 0.026978 0.0193982
0 0.0917504 0.763891 0.0212551 0.0184705
0 0.805193 0.393532 0.0276328 0.0235834
0 0.96815 0.0531919 0.0217325 0.0220129
0 0.334842 0.342339 0.0326719 0.0247231
0 0.698969 0.228652 0.0284116 0.0251236
0 0.181016 0.555072 0.0275666 0.0304611
0 0.642554 0.931073 0.0229294 0.0207626
0 0.569856 0.990543 0.0525751 0.0189142
0 0.603452 0.170568 0.0245355 0.023407
0 0.739548 0.992197 0.0222239 0.0156059
0 0.714896 0.143856 0.0311258 0.0246771
0 0.755115 0.273638 0.0281917 0.0224367
0 0.643871 0.411383 0.0276816 0.0221491
0 0.198606 0.112264 0.0233678 0.0241614
0 0.83945 0.608894 0.0278354 0.0233906
0 0.234209 0.0523889 0.0233833 0.0211758
0 0.855504 0.571195 0.0261377 0.0221481
0 0.366822 0.490229 0.0264603 0.0268444
0 0.429561 0.772418 0.0242813 0.0224426
0 0.508581 0.187902 0.0284997 0.0163776
