0 0.912652 0.126862 0.0266587 0.0280939
0 0.722095 0.88796 0.0257416 0.0240555
0 0.0130753 0.607865 0.0261505 0.0235278
0 0.989725 0.332589 0.0205504 0.0234259
0 0.250736 0.898772 0.0287275 0.0225433
0 0.893752 0.328688 0.0269781 0.0218374
0 0.402439 0.02648 0.0251899 0.0224038
0 0.933999 0.321825 0.0283112 0.0229192
0 0.631287 0.320518 0.0240116 0.0219363
0 0.984338 0.358117 0.0290184 0.022521
0 0.0100768 0.89373 0.0201537 0.0212851
0 0.847805 0.991358 0.0313824 0.0172847
0 0.0438675 0.320669 0.027554 0.0224579
0 0.193487 0.9773 0.0271295 0.0250282
0 0.995004 0.194083 0.00998807 0.024195
0 0.472699 0.227703 0.0249744 0.0236271
0 0.103554 0.137987 0.0254637 0.0226564
0 0.520749 0.0279797 0.0242553 0.0220054
0 0.422062 0.680782 0.0267728 0.0250366
0 0.341843 0.240555 0.0276787 0.0242538
0 0.404283 0.345605 0.0272886 0.0213093
0 0.329568 0.72963 0.0287326 0.0215767
0 0.84475 0.941534 0.0294002 0.0248228
0 0.343036 0.0110678 0.0247251 0.0220791
0 0.260138 0.261708 0.0243197 0.0231273
0 0.813752 0.342363 0.0261642 0.0227617
0 0.0224141 0.347229 0.0275099 0.0257892
0 0.251945 0.281479 0.0243341 0.0208338
0 0.939211 0.0330212 0.0271744 0.0218657
0 0.228057 0.43657 0.0288699 0.0231431
0 0.511249 0.251478 0.0240907 0.0233979
0 0.0409202 0.873626 0.0261241 0.0211142
0 0.802518 0.87657 0.0263434 0.0252417
0 0.15292 0.311574 0.0255846 0.0233032
0 0.152896 0.287419 0.0263452 0.0249952
0 0.10016 0.840928 0.0245531 0.0225958
0 0.502156 0.512333 0.0316886 0.0248303
0 0.00809892 0.262827 0.0161978 0.0232849
0 0.702011 0.141401 0.0250897 0.022838
0 0.236528 0.119807 0.0297206 0.0244874
0 0.147278 0.438234 0.0316857 0.0243036
0 0.498313 0.83783 0.0304972 0.0261089
0 0.392271 0.739409 0.0253876 0.0248316
0 0.760606 0.71587 0.0277981 0.0243982
0 0.863426 0.165719 0.0320195 0.0263059
0 0.94242 0.0700587 0.0262737 0.0252414
0 0.626114 0.863281 0.028263 0.0236111
0 0.541518 0.403397 0.0262505 0.0240265
0 0.015649 0.980626 0.0252224 0.0195084
0 0.742673 0.0346879 0.0255446 0.0228189
0 0.230999 0.300799 0.0280531 0.0235569
0 0.213608 0.659987 0.0289773 0.0271555
0 0.564546 0.223301 0.0276781 0.0247689
0 0.312717 0.660074 0.0261286 0.0241934
0 0.904306 0.170339 0.0263644 0.0233453
0 0.41244 0.24941 0.0252963 0.023656
0 0.202083 0.292815 0.0253526 0.0228056
0 0.232187 0.723762 0.0248687 0.0187672
0 0.577191 0.431673 0.0323178 0.0255152
0 0.561795 0.033132 0.0267863 0.0221839
0 0.169091 0.0313266 0.0261404 0.0246167
0 0.324025 0.349021 0.0283611 0.0265156
0 0.993405 0.596593 0.0131897 0.0205044
0 0.155129 0.622512 0.0322484 0.0255758
0 0.225425 0.471416 0.0257927 0.0217291
0 0.0991418 0.194712 0.0271342 0.0238645
0 0.745038 0.216643 0.0282329 0.024786
0 0.769825 0.0691974 0.0263571 0.0222127
0 0.3837 0.914579 0.033853 0.0240457
0 0.819313 0.110193 0.0259818 0.0234575
0 0.581935 0.368361 0.0278678 0.0244365
0 0.584919 0.338504 0.026771 0.0231495
0 0.483865 0.700048 0.0294164 0.0246207
0 0.131989 0.898192 0.0277368 0.0249103
0 0.168052 0.162133 0.0258201 0.0253476
0 0.607353 0.983372 0.0245566 0.0245328
0 0.401693 0.270452 0.0246015 0.0220104
0 0.0818309 0.0913832 0.0260065 0.024138
0 0.583108 0.893265 0.025426 0.0296927
0 0.920892 0.296852 0.0246663 0.0221661
0 0.0865123 0.457673 0.0253265 0.0237312
0 0.057629 0.372146 0.0256402 0.0224104
0 0.109177 0.802409 0.0281516 0.0255251
0 0.986969 0.00391043 0.0260627 0.00782086
0 0.349037 0.934017 0.0272144 0.0213071
0 0.450244 0.217294 0.025659 0.0248603
0 0.382722 0.0155147 0.0252887 0.0215459
0 0.00581219 0.150619 0.0116244 0.0231914
0 0.0857898 0.601409 0.0287558 0.0233461
0 0.137714 0.246537 0.0250164 0.0219596
0 0.743192 0.750419 0.0257736 0.0206552
0 0.0680971 0.740417 0.0244356 0.0224847
0 0.375334 0.0694196 0.0226896 0.0194345
0 0.469296 0.252193 0.0282605 0.0255623
0 0.0399834 0.943912 0.0312585 0.0186206
0 0.541323 0.482971 0.0271999 0.0320982
0 0.0228333 0.84235 0.0246694 0.0212025
0 0.351295 0.798628 0.0280517 0.0243721
0 0.360843 0.760738 0.0244517 0.0224054
0 0.652822 0.107401 0.0244513 0.023021
0 0.247924 0.390925 0.0302856 0.0254501
0 0.280117 0.391555 0.0277684 0.0237718
0 0.0612263 0.468538 0.0309686 0.022629
0 0.543542 0.537852 0.0263084 0.0229643
0 0.846006 0.0522168 0.0278693 0.0234683
0 0.263875 0.0238614 0.0273221 0.0234349
0 0.230511 0.150915 0.0275302 0.0208894
0 0.966232 0.216795 0.0291437 0.0223075
0 0.769923 0.0901705 0.0223187 0.0211495
0 0.194248 0.0323243 0.0279052 0.0269161
0 0.122939 0.598855 0.0312737 0.0262443
0 0.137616 0.933193 0.0329348 0.0249173
0 0.11289 0.355521 0.0262691 0.0217078
0 0.112958 0.0729465 0.0273933 0.0220645
0 0.910572 0.366175 0.0280136 0.0230307
0 0.383363 0.620797 0.0281225 0.0298738
0 0.524675 0.051059 0.0289731 0.0247762
0 0.388048 0.670381 0.0247403 0.0224969
0 0.513924 0.383551 0.0263724 0.0215467
0 0.796636 0.970032 0.0371034 0.0231485
0 0.580623 0.121596 0.0244225 0.0221018
0 0.969267 0.391719 0.0243199 0.0243768
0 0.338044 0.112151 0.0244418 0.0233731
0 0.77344 0.33645 0.0253263 0.022958
0 0.823201 0.391342 0.0336331 0.0247186
0 0.623416 0.890428 0.0279178 0.0228727
0 0.777821 0.506404 0.0265027 0.0230961
0 0.0733604 0.871513 0.041063 0.025726
0 0.914789 0.0213623 0.02465 0.0236887
0 0.959336 0.330414 0.0266955 0.0261555
0 0.387986 0.695668 0.032142 0.0257813
0 0.083203 0.977454 0.0244868 0.0203201
0 0.0555487 0.398599 0.0311434 0.0270691
0 0.812905 0.201585 0.024798 0.024354
0 0.101433 0.29195 0.0239678 0.022706
0 0.444501 0.772028 0.0305395 0.0217649
0 0.416447 0.046225 0.027205 0.0223646
0 0.220057 0.588895 0.0264742 0.022989
0 0.331071 0.836894 0.0292453 0.0282327
0 0.0512493 0.0508056 0.0250922 0.0212413
0 0.621914 0.760288 0.0296032 0.0231604
0 0.388538 0.160318 0.0300862 0.026949
0 0.382766 0.25043 0.0281474 0.0244866
0 0.675422 0.947079 0.0278741 0.0244181
0 0.252261 0.199279 0.0352082 0.0300121
0 0.576679 0.0905653 0.0237994 0.0192243
0 0.701797 0.208034 0.0246039 0.0225302
0 0.0487835 0.580037 0.0255085 0.0227968
0 0.144299 0.818564 0.023968 0.0238986
0 0.397287 0.93065 0.0224559 0.0196332
0 0.310604 0.0247779 0.0269892 0.0225511
0 0.820985 0.247508 0.026416 0.0232044
0 0.435191 0.437124 0.0261934 0.0223746
0 0.339031 0.653712 0.0244974 0.0233423
0 0.660009 0.219392 0.0242792 0.023913
0 0.0985824 0.330988 0.0244894 0.023564
0 0.487166 0.419804 0.0249242 0.0259024
0 0.27924 0.0827369 0.0249843 0.0214139
0 0.151672 0.959965 0.0240593 0.0221953
0 0.0321356 0.367806 0.0251846 0.0224588
0 0.324517 0.0408224 0.0256383 0.0202595
0 0.730476 0.727918 0.0290732 0.0229147
0 0.405666 0.788323 0.0227564 0.020411
0 0.178091 0.43699 0.0240963 0.0218216
0 0.0146953 0.666261 0.0293907 0.0358222
0 0.0946553 0.5799 0.0307828 0.0221465
0 0.44841 0.456817 0.0228534 0.0218216
0 0.455938 0.806153 0.0262997 0.0239012
0 0.436813 0.0924823 0.0266708 0.0253681
0 0.609113 0.500871 0.0303239 0.0269177
0 0.212564 0.100958 0.0258968 0.0209833
0 0.711005 0.355059 0.0296297 0.0239702
0 0.0969792 0.420679 0.0250265 0.0229998
0 0.582122 0.274135 0.02201 0.0215168
0 0.346801 0.325399 0.0325907 0.0251869
0 0.151915 0.132998 0.0239939 0.0200846
0 0.41749 0.736947 0.0280327 0.0253808
0 0.145714 0.659313 0.0334355 0.0311603
0 0.0483282 0.720131 0.0261538 0.0219092
0 0.212514 0.256824 0.023913 0.0227485
0 0.198908 0.469934 0.0289612 0.0286769
0 0.66003 0.856349 0.0270203 0.0268826
0 0.684361 0.662524 0.0239789 0.0227954
0 0.782086 0.0371859 0.0247061 0.0219606
0 0.010022 0.710698 0.020044 0.0226567
0 0.00883196 0.441844 0.0176639 0.0296681
0 0.339973 0.709493 0.0257133 0.0245917
0 0.296295 0.445111 0.0276324 0.028091
0 0.0177847 0.712516 0.0355693 0.0263664
0 0.622773 0.689971 0.0286728 0.0278854
0 0.266429 0.824704 0.0284361 0.0233987
0 0.66966 0.150129 0.0305733 0.031226
0 0.0685974 0.888894 0.0306273 0.0189838
0 0.6831 0.897082 0.0245468 0.0236792
0 0.359815 0.261638 0.0226438 0.0198276
0 0.0137034 0.0424752 0.0274069 0.0220343
0 0.6004 0.18809 0.0230147 0.0214629
0 0.13374 0.396271 0.0276578 0.0229272
0 0.0710624 0.162638 0.0206003 0.0178919
0 0.976512 0.722456 0.033349 0.0232006
0 0.791242 0.707539 0.0242141 0.0267494
0 0.460427 0.189472 0.0269067 0.0252459
0 0.946951 0.107334 0.0368469 0.0271645
0 0.497499 0.874326 0.0259376 0.0238573
0 0.0442103 0.83895 0.0237742 0.0242347
0 0.730214 0.844772 0.026417 0.0227628
0 0.605903 0.841388 0.0249579 0.0222558
0 0.478277 0.881363 0.0236159 0.0207286
0 0.331144 0.466329 0.0292328 0.0256979
0 0.238449 0.353188 0.0297946 0.0248184
0 0.937903 0.272283 0.0285797 0.0267955
0 0.0215576 0.00542878 0.0226279 0.0108576
0 0.575668 0.538474 0.0288078 0.0219124
0 0.271394 0.588388 0.0239427 0.0236449
0 0.353226 0.362315 0.0294315 0.0208724
0 0.178925 0.12386 0.0322211 0.0241615
0 0.469915 0.993948 0.0304195 0.0121043
0 0.00574866 0.0216548 0.0114973 0.0205709
0 0.601085 0.141363 0.0264281 0.0216164
0 0.799004 0.950349 0.0255634 0.021599
0 0.507877 0.41117 0.0301895 0.02362
0 0.637437 0.57109 0.026043 0.0227979
0 0.36738 0.666071 0.0227149 0.0228
0 0.0496274 0.161145 0.024242 0.022831
0 0.219109 0.375717 0.0257049 0.0225468
0 0.360398 0.466009 0.0239127 0.0229711
0 0.629291 0.302014 0.0258811 0.0217276
0 0.170741 0.364898 0.0271567 0.0238893
0 0.749509 0.338288 0.0261784 0.0249399
0 0.192287 0.492698 0.0314017 0.0245583
0 0.470929 0.0467658 0.0283002 0.0248473
0 0.257889 0.432599 0.0240774 0.0221127
0 0.528859 0.277615 0.0243772 0.0219288
0 0.140347 0.580759 0.0253089 0.0248737
0 0.762358 0.987139 0.0315775 0.0257222
0 0.322963 0.0934757 0.0261742 0.0218565
0 0.244829 0.501428 0.0257928 0.0232265
0 0.990864 0.286585 0.0182712 0.0230307
0 0.521984 0.765234 0.0273551 0.0237418
0 0.925237 0.660172 0.0308676 0.0259857
0 0.919697 0.424874 0.0319818 0.0292642
0 0.88701 0.462213 0.0325837 0.0219395
0 0.0396786 0.746664 0.0253998 0.023028
0 0.00742314 0.327723 0.0148463 0.0158567
0 0.757863 0.668148 0.0277446 0.0248364
0 0.105439 0.394427 0.0288992 0.0257687
0 0.549618 0.256144 0.025286 0.0222166
0 0.304906 0.257934 0.0294329 0.0253137
0 0.925041 0.459188 0.0276515 0.0248851
0 0.283032 0.57298 0.0260022 0.0173555
0 0.50742 0.279115 0.0239871 0.0243046
0 0.558176 0.877681 0.0240701 0.0229954
0 0.226841 0.170706 0.0316636 0.0252497
0 0.588765 0.657421 0.0233188 0.0229315
0 0.588701 0.923591 0.0269004 0.0221742
0 0.869575 0.307845 0.0257942 0.0217605
0 0.447273 0.552666 0.0246659 0.0216742
0 0.627998 0.827129 0.0279787 0.0253808
0 0.0286731 0.586607 0.0226204 0.02063
0 0.617989 0.942403 0.0274411 0.0256565
0 0.313294 0.218513 0.0269329 0.0274431
0 0.103036 0.496986 0.0295304 0.0255537
0 0.764039 0.0138846 0.0270053 0.0234222
0 0.993083 0.249823 0.0138335 0.0228977
0 0.605319 0.0315602 0.0293006 0.0215011
0 0.535952 0.669383 0.0290108 0.0235407
0 0.580891 0.46164 0.0374445 0.0251402
0 0.966398 0.583146 0.0247885 0.0232131
0 0.122231 0.427376 0.0331898 0.0284238
0 0.692542 0.693699 0.0275484 0.0220035
0 0.892779 0.233525 0.0299655 0.0248127
0 0.524058 0.888604 0.0264781 0.0224994
0 0.910535 0.00352668 0.0284699 0.00705336
0 0.878722 0.287248 0.0252011 0.0210835
0 0.190044 0.334864 0.0335201 0.0305218
0 0.648024 0.94828 0.0245194 0.0256719
0 0.851009 0.748361 0.0381023 0.0301376
0 0.606253 0.585717 0.0205953 0.0196241
0 0.972368 0.0284696 0.034834 0.0248891
0 0.797899 0.0893693 0.0310993 0.0336362
0 0.86684 0.0940057 0.0300446 0.0233094
0 0.651606 0.244069 0.0242355 0.0218533
0 0.165322 0.894071 0.0279519 0.0268399
0 0.257112 0.694463 0.0323286 0.024675
0 0.00745304 0.794517 0.0149061 0.0207732
0 0.819054 0.0715939 0.0364639 0.0254517
0 0.964162 0.204584 0.030338 0.0183014
0 0.0363621 0.293714 0.0285818 0.0248533
0 0.518975 0.908467 0.0256531 0.018981
0 0.399474 0.591532 0.0274718 0.024425
0 0.64093 0.143748 0.028898 0.0310116
0 0.395953 0.374283 0.0307295 0.0292712
0 0.692342 0.525658 0.0270154 0.0234802
0 0.786999 0.211222 0.0274893 0.0239681
0 0.410551 0.114091 0.0234198 0.022895
0 0.165826 0.841784 0.0303922 0.0222213
0 0.0655699 0.872211 0.027175 0.0223011
0 0.321166 0.283199 0.0248651 0.0252683
0 0.646204 0.364995 0.0271668 0.0257478
0 0.882993 0.0154618 0.025824 0.0238088
