0 0.463222 0.811271 0.026094 0.0224435
0 0.020657 0.165753 0.0239696 0.0241289
0 0.541562 0.486595 0.0285094 0.0267372
0 0.844307 0.335825 0.027258 0.0247609
0 0.566256 0.466598 0.0295274 0.023385
0 0.234087 0.34654 0.0269416 0.0237723
0 0.981266 0.926441 0.0289072 0.0235275
0 0.0723199 0.972619 0.026384 0.0240183
0 0.223008 0.2181 0.0255239 0.0209771
0 0.0158532 0.861727 0.0317064 0.0210475
0 0.123804 0.206541 0.0293336 0.0232196
0 0.0444968 0.739545 0.0273053 0.0237724
0 0.507772 0.471684 0.0248768 0.0234624
0 0.239677 0.0518638 0.0272367 0.0233935
0 0.489953 0.744338 0.02496 0.020632
0 0.303315 0.292812 0.0308972 0.0262367
0 0.513373 0.5224 0.0256016 0.0218325
0 0.682197 0.991866 0.0287085 0.0162677
0 0.863291 0.479492 0.0282072 0.0245128
0 0.481315 0.199225 0.0257747 0.0200803
0 0.888353 0.989322 0.0247853 0.0213566
0 0.00784418 0.718522 0.0156884 0.022649
0 0.677688 0.110707 0.0245783 0.0237793
0 0.214287 0.609888 0.0284753 0.0201229
0 0.359774 0.822209 0.0274385 0.0248253
0 0.191795 0.636799 0.0250671 0.0227499
0 0.382892 0.30032 0.0243834 0.0236982
0 0.516165 0.232258 0.0281205 0.0221013
0 0.613326 0.0816439 0.0299057 0.0241508
0 0.504163 0.920246 0.032294 0.0294443
0 0.324736 0.496344 0.0283536 0.0227338
0 0.41265 0.130263 0.0275807 0.0224168
0 0.7212 0.248476 0.0289773 0.0248331
0 0.851238 0.882025 0.0307559 0.023203
0 0.63594 0.319048 0.0296698 0.0261595
0 0.523481 0.188048 0.028158 0.0245768
0 0.457419 0.0697989 0.0245022 0.0218977
0 0.723029 0.272953 0.026337 0.0246114
0 0.93213 0.181205 0.0260669 0.0239887
0 0.149709 0.930856 0.0246212 0.0227135
0 0.850872 0.961201 0.0256952 0.022735
0 0.82371 0.515425 0.0312531 0.0264342
0 0.774522 0.74536 0.0262758 0.0232016
0 0.28068 0.268617 0.0272035 0.0222318
0 0.105762 0.373191 0.0266917 0.0219274
0 0.6887 0.545502 0.0268639 0.0222502
0 0.513714 0.695419 0.0282386 0.0247868
0 0.789624 0.0596117 0.0239722 0.0216418
0 0.60251 0.918659 0.0238222 0.0191419
0 0.271175 0.817223 0.0290081 0.0237906
0 0.273998 0.378324 0.0275672 0.0235133
0 0.694156 0.302606 0.0320416 0.0263184
0 0.666517 0.399063 0.027771 0.0252652
0 0.402802 0.312924 0.0249384 0.0212354
0 0.109306 0.39671 0.0250041 0.0222489
0 0.948462 0.571702 0.0265298 0.0216185
0 0.386568 0.211737 0.0275551 0.0225525
0 0.161408 0.952615 0.0250616 0.023338
0 0.740216 0.375855 0.0335672 0.0266863
0 0.752309 0.0504251 0.0309862 0.028792
0 0.763053 0.268864 0.0305202 0.0275146
0 0.363488 0.418183 0.0283589 0.0227346
0 0.779577 0.101652 0.025041 0.0223404
0 0.666068 0.45639 0.0319344 0.0280921
0 0.188223 0.0622989 0.0257032 0.0222823
0 0.0273882 0.33187 0.0228935 0.0216576
0 0.015281 0.886303 0.0305619 0.0222989
0 0.0772418 0.453298 0.0232376 0.0205286
0 0.114935 0.72554 0.0301023 0.0252447
0 0.99033 0.345007 0.0193399 0.021478
0 0.807535 0.862676 0.0257534 0.0191804
0 0.161164 0.0672176 0.0250517 0.0238333
0 0.486465 0.271331 0.0259438 0.0248815
0 0.521341 0.990373 0.0323154 0.0192545
0 0.32165 0.372582 0.0258943 0.0228033
0 0.809398 0.111679 0.025443 0.0222273
0 0.347109 0.0616144 0.026025 0.0235227
0 0.336198 0.77503 0.0283345 0.0254694
0 0.463677 0.96965 0.0260411 0.0224805
0 0.751535 0.633642 0.0253244 0.021544
0 0.195891 0.909542 0.0296584 0.0274076
0 0.211428 0.149972 0.0229546 0.0212994
0 0.744303 0.828375 0.0297589 0.0240947
0 0.0488168 0.529291 0.0324173 0.0282813
0 0.489708 0.549354 0.0230601 0.0227383
0 0.0524219 0.84887 0.0264625 0.0242129
0 0.640554 0.28708 0.0262224 0.023131
0 0.589026 0.318762 0.025676 0.0222956
0 0.0104373 0.83225 0.0208746 0.0253415
0 0.721652 0.501662 0.0387033 0.0236145
0 0.195398 0.875345 0.0297566 0.0240373
0 0.334835 0.188786 0.0275089 0.0223666
0 0.238296 0.671296 0.0258948 0.0244291
0 0.360972 0.495469 0.0247266 0.0228615
0 0.987791 0.471185 0.0244173 0.0258366
0 0.338566 0.672376 0.02599 0.0229822
0 0.537508 0.639568 0.0331043 0.0227569
0 0.422063 0.338412 0.0294865 0.0260411
0 0.0555127 0.822238 0.027101 0.0238385
0 0.795419 0.733505 0.0298502 0.0258017
0 0.33855 0.390878 0.0268694 0.0289435
0 0.355962 0.758897 0.0289586 0.025574
0 0.243065 0.722869 0.0321636 0.026149
0 0.40069 0.601521 0.0248193 0.0242203
0 0.416095 0.0915002 0.0326446 0.0262314
0 0.0824242 0.258483 0.0264248 0.0240923
0 0.329061 0.836532 0.0289313 0.0237683
0 0.721218 0.60749 0.0241661 0.0220204
0 0.187255 0.582542 0.0298964 0.0257769
0 0.879691 0.221014 0.0255396 0.0209769
0 0.434534 0.236568 0.0293253 0.0249643
0 0.3664 0.669792 0.0308383 0.0255194
0 0.96016 0.305603 0.0334155 0.026833
0 0.411036 0.410095 0.0229838 0.0216272
0 0.383277 0.980441 0.030449 0.0227461
0 0.953661 0.233239 0.0244402 0.0242319
0 0.686753 0.418507 0.0276911 0.0214705
0 0.387183 0.751358 0.0293542 0.0242296
0 0.73472 0.950351 0.0298184 0.0257512
0 0.963014 0.409044 0.030332 0.0204885
0 0.609006 0.423221 0.0267763 0.0231728
0 0.841695 0.984022 0.0253427 0.0238727
0 0.543507 0.707018 0.0261528 0.0242534
0 0.650278 0.0173642 0.0267504 0.0242048
0 0.441846 0.59801 0.0240345 0.0240719
0 0.532551 0.152272 0.0336939 0.0278761
0 0.889461 0.892362 0.0258447 0.0230365
0 0.536713 0.0927783 0.0304884 0.0229327
0 0.123129 0.336947 0.0262143 0.0240717
0 0.202063 0.242173 0.0233817 0.0232486
0 0.648007 0.231333 0.0378983 0.0265504
0 0.162473 0.174473 0.0311498 0.01827
0 0.373881 0.113119 0.0249719 0.0224109
0 0.637904 0.486591 0.0274233 0.0241341
0 0.883057 0.349443 0.0278983 0.0264896
0 0.974936 0.984389 0.0309241 0.0263321
0 0.864464 0.936165 0.0263034 0.0220352
0 0.361959 0.616315 0.024592 0.0220271
0 0.335656 0.12831 0.0288103 0.02468
0 0.960371 0.90574 0.0272955 0.0239377
0 0.285416 0.201539 0.0293378 0.0220985
0 0.863175 0.994145 0.0314096 0.0117105
0 0.468606 0.0062139 0.0252928 0.0124278
0 0.239262 0.380599 0.0255535 0.0228672
0 0.214113 0.643694 0.0262723 0.0227127
0 0.852468 0.845036 0.0287496 0.022713
0 0.495753 0.623566 0.0256311 0.0227715
0 0.608441 0.769378 0.0226337 0.0207294
0 0.901873 0.084277 0.0264726 0.0218722
0 0.129388 0.569833 0.024352 0.0230797
0 0.0763345 0.162046 0.0291345 0.0239468
0 0.0387085 0.404362 0.0262768 0.0224159
0 0.575807 0.503173 0.0365073 0.0252056
0 0.127434 0.0463203 0.0270112 0.0228166
0 0.433558 0.308063 0.0256238 0.0249293
0 0.46435 0.691604 0.0262229 0.0228206
0 0.603208 0.120681 0.0284966 0.0241388
0 0.405715 0.0381371 0.0280854 0.0240492
0 0.37319 0.727161 0.0314644 0.0184008
0 0.631787 0.374233 0.0264205 0.023708
0 0.00560209 0.324774 0.0112042 0.0230054
0 0.660479 0.500797 0.0222888 0.021703
0 0.309628 0.393247 0.0296689 0.0279294
0 0.774529 0.421384 0.0245373 0.020947
0 0.83185 0.79181 0.0307761 0.0237363
0 0.567098 0.70424 0.0253224 0.0230297
0 0.338061 0.0919859 0.0335463 0.024497
0 0.267829 0.423588 0.0267811 0.022058
0 0.200992 0.327239 0.0340681 0.0191718
0 0.770247 0.289451 0.0243448 0.0233852
0 0.348631 0.329519 0.0250016 0.0232761
0 0.691526 0.335809 0.0266322 0.0240631
0 0.687025 0.278122 0.024288 0.0257712
0 0.617433 0.293993 0.032587 0.0220769
0 0.89156 0.304975 0.0282843 0.0220296
0 0.599573 0.948894 0.0250807 0.0241281
0 0.441109 0.993655 0.0276277 0.0126903
0 0.393148 0.645442 0.0251263 0.0207779
0 0.113233 0.770375 0.0314843 0.0255939
0 0.994457 0.890108 0.0110866 0.0245011
0 0.655288 0.177422 0.0311983 0.0290564
0 0.424738 0.056423 0.0294077 0.0217037
0 0.245129 0.775174 0.0284454 0.0250797
0 0.257398 0.694671 0.0266147 0.0243231
0 0.113116 0.288205 0.0221908 0.0218651
0 0.404421 0.576425 0.0305267 0.02934
0 0.295626 0.85782 0.0369061 0.0217279
0 0.983989 0.659 0.0292789 0.0267997
0 0.107531 0.635621 0.0262977 0.0231525
0 0.756528 0.523983 0.0303615 0.0264295
0 0.503394 0.0419141 0.0232155 0.0211506
0 0.628793 0.453797 0.024525 0.0235929
0 0.590949 0.0645078 0.0235959 0.0172437
0 0.136628 0.176924 0.0274272 0.022808
0 0.809012 0.418648 0.0286716 0.0256926
0 0.524474 0.621402 0.0262454 0.0230168
0 0.609904 0.545145 0.0248947 0.0222071
0 0.0703198 0.722746 0.0260294 0.0210074
0 0.161877 0.443962 0.0277955 0.0229083
0 0.869201 0.791808 0.0271173 0.0187979
0 0.0430755 0.151225 0.0273145 0.0277762
0 0.161518 0.840742 0.022296 0.0224199
0 0.0959616 0.831093 0.0311649 0.0290961
0 0.351739 0.641618 0.0283916 0.0257372
0 0.505802 0.666698 0.0253899 0.0233585
0 0.722666 0.773713 0.0317878 0.023149
0 0.948511 0.345834 0.0237784 0.0265381
0 0.67819 0.208649 0.0338498 0.036217
0 0.12323 0.266578 0.0281122 0.0230765
0 0.415608 0.990866 0.0272859 0.0182688
0 0.918635 0.3094 0.0310776 0.0209874
0 0.733137 0.308111 0.0236488 0.0211469
0 0.488056 0.314473 0.0282214 0.0234344
0 0.266708 0.160216 0.0269412 0.0268382
0 0.60438 0.451363 0.0310606 0.0277257
0 0.682307 0.962641 0.0250511 0.0242682
0 0.457332 0.100769 0.0287169 0.0295918
0 0.758758 0.0195696 0.0254077 0.0232293
0 0.744318 0.221738 0.0301232 0.0294818
0 0.225621 0.509536 0.0321793 0.030568
0 0.459939 0.0333419 0.0234401 0.0217188
0 0.489621 0.172927 0.0296167 0.0245558
0 0.986422 0.777146 0.0271562 0.0259666
0 0.274657 0.991279 0.0296361 0.0174412
0 0.462281 0.231919 0.0261876 0.0239058
0 0.176739 0.660734 0.0244294 0.0254608
0 0.662208 0.797441 0.0305121 0.0248727
0 0.519211 0.571933 0.0256004 0.0243455
0 0.487245 0.993726 0.0268117 0.0125486
0 0.179982 0.264857 0.0270176 0.022366
0 0.076425 0.201154 0.030558 0.0279069
0 0.340212 0.716287 0.0274988 0.0250592
0 0.503649 0.648216 0.0243535 0.0234387
0 0.699962 0.0834484 0.0246542 0.0230644
0 0.878251 0.968487 0.029339 0.0219505
0 0.847858 0.0546595 0.0256492 0.0243409
0 0.561561 0.374483 0.0248354 0.0234398
0 0.309533 0.672182 0.0250758 0.0222067
0 0.331394 0.257859 0.0329347 0.0266549
0 0.728102 0.691574 0.0238147 0.0223102
0 0.904147 0.493019 0.0282636 0.026534
0 0.80952 0.988716 0.0353488 0.0225675
0 0.351937 0.229936 0.0270601 0.0257065
0 0.804945 0.330542 0.0268384 0.0234137
0 0.0900181 0.555078 0.0401783 0.0241436
0 0.239449 0.619797 0.02501 0.0225995
0 0.578517 0.88046 0.0330061 0.0312126
0 0.46288 0.559998 0.0245477 0.0195667
0 0.485348 0.0243682 0.0277287 0.0223137
0 0.373775 0.0350625 0.0293882 0.025605
0 0.571799 0.0542007 0.0237483 0.021477
0 0.206947 0.743136 0.0258162 0.0226092
0 0.0405516 0.446653 0.0241552 0.0230695
0 0.49071 0.221871 0.0253299 0.0246006
0 0.912186 0.721875 0.034393 0.0299911
0 0.563108 0.543931 0.0261932 0.022866
0 0.871012 0.261674 0.0254585 0.0239744
0 0.990777 0.686467 0.0184456 0.0315787
0 0.848646 0.0325526 0.0267612 0.0186463
0 0.80163 0.464506 0.0239497 0.0248236
0 0.770481 0.547505 0.0390936 0.0307425
0 0.0846023 0.0537773 0.0311573 0.0225876
0 0.959308 0.194366 0.0259345 0.0228887
0 0.342046 0.00652425 0.0244359 0.0130485
0 0.614867 0.171318 0.0292214 0.0363325
0 0.913277 0.77255 0.0376721 0.0248038
0 0.249787 0.29006 0.0232826 0.0244886
0 0.423635 0.795889 0.0456409 0.0311862
0 0.640078 0.254061 0.0280566 0.0240323
0 0.326239 0.732881 0.0317816 0.0284886
0 0.572192 0.636791 0.0289525 0.0222681
0 0.00813646 0.392969 0.0162729 0.0215126
0 0.221601 0.899443 0.0278123 0.0251048
0 0.360013 0.553003 0.0272292 0.0242208
0 0.783966 0.203603 0.0274498 0.0217394
0 0.482929 0.673301 0.0264743 0.0258957
0 0.978605 0.123993 0.0238806 0.0192771
0 0.539911 0.390593 0.0233678 0.0182863
0 0.832539 0.220613 0.0268895 0.0260349
0 0.030415 0.310905 0.0275947 0.021878
0 0.59725 0.821991 0.0269428 0.0216115
0 0.484607 0.416159 0.0290912 0.0244758
0 0.903263 0.916876 0.0292377 0.0253444
0 0.158638 0.701674 0.0284119 0.0248966
0 0.55386 0.900469 0.0410254 0.0259929
0 0.0312248 0.48995 0.0391489 0.0224361
0 0.20499 0.776551 0.0343449 0.0241416
0 0.176884 0.209703 0.0232851 0.023227
0 0.823959 0.0872296 0.0229465 0.0214779
0 0.0192781 0.462543 0.0245024 0.0243503
0 0.84198 0.910958 0.0243798 0.0233673
0 0.286291 0.0623938 0.0301845 0.024347
0 0.262326 0.13292 0.0329867 0.0242477
0 0.592635 0.216346 0.0260198 0.0213651
0 0.382804 0.405684 0.0254642 0.0220416
0 0.470488 0.690076 0.0369099 0.0236264
0 0.0519733 0.665526 0.024333 0.0217058
0 0.8541 0.233293 0.0259802 0.0226168
0 0.386038 0.00849833 0.0270767 0.0169967
0 0.638929 0.963719 0.0233744 0.0224255
