0 0.62306 0.62366 0.032677 0.0217974
0 0.99395 0.498691 0.0120997 0.0214505
0 0.533291 0.620796 0.0219287 0.019167
0 0.741783 0.163699 0.0219191 0.020648
0 0.100179 0.155922 0.0226509 0.0147577
0 0.741771 0.537618 0.0247032 0.0198156
0 0.360926 0.663802 0.0226396 0.0204791
0 0.485573 0.603284 0.0246509 0.0211946
0 0.555048 0.547002 0.0220805 0.0215023
0 0.108011 0.903371 0.0263253 0.0195371
0 0.652231 0.719491 0.0257125 0.0211163
0 0.715925 0.654055 0.0257091 0.0196889
0 0.180696 0.587558 0.0264557 0.024152
0 0.393575 0.0570361 0.0225884 0.0195214
0 0.74631 0.903656 0.0224645 0.0186716
0 0.237435 0.803038 0.0206004 0.0178069
0 0.91302 0.794996 0.0215483 0.0196595
0 0.987474 0.944005 0.0250517 0.0253331
0 0.949587 0.983361 0.0238719 0.0198829
0 0.650982 0.524855 0.0228278 0.0211817
0 0.0248236 0.880538 0.020902 0.016548
0 0.384477 0.660435 0.0224666 0.0224627
0 0.0102222 0.360101 0.0204444 0.0204851
0 0.940566 0.0404118 0.0243382 0.0185249
0 0.745349 0.71591 0.0288797 0.0186313
0 0.798119 0.098034 0.0225663 0.0209688
0 0.413699 0.959929 0.0207749 0.0188608
0 0.403845 0.928771 0.0234119 0.0204588
0 0.530621 0.444937 0.0252569 0.0203193
0 0.994301 0.637258 0.0113978 0.0176146
0 0.533426 0.546192 0.0224215 0.0213154
0 0.0766261 0.0625325 0.0204423 0.0177689
0 0.554185 0.719166 0.0295652 0.0265588
0 0.785608 0.728038 0.0257724 0.0199653
0 0.664497 0.835005 0.0234755 0.0196317
0 0.789681 0.130652 0.0226768 0.0206624
0 0.0487686 0.436306 0.0243367 0.0210811
0 0.790787 0.64606 0.0264881 0.0222389
0 0.688016 0.732122 0.024106 0.0207559
0 0.0932349 0.813016 0.0252191 0.019753
0 0.248778 0.927837 0.0201537 0.0195676
0 0.169276 0.892712 0.0250569 0.0224079
0 0.200173 0.478741 0.0232666 0.0203955
0 0.236799 0.493921 0.0269421 0.0210519
0 0.0335993 0.92554 0.0246768 0.0202008
0 0.290805 0.197473 0.0230745 0.0203807
0 0.338323 0.413388 0.0235756 0.0221589
0 0.967532 0.05308 0.0213903 0.0195465
0 0.69838 0.515363 0.0217801 0.0182549
0 0.337887 0.954944 0.0254304 0.0199884
0 0.0375653 0.857713 0.0329632 0.0215765
0 0.314704 0.935445 0.0241233 0.0181083
0 0.0903791 0.737633 0.022117 0.0206609
0 0.589175 0.101408 0.0196251 0.016602
0 0.694183 0.995396 0.0247887 0.00920898
0 0.66359 0.393145 0.0219996 0.0189354
0 0.207521 0.591323 0.0232068 0.0217949
0 0.275712 0.701206 0.0233761 0.0197777
0 0.876433 0.636319 0.0331676 0.0205166
0 0.586298 0.515457 0.0215223 0.0193294
0 0.0414441 0.389674 0.0248835 0.0253614
0 0.837303 0.707489 0.0255581 0.0209731
0 0.0584039 0.189815 0.0201135 0.0174276
0 0.522276 0.472061 0.0218112 0.0194581
0 0.139202 0.725424 0.0209951 0.0192105
0 0.154865 0.770698 0.0220757 0.0199249
0 0.519355 0.291681 0.0241379 0.0205221
0 0.262041 0.46529 0.023514 0.0204604
0 0.64328 0.930514 0.0198097 0.0180032
0 0.731094 0.217729 0.0239492 0.0185281
0 0.892082 0.00902449 0.0226079 0.018049
0 0.703349 0.974428 0.0231236 0.0191748
0 0.0922538 0.763903 0.0199285 0.0186349
0 0.174341 0.179414 0.0339995 0.0284491
0 0.481814 0.993185 0.0245017 0.0136307
0 0.570098 0.345399 0.0256448 0.02154
0 0.131152 0.975901 0.0201123 0.0184882
0 0.637116 0.838656 0.0234826 0.0207033
0 0.880786 0.602706 0.0212542 0.0199289
0 0.533829 0.969737 0.0243322 0.0199059
0 0.0509416 0.508115 0.0239195 0.0199059
0 0.366612 0.490707 0.0238363 0.0247041
0 0.612118 0.267666 0.022397 0.0214604
0 0.458342 0.0800128 0.0165575 0.0183487
0 0.168195 0.710153 0.0261927 0.0175168
0 0.466479 0.291533 0.0217785 0.0195213
0 0.162403 0.72688 0.0205548 0.0173293
0 0.23643 0.61668 0.0260452 0.0214589
0 0.265165 0.259991 0.0235088 0.0197528
0 0.901722 0.615743 0.0231755 0.0200155
0 0.210273 0.821065 0.0218513 0.0243189
0 0.544479 0.425527 0.0241583 0.0193123
0 0.85526 0.593412 0.0206922 0.0192208
0 0.263293 0.880734 0.0242711 0.0217003
0 0.820009 0.867306 0.023868 0.0200436
0 0.778865 0.40513 0.0247058 0.0232822
0 0.991999 0.366206 0.0158483 0.0208591
0 0.904748 0.966655 0.0216045 0.0191095
0 0.948151 0.166496 0.0240797 0.0200027
0 0.364685 0.333899 0.0240405 0.0212931
0 0.671353 0.619699 0.0227354 0.0217524
0 0.508611 0.600154 0.0228418 0.0213815
0 0.823172 0.198378 0.021718 0.0195463
0 0.467077 0.440685 0.0242325 0.0186315
0 0.677403 0.865381 0.025247 0.0189001
0 0.11875 0.744056 0.0233775 0.0161039
0 0.0471568 0.968056 0.0233238 0.0189646
0 0.674213 0.509543 0.0234748 0.0193108
0 0.709277 0.553571 0.0228915 0.0200208
0 0.396819 0.685576 0.0222271 0.0223848
0 0.911945 0.571489 0.0230945 0.0203211
0 0.973061 0.230023 0.024667 0.022214
0 0.75315 0.510174 0.0244574 0.0175599
0 0.416886 0.129658 0.0232717 0.0205483
0 0.6514 0.28843 0.0238574 0.0211633
0 0.289147 0.878986 0.0260636 0.0226699
0 0.039355 0.714038 0.0243618 0.0219737
0 0.00967778 0.102776 0.0193556 0.0207407
0 0.0843748 0.335976 0.0236066 0.0212333
0 0.730083 0.959171 0.0234064 0.0223296
0 0.210997 0.826579 0.0194696 0.0153786
0 0.411516 0.33837 0.0223603 0.0200287
0 0.754329 0.273808 0.0234664 0.0178986
0 0.964198 0.429298 0.0236018 0.0204278
0 0.520367 0.679145 0.0252089 0.0225112
0 0.778625 0.893656 0.0242923 0.0220722
0 0.654957 0.10805 0.0232281 0.0210545
0 0.621083 0.861867 0.0265336 0.0225075
0 0.620634 0.992597 0.0244256 0.0148054
0 0.702961 0.496403 0.0241102 0.0192855
0 0.595005 0.976611 0.0261288 0.0196566
0 0.122748 0.817681 0.0230582 0.0205854
0 0.994052 0.285823 0.0118966 0.0203578
0 0.634583 0.549165 0.0238383 0.0227249
0 0.852064 0.418843 0.0206202 0.0174877
0 0.43815 0.692691 0.0254427 0.022485
0 0.0781179 0.0324871 0.0228685 0.0209774
0 0.714862 0.576127 0.0197887 0.0213801
0 0.830655 0.113481 0.0251133 0.018646
0 0.570684 0.142577 0.0228323 0.021148
0 0.0237079 0.117656 0.0232235 0.0201436
0 0.366674 0.970262 0.0190625 0.0140193
0 0.80236 0.900343 0.0231906 0.0215837
0 0.115971 0.850957 0.0254154 0.0186649
0 0.886962 0.260003 0.0248986 0.0214478
0 0.583481 0.213332 0.0206756 0.0162755
0 0.387448 0.32862 0.0231147 0.021818
0 0.917942 0.992143 0.0268509 0.0157133
0 0.274506 0.480906 0.0231037 0.0199201
0 0.341182 0.0314302 0.0234314 0.0194757
0 0.955736 0.54707 0.0211977 0.0200476
0 0.7875 0.750528 0.0212901 0.0170223
0 0.919808 0.345158 0.0229285 0.0185755
0 0.54379 0.227493 0.024688 0.0209872
0 0.631822 0.25759 0.0199925 0.0181693
0 0.67848 0.813693 0.0217381 0.0194017
0 0.74561 0.796864 0.0240573 0.0203953
0 0.894737 0.217185 0.0241884 0.0199208
0 0.635577 0.478085 0.024085 0.0199305
0 0.37571 0.386597 0.0228473 0.0215771
0 0.09853 0.28045 0.0225316 0.017969
0 0.722375 0.189199 0.0230995 0.0210549
0 0.459118 0.982518 0.0168168 0.0140186
0 0.65401 0.192163 0.0233435 0.0201829
0 0.479323 0.772402 0.025407 0.0207714
0 0.43604 0.617479 0.019491 0.0179806
0 0.296814 0.711625 0.0236148 0.0196199
0 0.697155 0.386534 0.0221278 0.021321
0 0.128267 0.770407 0.0223355 0.0205227
0 0.549462 0.30682 0.0229002 0.0215536
0 0.882514 0.972821 0.023064 0.0200575
0 0.189519 0.904366 0.0267689 0.0159717
0 0.0102417 0.993559 0.0194452 0.012882
0 0.0772142 0.964037 0.0253159 0.0241852
0 0.882795 0.160999 0.0242677 0.0191199
0 0.867758 0.365934 0.0221295 0.0195142
0 0.561608 0.163139 0.0206661 0.0194772
0 0.651076 0.240597 0.0234638 0.019961
0 0.770779 0.353937 0.0220373 0.0196853
0 0.8861 0.40821 0.0243051 0.0218489
0 0.115842 0.22352 0.0211825 0.0189609
0 0.824441 0.0283435 0.0236792 0.0207161
0 0.0963363 0.953612 0.0258904 0.0219107
0 0.578717 0.990952 0.0311372 0.0180959
0 0.0659122 0.341151 0.0180072 0.0160182
0 0.91481 0.413811 0.0252481 0.0216487
0 0.644737 0.410803 0.025225 0.0207432
0 0.899577 0.0756941 0.0236726 0.0203884
0 0.878367 0.447441 0.0225603 0.0198931
0 0.190078 0.943006 0.0232309 0.0207279
0 0.984756 0.552715 0.0240782 0.0195092
0 0.880515 0.699959 0.0219873 0.020524
0 0.476098 0.191519 0.0191918 0.0153303
0 0.331377 0.114477 0.0190811 0.0163924
0 0.431319 0.0478839 0.023791 0.0184128
0 0.371991 0.124911 0.021368 0.0194021
0 0.313956 0.564512 0.0249365 0.0215476
0 0.494125 0.550173 0.0233395 0.021253
0 0.321957 0.509316 0.0244567 0.0200711
0 0.66171 0.740946 0.0288713 0.0210492
0 0.691528 0.891394 0.0221824 0.0212607
0 0.365969 0.0108923 0.0232161 0.0204242
0 0.30288 0.495634 0.0247605 0.0211493
0 0.402443 0.616887 0.0261205 0.0188593
0 0.349203 0.508478 0.0238148 0.0203765
0 0.79677 0.528307 0.0240763 0.0206758
0 0.210388 0.817248 0.0200503 0.0167174
0 0.532868 0.010574 0.0216131 0.0189672
0 0.351623 0.631712 0.0176661 0.0211245
0 0.422264 0.0952116 0.0236437 0.021004
0 0.891315 0.525229 0.0201786 0.0206047
0 0.954825 0.0791653 0.0290383 0.0187932
0 0.629121 0.627439 0.0208269 0.0136397
0 0.677146 0.343639 0.0226396 0.0214545
0 0.455952 0.776806 0.0218005 0.0185448
0 0.900692 0.552477 0.0223227 0.0205544
0 0.527998 0.995205 0.0212691 0.00958985
0 0.099298 0.0688586 0.0212911 0.0179198
0 0.451473 0.393558 0.0228488 0.0202182
0 0.886706 0.482896 0.0399392 0.0192701
0 0.0626312 0.992978 0.033486 0.0140432
0 0.0955055 0.0462714 0.0222976 0.020486
0 0.308883 0.360878 0.0233275 0.0201387
0 0.348864 0.807072 0.0212339 0.0191548
0 0.640324 0.0285651 0.0236547 0.0210675
0 0.548796 0.777664 0.0227835 0.0211383
0 0.976848 0.00266102 0.0192345 0.00532205
0 0.0705467 0.814857 0.0214676 0.019645
0 0.776303 0.243334 0.0221612 0.0178957
0 0.300928 0.43359 0.0252132 0.0203617
0 0.0719157 0.70672 0.0237942 0.0203118
0 0.708524 0.0572704 0.0232531 0.0204332
0 0.177778 0.554389 0.0270558 0.0281554
0 0.485779 0.462079 0.0276548 0.0201124
0 0.185676 0.770468 0.0226921 0.0170406
0 0.45978 0.205834 0.0215432 0.0204496
0 0.688917 0.264236 0.0237956 0.0194588
0 0.164804 0.136034 0.0259435 0.0215459
0 0.742814 0.399962 0.0232247 0.0217478
0 0.672932 0.300312 0.0162709 0.0160841
0 0.854972 0.570271 0.0233614 0.0215952
0 0.225269 0.664281 0.0247694 0.0229209
0 0.154219 0.218853 0.0240255 0.0208221
0 0.00524059 0.0262399 0.0104812 0.020327
0 0.00659358 0.524125 0.0131872 0.0246027
0 0.750252 0.440449 0.0230043 0.0205864
0 0.0218214 0.188893 0.0242691 0.0181197
0 0.217296 0.973275 0.0198026 0.0164726
0 0.27497 0.627955 0.0224513 0.0203497
0 0.0742607 0.570281 0.0385535 0.0199652
0 0.0240096 0.779628 0.0201184 0.0188668
0 0.197531 0.510426 0.0254165 0.0184208
0 0.885732 0.891598 0.0245451 0.0197835
0 0.507548 0.991421 0.0215079 0.0168895
0 0.0612405 0.308296 0.0305852 0.0197017
0 0.113005 0.255089 0.0208162 0.0179711
0 0.569151 0.393844 0.0252486 0.0220183
0 0.0360756 0.801974 0.0212921 0.0206497
0 0.518524 0.892058 0.0240303 0.021538
0 0.359528 0.0987292 0.025375 0.0180252
0 0.84297 0.208702 0.0220025 0.0172745
0 0.54459 0.872011 0.0234316 0.0196471
0 0.928257 0.725071 0.0219999 0.0180404
0 0.188615 0.261316 0.0237633 0.0212744
0 0.378769 0.715838 0.0233888 0.021006
0 0.176707 0.315732 0.0224255 0.0195392
0 0.277223 0.15336 0.0237726 0.019759
0 0.323591 0.991784 0.0253508 0.016309
0 0.356893 0.136433 0.016972 0.0154357
0 0.0142237 0.440911 0.0284475 0.0237608
0 0.939367 0.964536 0.0260133 0.0221779
0 0.697521 0.568975 0.0219532 0.0200852
0 0.773135 0.704683 0.0251225 0.02211
0 0.120721 0.711632 0.0241405 0.0193421
0 0.758474 0.986982 0.0247576 0.0220168
0 0.361079 0.534834 0.0219042 0.0191538
0 0.354547 0.20764 0.0313694 0.0195892
0 0.197379 0.112751 0.0216632 0.0205309
0 0.918317 0.480836 0.0235388 0.020069
0 0.328041 0.0536704 0.0210022 0.0181212
0 0.25039 0.119339 0.0233936 0.0207663
0 0.15336 0.578491 0.0241148 0.0173247
0 0.789917 0.611247 0.0234581 0.0185396
0 0.974424 0.753146 0.0236008 0.0196499
0 0.861449 0.499402 0.0219983 0.0203534
0 0.665082 0.0698333 0.0249931 0.0211539
0 0.349853 0.880997 0.0231627 0.0195878
0 0.92438 0.233164 0.0229098 0.0200956
0 0.356647 0.225991 0.0241487 0.0198234
0 0.853538 0.444091 0.0226205 0.0156596
0 0.526526 0.841804 0.020951 0.0182346
0 0.705068 0.867324 0.0238534 0.0213422
0 0.97524 0.658219 0.0224265 0.0184574
0 0.716165 0.144198 0.0235147 0.0214642
0 0.44813 0.944265 0.0178979 0.0158234
0 0.948542 0.367021 0.0229852 0.0195391
0 0.767578 0.222037 0.0247537 0.0211098
0 0.890951 0.877054 0.0246254 0.0163584
0 0.731176 0.325379 0.0216704 0.0192099
0 0.0402973 0.985407 0.0234303 0.0233787
0 0.920718 0.500399 0.0221911 0.0183562
0 0.617672 0.229711 0.0239877 0.0213495
0 0.447139 0.418161 0.0214722 0.0213183
0 0.797037 0.482253 0.0238151 0.0201494
0 0.333824 0.781685 0.0225148 0.0188065
0 0.265804 0.660277 0.0209777 0.016499
0 0.699242 0.115276 0.0236365 0.0188901
0 0.937839 0.804727 0.0226473 0.0190316
0 0.938501 0.862335 0.0298063 0.0199237
0 0.280361 0.212001 0.0182328 0.0134337
0 0.981759 0.305706 0.0261915 0.0209567
0 0.440433 0.271573 0.0215936 0.017906
0 0.537584 0.165881 0.0237175 0.0191397
0 0.509819 0.163182 0.0228822 0.0206671
0 0.100452 0.00394191 0.0208027 0.00788383
0 0.0402888 0.0776444 0.0214917 0.017305
0 0.802997 0.303374 0.022398 0.0195219
0 0.513439 0.0743319 0.0213244 0.0191104
0 0.836245 0.410539 0.0219485 0.0193717
0 0.433155 0.370158 0.0244751 0.0202055
0 0.845087 0.851316 0.0367795 0.0237761
0 0.57708 0.796252 0.0253405 0.0235466
0 0.871921 0.243333 0.0234797 0.0195541
0 0.95094 0.34454 0.0237583 0.0190633
0 0.300455 0.597395 0.0182709 0.02603
0 0.152411 0.299807 0.0196377 0.0181666
0 0.176277 0.351077 0.0238951 0.0189167
0 0.274552 0.148737 0.0286381 0.0290592
0 0.804911 0.394087 0.0233083 0.0213412
0 0.133764 0.312338 0.0238508 0.0212233
0 0.819026 0.888323 0.0214373 0.0188267
0 0.870623 0.562588 0.0211951 0.0196798
0 0.792205 0.0760684 0.0201572 0.0205071
0 0.286284 0.944205 0.022239 0.0200114
0 0.857273 0.975236 0.0223574 0.0201965
0 0.362525 0.749142 0.0211647 0.018618
0 0.203364 0.892587 0.0214925 0.0177263
0 0.987805 0.0775852 0.0243902 0.0214522
0 0.75247 0.771381 0.0232421 0.0203361
0 0.770281 0.0727902 0.0234378 0.0212281
0 0.32343 0.994475 0.0237513 0.0110505
0 0.193504 0.884606 0.0236411 0.0170399
0 0.887978 0.584262 0.0217707 0.0199218
0 0.908717 0.365308 0.0205516 0.0209988
0 0.068521 0.175578 0.0210331 0.0178081
0 0.720336 0.510617 0.0201333 0.0169963
0 0.373226 0.807884 0.0267537 0.0165827
0 0.254445 0.360849 0.0200744 0.0173294
0 0.835468 0.526495 0.0212119 0.0226457
0 0.991662 0.44418 0.0166758 0.024477
0 0.697831 0.228055 0.0241472 0.0200753
0 0.541963 0.0516637 0.0231339 0.0212326
0 0.630218 0.519404 0.021656 0.0214863
0 0.929689 0.0577506 0.0205419 0.0185249
0 0.167226 0.798493 0.0222347 0.0172577
0 0.313577 0.133462 0.0217153 0.0191182
0 0.175362 0.333894 0.02132 0.0182868
0 0.418318 0.835148 0.0267618 0.0198874
0 0.614318 0.713298 0.0230298 0.019428
0 0.666125 0.0471486 0.0242857 0.0202989
0 0.642935 0.768377 0.0242489 0.0184115
0 0.756326 0.29985 0.0260805 0.0237418
0 0.155137 0.600865 0.0219979 0.0174937
0 0.428728 0.215584 0.0214262 0.0167675
0 0.441168 0.585088 0.0232033 0.0198986
0 0.291384 0.324106 0.0224913 0.0195209
0 0.99219 0.23217 0.0156202 0.0256646
0 0.78019 0.266817 0.0283028 0.0218973
0 0.202269 0.552095 0.0273124 0.0183467
0 0.287875 0.755758 0.0191148 0.0153614
0 0.947612 0.568452 0.0220332 0.0194873
0 0.0152175 0.472633 0.0194298 0.0193382
0 0.626065 0.921242 0.0205479 0.0193459
0 0.108885 0.349521 0.0249571 0.0222947
0 0.287284 0.296141 0.020676 0.0197267
0 0.898031 0.330011 0.0221155 0.0208323
0 0.98859 0.0559311 0.0228194 0.0210714
0 0.176231 0.961706 0.0238017 0.0201215
0 0.131751 0.553388 0.0282152 0.0200031
0 0.363448 0.829871 0.0244079 0.0219431
0 0.301569 0.00568695 0.0221218 0.0113739
0 0.405804 0.284266 0.0244398 0.0213347
0 0.539866 0.798367 0.0233297 0.0188004
0 0.237902 0.313971 0.0239584 0.0195782
0 0.195729 0.288001 0.0241885 0.0199667
0 0.6538 0.782162 0.0236695 0.0216347
0 0.696637 0.19621 0.0219373 0.0192703
0 0.144924 0.521411 0.0239333 0.0181419
0 0.778253 0.454478 0.0210425 0.0191059
0 0.977784 0.594917 0.0220397 0.0208152
0 0.994374 0.866983 0.0112522 0.0175132
0 0.0458804 0.762197 0.0217844 0.0166554
0 0.428767 0.772173 0.0229821 0.0210326
0 0.568572 0.190817 0.0229368 0.0153461
0 0.739379 0.992187 0.0213314 0.0156258
0 0.968295 0.358605 0.0230879 0.020626
0 0.223367 0.333306 0.0214571 0.0191527
0 0.774476 0.536998 0.017509 0.0159263
0 0.880511 0.63515 0.0253713 0.0189673
0 0.987291 0.72947 0.0251001 0.0232645
0 0.543766 0.501135 0.0224733 0.0223493
0 0.892365 0.482422 0.0276027 0.0175134
0 0.0192493 0.0538283 0.0234434 0.0205855
0 0.434115 0.522472 0.0261424 0.0229692
0 0.901344 0.707626 0.0252237 0.021193
0 0.987361 0.146823 0.0252783 0.0206173
0 0.729718 0.861856 0.0234517 0.0172704
0 0.970086 0.164562 0.0231193 0.0201886
0 0.979985 0.332675 0.0257617 0.0220466
0 0.40883 0.492904 0.0246147 0.022072
0 0.538836 0.817504 0.0237983 0.0197845
0 0.975264 0.886591 0.0201539 0.0202394
0 0.0171551 0.0741244 0.0242812 0.0188333
0 0.334948 0.148939 0.0193714 0.0152542
0 0.468604 0.942259 0.0179504 0.0164628
0 0.929153 0.44965 0.030192 0.0197019
0 0.384748 0.50557 0.0229462 0.0189184
0 0.393127 0.0107171 0.0214894 0.0213129
0 0.273502 0.645461 0.020146 0.0173231
0 0.20249 0.327633 0.0216629 0.0204556
0 0.671784 0.989165 0.0233188 0.0203748
0 0.737832 0.343886 0.0218279 0.0196404
0 0.133599 0.00867066 0.019433 0.0173413
0 0.652211 0.989942 0.0209604 0.0199346
0 0.467387 0.825576 0.0228814 0.0217341
0 0.455054 0.0348934 0.0223033 0.0194356
0 0.33696 0.342646 0.028668 0.0216916
0 0.80035 0.506111 0.0273191 0.0227007
0 0.27108 0.925034 0.0212852 0.0191079
0 0.130227 0.0706324 0.0261993 0.0218569
0 0.500523 0.0487678 0.0230599 0.01892
0 0.0672216 0.756221 0.0186928 0.0181699
0 0.169102 0.753353 0.020292 0.0201106
0 0.285935 0.777471 0.0223081 0.0189923
0 0.818508 0.520583 0.0223132 0.018168
0 0.881587 0.756575 0.0251516 0.0219421
0 0.344338 0.844161 0.0195966 0.0197012
0 0.412185 0.520897 0.0222202 0.0189847
0 0.182253 0.222473 0.0292594 0.027062
0 0.0148206 0.159602 0.0296413 0.0328429
0 0.835653 0.93807 0.0164321 0.0110638
0 0.422722 0.153931 0.0327733 0.0204908
0 0.405446 0.802386 0.0216066 0.0189418
0 0.996387 0.570761 0.0071674 0.0216435
0 0.039097 0.0355405 0.0262831 0.0197143
0 0.0452985 0.830748 0.0220516 0.0194634
0 0.994608 0.789448 0.0107604 0.0158138
0 0.0683492 0.816977 0.0261122 0.023693
0 0.140039 0.179187 0.0317489 0.0201839
0 0.606462 0.707593 0.0378012 0.0308185
0 0.930229 0.274215 0.0243037 0.018052
0 0.597619 0.461654 0.0317732 0.0196838
0 0.551188 0.0311645 0.0218298 0.0193818
0 0.0657917 0.771816 0.0235507 0.017345
0 0.289222 0.918954 0.0236298 0.0190585
0 0.564804 0.810687 0.0218614 0.020254
0 0.341217 0.572682 0.0230499 0.0144851
0 0.00950466 0.460725 0.0190093 0.0168253
0 0.610538 0.0170772 0.0229206 0.0210912
0 0.0682239 0.860636 0.0203564 0.0198043
0 0.445048 0.0155435 0.0236707 0.0209524
0 0.829147 0.272671 0.0354049 0.0232853
0 0.694405 0.947602 0.0293149 0.0179366
0 0.984983 0.192074 0.0296644 0.0234008
0 0.821477 0.963396 0.0231882 0.0192592
0 0.508471 0.187419 0.0254486 0.0159906
0 0.0258574 0.406494 0.0191891 0.019164
0 0.62716 0.192614 0.0238336 0.0214019
0 0.439683 0.177394 0.0314907 0.0206705
0 0.592062 0.152394 0.0241714 0.0181805
0 0.954972 0.328111 0.0230272 0.0194584
0 0.0690631 0.569815 0.0318065 0.0180912
0 0.30646 0.862043 0.0179673 0.0161337
0 0.850071 0.921729 0.0176171 0.0140015
0 0.478258 0.654459 0.0207461 0.0180015
0 0.319468 0.58964 0.0249454 0.019245
0 0.706974 0.0289325 0.0221701 0.0195864
0 0.620582 0.798485 0.0250371 0.0200403
0 0.17355 0.372248 0.0199668 0.0191056
0 0.485401 0.816249 0.0254824 0.0226011
0 0.8394 0.608765 0.0280101 0.02024
0 0.871692 0.175687 0.0231206 0.01957
0 0.271514 0.329359 0.0228289 0.019573
0 0.0661335 0.0797539 0.021264 0.0191876
0 0.938323 0.594785 0.016622 0.0135413
0 0.585539 0.477061 0.0185508 0.0179108
0 0.0589167 0.902851 0.0230816 0.0174544
0 0.929728 0.28101 0.0254283 0.0311225
0 0.992394 0.693349 0.0152128 0.0209067
0 0.131623 0.0734401 0.0226872 0.017119
0 0.552709 0.358942 0.0232677 0.0218623
0 0.313829 0.768999 0.0215164 0.0155276
0 0.928926 0.288349 0.0221071 0.0191239
0 0.861768 0.932562 0.0291982 0.0178794
0 0.152118 0.283591 0.025094 0.0202555
0 0.444965 0.633563 0.0203153 0.0180191
0 0.911327 0.905531 0.02352 0.0217422
0 0.493672 0.837427 0.0243707 0.0220043
0 0.420505 0.388175 0.0311489 0.0233847
0 0.838906 0.0470169 0.0221612 0.0203539
0 0.485588 0.681656 0.0373857 0.0270265
0 0.69887 0.0960763 0.0223496 0.0195277
0 0.0828567 0.393884 0.0280561 0.0209891
0 0.95457 0.464587 0.0246081 0.020633
0 0.483378 0.347328 0.0246083 0.0182549
0 0.15722 0.320921 0.0198866 0.0191429
0 0.044876 0.952659 0.0299363 0.0229132
0 0.565863 0.834514 0.0244377 0.0194937
0 0.417871 0.153801 0.0261516 0.0191665
0 0.748615 0.375588 0.0221505 0.0194303
0 0.492644 0.199202 0.0217733 0.0203076
0 0.575711 0.0488974 0.0207112 0.0185181
0 0.936244 0.920914 0.0342141 0.0229499
0 0.889464 0.500978 0.0257617 0.0186068
0 0.73075 0.368542 0.0222767 0.0162401
0 0.495958 0.0900611 0.0213069 0.0199319
0 0.979218 0.85819 0.0231838 0.0191496
0 0.745541 0.873159 0.0187709 0.0165915
0 0.209212 0.349426 0.0214898 0.0195045
0 0.451207 0.471934 0.0238961 0.0214972
0 0.491054 0.0147608 0.0218939 0.0210646
0 0.489244 0.369285 0.0216642 0.0216573
0 0.573074 0.0315334 0.0226015 0.0194041
0 0.228935 0.426646 0.0245575 0.0197347
0 0.308651 0.297463 0.0207421 0.0193093
0 0.442942 0.859296 0.0235046 0.0197005
0 0.443094 0.544662 0.0294236 0.0230257
0 0.615485 0.380605 0.0272684 0.0295666
0 0.993368 0.885497 0.0132645 0.0199903
0 0.492147 0.228562 0.0211482 0.0218324
0 0.338004 0.750552 0.0241285 0.0217137
0 0.543296 0.521248 0.0260319 0.0219525
0 0.553801 0.990409 0.0231987 0.0188969
0 0.0170266 0.740333 0.0251917 0.021419
0 0.148797 0.957976 0.018012 0.0206078
0 0.115022 0.566303 0.022158 0.0169622
0 0.219554 0.761068 0.023221 0.0232904
0 0.615355 0.350665 0.0270429 0.0269581
0 0.623461 0.46302 0.0176603 0.0144478
0 0.799392 0.196437 0.0227848 0.0180157
0 0.0109534 0.830044 0.0217788 0.0176294
0 0.326277 0.210234 0.0171165 0.0165639
0 0.318543 0.880808 0.0168317 0.0176932
0 0.45572 0.162327 0.0227211 0.0156759
0 0.45889 0.843769 0.0240759 0.0218387
0 0.324869 0.610589 0.0248471 0.0228162
0 0.882917 0.337354 0.0215224 0.0200949
0 0.103066 0.00445439 0.0269687 0.00890878
0 0.788356 0.212082 0.022284 0.0196345
0 0.170436 0.463576 0.0231652 0.0200947
0 0.943161 0.00463275 0.0232917 0.0092655
0 0.42768 0.945326 0.0193418 0.0196335
0 0.879974 0.727635 0.0316085 0.028181
0 0.625585 0.925959 0.0220102 0.028781
0 0.927588 0.39887 0.0224535 0.0198846
0 0.042372 0.350934 0.0215299 0.0188625
0 0.0193638 0.801468 0.0216952 0.0203779
0 0.929568 0.921103 0.0214798 0.0192418
0 0.379792 0.861126 0.0157731 0.0146276
0 0.93483 0.579632 0.0183411 0.0159904
0 0.945987 0.505208 0.0233024 0.019171
0 0.990552 0.770437 0.0188968 0.0196218
0 0.124302 0.558728 0.0404748 0.0309453
0 0.0350573 0.555592 0.0215164 0.0184045
0 0.0459365 0.0907795 0.0219984 0.0185976
0 0.193966 0.740746 0.0244337 0.0168169
0 0.54263 0.701039 0.0148439 0.0172719
0 0.944352 0.918556 0.0190945 0.0181248
0 0.392092 0.559053 0.0233344 0.0197345
0 0.883706 0.72293 0.0240902 0.0192204
0 0.461563 0.371608 0.0240787 0.0192652
0 0.913763 0.762853 0.0231135 0.0219412
0 0.478184 0.423221 0.0236665 0.0232288
0 0.459431 0.646646 0.0228599 0.018387
0 0.145426 0.263317 0.0280246 0.0264436
0 0.871361 0.805289 0.0215393 0.0206811
0 0.953166 0.824104 0.0234352 0.0199033
0 0.382223 0.142814 0.0176742 0.017755
0 0.0881425 0.0939257 0.0300065 0.0269684
0 0.42389 0.816124 0.0282499 0.0200555
0 0.251845 0.395578 0.0244326 0.0202635
0 0.715999 0.930666 0.0323762 0.0248623
0 0.235231 0.0525766 0.0184001 0.0198103
0 0.492411 0.882966 0.0199961 0.0213862
0 0.781448 0.0479447 0.0250121 0.0222968
0 0.506528 0.210112 0.022893 0.0195731
0 0.814384 0.801172 0.0184869 0.0168827
0 0.503683 0.535825 0.0219855 0.0181813
0 0.209801 0.4289 0.0195745 0.0148
0 0.607868 0.0909893 0.0227503 0.0205923
0 0.837406 0.509926 0.0213491 0.0176315
0 0.604453 0.169204 0.0231581 0.0207561
0 0.121499 0.814052 0.0221338 0.0156831
0 0.0120436 0.462316 0.0240872 0.0202543
0 0.94162 0.919961 0.0236796 0.0205283
0 0.415557 0.390015 0.0227014 0.0184332
0 0.707603 0.251571 0.0319001 0.0181599
0 0.577015 0.17468 0.0223972 0.0198258
0 0.276047 0.0936287 0.028102 0.0221937
0 0.365278 0.972308 0.0228803 0.018976
0 0.527481 0.107536 0.0283617 0.0208841
0 0.308839 0.750105 0.0230766 0.0206573
0 0.178016 0.547181 0.0248872 0.0168293
0 0.391705 0.252472 0.0346671 0.0294572
0 0.0447156 0.0536969 0.0200488 0.0185022
0 0.811137 0.231472 0.0177476 0.0185866
0 0.333484 0.726465 0.0237984 0.0189121
0 0.198063 0.887531 0.0308881 0.023388
0 0.181054 0.18264 0.0211905 0.0200431
0 0.0662066 0.819769 0.0298965 0.0251977
0 0.91484 0.0416014 0.01979 0.0191275
0 0.988422 0.949101 0.0227571 0.0183463
0 0.857576 0.398666 0.0241475 0.0214608
0 0.16434 0.796679 0.0259751 0.0195355
0 0.4929 0.0690535 0.0223642 0.0183197
0 0.0846002 0.0997067 0.022395 0.0179166
0 0.00845768 0.668535 0.0169154 0.0276522
0 0.916261 0.313404 0.0242575 0.0227258
0 0.553453 0.112217 0.0191399 0.0161771
0 0.129144 0.97689 0.0254767 0.0210367
0 0.693109 0.0113312 0.0202832 0.0214429
0 0.00576661 0.531364 0.0115332 0.0134627
0 0.718646 0.28622 0.0213112 0.01795
0 0.392637 0.351208 0.0293458 0.0196144
0 0.00818149 0.664752 0.016363 0.0197825
0 0.830753 0.590408 0.0190582 0.0162433
0 0.74039 0.713778 0.0208141 0.0148684
0 0.446938 0.450495 0.0238676 0.0223619
0 0.552704 0.179535 0.0232351 0.01937
0 0.0127773 0.469319 0.0239616 0.0233787
0 0.968222 0.386894 0.0241295 0.0213879
0 0.646788 0.769161 0.031411 0.0205054
0 0.608962 0.0731886 0.033069 0.0195216
0 0.649266 0.778087 0.0313602 0.0263555
0 0.11832 0.472861 0.0336043 0.0325009
0 0.317121 0.835166 0.0189973 0.0161691
0 0.943137 0.210437 0.024125 0.0186714
0 0.759603 0.00936088 0.0226953 0.0180773
0 0.87513 0.732189 0.0236187 0.018855
0 0.99431 0.493567 0.0113186 0.027752
0 0.321899 0.00911359 0.0193513 0.0182272
0 0.722712 0.8248 0.0353063 0.0238634
0 0.18648 0.921139 0.0217799 0.0188929
0 0.30769 0.410818 0.0182804 0.022187
0 0.369113 0.846568 0.0208727 0.0177289
0 0.726404 0.766482 0.0217274 0.020938
0 0.0147764 0.165949 0.0292911 0.0230011
0 0.943871 0.693659 0.0226679 0.0170265
0 0.69706 0.792056 0.0220081 0.0199077
0 0.995568 0.33622 0.00878549 0.0229302
0 0.245208 0.474252 0.0172635 0.0174674
0 0.389355 0.119475 0.013862 0.0105548
0 0.599659 0.702877 0.0250991 0.0199308
0 0.0136283 0.435138 0.0272522 0.0162389
0 0.363427 0.354903 0.0311436 0.0237226
0 0.115793 0.465729 0.0285457 0.020247
0 0.386247 0.290501 0.0192014 0.0168598
0 0.991891 0.449169 0.0160352 0.0333116
0 0.699611 0.608984 0.0218569 0.020686
0 0.0647565 0.568844 0.0222338 0.0169495
0 0.785366 0.752127 0.0240611 0.0193228
0 0.295806 0.626266 0.0215693 0.0200053
0 0.650676 0.336524 0.023558 0.0228209
0 0.740043 0.370023 0.0377162 0.0202255
0 0.456679 0.797947 0.0395768 0.0223761
0 0.908812 0.297602 0.0229388 0.0194298
0 0.369228 0.603614 0.0316846 0.0227744
0 0.517553 0.03989 0.0212995 0.0204115
0 0.962353 0.521659 0.0151131 0.0205572
0 0.74603 0.250568 0.029004 0.0203653
0 0.565504 0.0118447 0.0273146 0.0218334
0 0.83216 0.231277 0.0274621 0.0210847
0 0.814498 0.0524593 0.0217685 0.0206819
0 0.221865 0.892487 0.0206361 0.0233554
0 0.994391 0.644437 0.0111308 0.0315167
0 0.257144 0.231507 0.0290504 0.031004
0 0.725686 0.009475 0.0232213 0.01895
0 0.851797 0.254555 0.0238737 0.0199075
0 0.442134 0.978486 0.0204018 0.0156419
0 0.393407 0.531303 0.0203731 0.0180736
0 0.578987 0.87099 0.0186545 0.0165967
0 0.382551 0.0253296 0.019275 0.0192524
0 0.827342 0.397658 0.0204682 0.0177697
0 0.473345 0.219754 0.0158281 0.0145912
0 0.414747 0.45019 0.0248939 0.0264772
0 0.648175 0.00942397 0.0292192 0.0188479
0 0.123609 0.484436 0.0256525 0.0210924
0 0.19501 0.748314 0.0262161 0.031099
0 0.0617839 0.826106 0.0201614 0.0125087
0 0.91877 0.821 0.0237303 0.0194706
0 0.147159 0.122784 0.025502 0.0211327
0 0.399423 0.140881 0.0207232 0.0193487
0 0.77641 0.0152269 0.0162668 0.0155538
0 0.466345 0.490508 0.02251 0.0191238
0 0.914801 0.746514 0.0226595 0.0172467
0 0.96965 0.498902 0.0121151 0.0181649
0 0.798914 0.509491 0.0302827 0.0295883
0 0.609846 0.507876 0.0209339 0.0212648
0 0.912155 0.853812 0.0232135 0.0171301
0 0.940057 0.00562916 0.0315711 0.0112583
0 0.744835 0.0357779 0.0242375 0.0194319
0 0.571561 0.348474 0.0247664 0.0228811
0 0.236298 0.558757 0.0168423 0.0126111
0 0.692832 0.199462 0.028245 0.0256079
0 0.0414656 0.385794 0.0240567 0.018169
0 0.064969 0.179202 0.0238367 0.0161994
0 0.545101 0.505381 0.0182095 0.0145173
0 0.507365 0.382651 0.0136461 0.0165685
0 0.803669 0.0620613 0.0225859 0.0180793
0 0.2309 0.554379 0.0226346 0.0190148
0 0.428114 0.154917 0.0228057 0.0177107
0 0.699267 0.0118259 0.0318159 0.0236519
0 0.389641 0.346666 0.0257836 0.0193244
0 0.203524 0.564887 0.0313902 0.0224384
0 0.0835126 0.841265 0.0287695 0.025862
0 0.438718 0.491796 0.019558 0.0183901
0 0.0799038 0.391896 0.0259245 0.0171403
0 0.657101 0.259521 0.0229537 0.0178263
0 0.710306 0.930969 0.0217637 0.0200509
0 0.102315 0.421793 0.0227558 0.0203056
0 0.478095 0.0807864 0.020102 0.016216
0 0.981911 0.669178 0.0185541 0.0157867
0 0.9936 0.874549 0.0128006 0.0330778
0 0.39236 0.833958 0.0242014 0.0203867
0 0.0458186 0.949575 0.0273784 0.0174127
0 0.180767 0.218408 0.0275558 0.0209719
0 0.834732 0.590106 0.0261618 0.0181553
0 0.13849 0.41973 0.030957 0.027844
0 0.342457 0.583182 0.0247328 0.033215
0 0.627056 0.624247 0.0264179 0.0193395
0 0.117679 0.562961 0.0270986 0.0240455
0 0.851102 0.234184 0.0210919 0.0178903
