0 0.00794443 0.967969 0.0158889 0.0151477
0 0.150908 0.96053 0.0201582 0.0172665
0 0.0836589 0.978031 0.021204 0.0189829
0 0.576651 0.0902684 0.0211672 0.0167851
0 0.0397992 0.943813 0.0311688 0.0181475
0 0.136201 0.246714 0.0246735 0.0206645
0 0.098922 0.195447 0.0243429 0.0198076
0 0.382986 0.0151621 0.0228543 0.0192378
0 0.341744 0.996309 0.022835 0.00738251
0 0.00951705 0.893467 0.0190341 0.0200812
0 0.0504226 0.976653 0.0263155 0.0182865
0 0.9947 0.19513 0.0104541 0.021313
0 0.467503 0.995011 0.0256159 0.00997841
0 0.579217 0.120915 0.021215 0.0213557
0 0.0161728 0.980242 0.0214056 0.0179083
0 0.47042 0.0464399 0.0251125 0.0214599
0 0.417241 0.0469485 0.0238705 0.0200677
0 0.0648153 0.96283 0.021733 0.0192647
0 0.486623 0.419096 0.0232581 0.020411
0 0.151286 0.132813 0.0221052 0.0184807
0 0.449972 0.216852 0.0262515 0.021938
0 0.250001 0.89829 0.0231323 0.0189733
0 0.192998 0.976864 0.0250956 0.0219859
0 0.743284 0.0342772 0.0212662 0.0197211
0 0.609426 0.500204 0.0262778 0.0228358
0 0.100199 0.840427 0.0231846 0.0200817
0 0.112861 0.355094 0.0234807 0.0194467
0 0.153512 0.311981 0.0225678 0.0193058
0 0.557728 0.877728 0.0229349 0.0197468
0 0.989862 0.332265 0.0202765 0.0215215
0 0.903715 0.877011 0.0228544 0.0197585
0 0.40134 0.0259626 0.0239815 0.0204325
0 0.18862 0.255494 0.0236286 0.0193667
0 0.524251 0.888406 0.0209476 0.0192118
0 0.819311 0.110549 0.0224181 0.0201
0 0.652521 0.107152 0.0215253 0.0189101
0 0.164756 0.896968 0.0226868 0.0209953
0 0.927935 0.894851 0.0210773 0.0187615
0 0.388742 0.160095 0.0233563 0.0197239
0 0.631604 0.321213 0.021197 0.0192919
0 0.52102 0.027499 0.0229314 0.0205055
0 0.0973008 0.420072 0.0225523 0.0196437
0 0.722548 0.886761 0.0233787 0.020174
0 0.00768514 0.263736 0.0153703 0.0193225
0 0.132325 0.931028 0.020053 0.0183505
0 0.44851 0.456534 0.0227056 0.0194333
0 0.662165 0.0264438 0.0279421 0.0196449
0 0.375389 0.0695387 0.0217959 0.0182223
0 0.103312 0.137297 0.0234098 0.0199067
0 0.411146 0.248777 0.0236176 0.0204554
0 0.0674163 0.889326 0.028922 0.0188818
0 0.141605 0.994278 0.0297459 0.0114431
0 0.231726 0.300946 0.0261807 0.0212872
0 0.225496 0.470895 0.0233725 0.0207282
0 0.0163467 0.814066 0.0233027 0.0178083
0 0.0411975 0.873099 0.0231121 0.0180749
0 0.0710731 0.163128 0.0197429 0.0166563
0 0.049392 0.160523 0.0223256 0.0203276
0 0.928585 0.833528 0.0233068 0.0205115
0 0.10617 0.960534 0.0215395 0.0165263
0 0.132384 0.898635 0.0231126 0.0204104
0 0.342428 0.0101168 0.0239403 0.0201622
0 0.77077 0.0897129 0.0210243 0.018589
0 0.144432 0.8183 0.0225571 0.0205503
0 0.404702 0.345011 0.0236264 0.0195138
0 0.204472 0.424332 0.0225232 0.0188464
0 0.760444 0.715925 0.0241398 0.0215577
0 0.154379 0.417137 0.020941 0.0194364
0 0.577468 0.432286 0.0292757 0.0235286
0 0.312966 0.659091 0.0234663 0.0202075
0 0.506878 0.2785 0.0231032 0.0211122
0 0.844656 0.941178 0.0251712 0.0222454
0 0.814112 0.343544 0.0227399 0.0207768
0 0.00692497 0.329133 0.0138499 0.0155727
0 0.236883 0.120128 0.0242361 0.0217708
0 0.259573 0.261269 0.0231356 0.0216142
0 0.251431 0.198222 0.0284299 0.0220352
0 0.0813547 0.0903638 0.0238852 0.0201511
0 0.847001 0.992063 0.0285404 0.0158745
0 0.507486 0.410493 0.0284177 0.0218533
0 0.524749 0.0507948 0.0260987 0.0229778
0 0.227966 0.436281 0.0253442 0.0200799
0 0.60251 0.141396 0.0247101 0.0217806
0 0.77435 0.424385 0.0208005 0.0180113
0 0.52558 0.477358 0.0185522 0.0197832
0 0.541839 0.403654 0.0241177 0.0213073
0 0.469553 0.253128 0.025259 0.0222807
0 0.585487 0.338483 0.0223503 0.0213262
0 0.218968 0.37588 0.0229088 0.020325
0 0.214358 0.659517 0.0261423 0.0240834
0 0.864796 0.786402 0.0275824 0.022894
0 0.256096 0.979042 0.0197585 0.0180083
0 0.220089 0.589075 0.0224389 0.0210625
0 0.50146 0.513075 0.0298619 0.0234667
0 0.00456844 0.151333 0.00913689 0.0181186
0 0.791122 0.707086 0.0237644 0.025562
0 0.176847 0.557039 0.0219257 0.0196661
0 0.92028 0.296956 0.0216432 0.0189718
0 0.813079 0.201999 0.0225431 0.0196224
0 0.251855 0.281271 0.0229874 0.0189796
0 0.543494 0.537556 0.023538 0.019608
0 0.309999 0.127756 0.0257836 0.0226704
0 0.933782 0.321253 0.0262013 0.0206842
0 0.732971 0.795016 0.0236229 0.0211118
0 0.626071 0.863365 0.0263018 0.0218129
0 0.646485 0.149289 0.0189421 0.0189528
0 0.637384 0.571538 0.0242411 0.0214577
0 0.969792 0.849233 0.0254057 0.0210107
0 0.992938 0.597698 0.0139636 0.0197296
0 0.471945 0.227131 0.0220155 0.0201765
0 0.178399 0.437148 0.0204221 0.0184853
0 0.146351 0.533072 0.0226272 0.0220025
0 0.802289 0.875475 0.0240767 0.0217487
0 0.581749 0.370058 0.0233257 0.0218095
0 0.821132 0.248452 0.0233287 0.0209732
0 0.337955 0.653614 0.0224124 0.0208448
0 0.559625 0.0328225 0.023894 0.0193805
0 0.622541 0.168214 0.0241141 0.0189692
0 0.101581 0.291902 0.022415 0.0196144
0 0.731125 0.24342 0.0243105 0.020695
0 0.973334 0.723353 0.0249574 0.0192472
0 0.670725 0.0483324 0.0218427 0.0188875
0 0.77032 0.442445 0.024296 0.0189735
0 0.435357 0.436977 0.0227928 0.0196413
0 0.972022 0.827891 0.0211903 0.0194646
0 0.490437 0.247526 0.0193387 0.0191179
0 0.171175 0.364506 0.0245942 0.021069
0 0.487032 0.607321 0.0249192 0.0219973
0 0.00470325 0.181954 0.0094065 0.0188879
0 0.989815 0.856039 0.0203706 0.0193975
0 0.770237 0.239123 0.0365623 0.0191481
0 0.0527268 0.0741364 0.0241483 0.0207866
0 0.588966 0.460611 0.0192871 0.0196269
0 0.773251 0.336209 0.0236108 0.0199471
0 0.955513 0.792043 0.0243598 0.0194358
0 0.757913 0.926768 0.0253448 0.0237847
0 0.942647 0.765637 0.0239497 0.0187329
0 0.148077 0.438337 0.0279741 0.0228512
0 0.086399 0.457201 0.0227045 0.019217
0 0.548917 0.256448 0.023043 0.0209677
0 0.165117 0.824318 0.0238015 0.0201684
0 0.267165 0.823344 0.0240081 0.020613
0 0.939553 0.0327837 0.025514 0.019846
0 0.0492394 0.0495541 0.0214127 0.020013
0 0.00933 0.0647376 0.01866 0.0186758
0 0.682891 0.735657 0.02103 0.0208667
0 0.9673 0.939317 0.0200984 0.017558
0 0.292833 0.343109 0.0217701 0.0174443
0 0.860297 0.0378411 0.0219561 0.0140204
0 0.483554 0.700571 0.0239321 0.0208844
0 0.36668 0.667003 0.0207096 0.0195792
0 0.0273435 0.585327 0.0219176 0.0186039
0 0.701349 0.141462 0.0226392 0.0208596
0 0.993336 0.249442 0.0133276 0.0192745
0 0.893323 0.328372 0.025052 0.0193941
0 0.04475 0.838819 0.0222265 0.0215902
0 0.0346423 0.107132 0.0204668 0.0216935
0 0.236741 0.354235 0.0222877 0.0222722
0 0.447095 0.552795 0.0216542 0.0183054
0 0.955559 0.918474 0.0255591 0.0218154
0 0.576401 0.538549 0.0240186 0.019724
0 0.514 0.38365 0.0224925 0.0195827
0 0.242395 0.525362 0.0214404 0.0177751
0 0.067438 0.740076 0.0221476 0.0187886
0 0.450713 0.57798 0.0236294 0.0197548
0 0.919179 0.71424 0.0243661 0.0203665
0 0.174489 0.403016 0.0238179 0.0201051
0 0.150473 0.108675 0.0219305 0.0171849
0 0.232138 0.723523 0.0234322 0.0174603
0 0.744767 0.216351 0.0245498 0.0214685
0 0.509483 0.456406 0.0225763 0.0196622
0 0.213463 0.100883 0.0244226 0.0189993
0 0.473035 0.12573 0.0310378 0.0202678
0 0.638699 0.275998 0.023288 0.0209626
0 0.517374 0.908899 0.0234741 0.0194153
0 0.542475 0.488584 0.0230038 0.0202568
0 0.977955 0.0597771 0.0232115 0.0192474
0 0.0760542 0.29068 0.0219772 0.017828
0 0.348528 0.934516 0.0237471 0.0191453
0 0.925397 0.458386 0.0239839 0.020979
0 0.310091 0.0249265 0.0256914 0.0212702
0 0.328482 0.729501 0.0277859 0.0196492
0 0.313061 0.218633 0.0254861 0.0232389
0 0.606714 0.983167 0.0228363 0.0204607
0 0.72879 0.106822 0.0265505 0.0210835
0 0.76236 0.109052 0.0233057 0.0178326
0 0.0569267 0.371867 0.0243001 0.0203039
0 0.692773 0.525169 0.0253372 0.0212753
0 0.113248 0.717121 0.0234885 0.020354
0 0.422213 0.680457 0.0230576 0.0201952
0 0.0224444 0.842903 0.0227019 0.0202062
0 0.224862 0.55429 0.0196021 0.0185812
0 0.747987 0.337511 0.0255558 0.0225437
0 0.33123 0.835766 0.0274083 0.0241037
0 0.62244 0.109674 0.0219797 0.0167679
0 0.870477 0.526283 0.0255799 0.0176244
0 0.599694 0.795006 0.0222526 0.0161542
0 0.255879 0.695399 0.0271234 0.0212756
0 0.201905 0.29219 0.0245744 0.0206525
0 0.386558 0.669818 0.0216149 0.0191898
0 0.275762 0.77377 0.024536 0.0211931
0 0.225754 0.169976 0.0281947 0.023726
0 0.922699 0.658242 0.024581 0.0216559
0 0.537004 0.669704 0.0229011 0.0184053
0 0.497145 0.872803 0.0236091 0.0199724
0 0.033055 0.367073 0.0208133 0.0188491
0 0.0207905 0.00482877 0.0225761 0.00965754
0 0.100076 0.934412 0.0255675 0.0214859
0 0.583057 0.888397 0.022115 0.0191783
0 0.60043 0.188652 0.0210477 0.0200479
0 0.0962678 0.252826 0.0254631 0.0212561
0 0.728901 0.0145765 0.025176 0.0169205
0 0.730614 0.844993 0.0249452 0.0200921
0 0.704413 0.61689 0.023567 0.0194752
0 0.120806 0.522884 0.0228585 0.0199155
0 0.674169 0.333709 0.0241696 0.0152539
0 0.180686 0.123164 0.0266724 0.0214902
0 0.603964 0.0313957 0.0259411 0.0206811
0 0.676426 0.946717 0.0238597 0.0211827
0 0.731679 0.970037 0.03044 0.0204101
0 0.786804 0.928477 0.0232927 0.0191734
0 0.455343 0.805697 0.0244381 0.0220512
0 0.0125659 0.607725 0.0230827 0.0200351
0 0.98327 0.357498 0.0266367 0.0192394
0 0.912401 0.126038 0.0258412 0.0267858
0 0.985635 0.00373335 0.0238405 0.0074667
0 0.499177 0.838535 0.0237186 0.0217383
0 0.152111 0.286303 0.0247547 0.0209413
0 0.10961 0.803687 0.0270068 0.0240189
0 0.234284 0.258629 0.0216982 0.0140837
0 0.622874 0.888776 0.0253007 0.019264
0 0.77729 0.507219 0.0234805 0.0213003
0 0.197226 0.470541 0.0258773 0.0258682
0 0.307839 0.125586 0.0220705 0.0194677
0 0.588058 0.924088 0.0251665 0.0211306
0 0.0612849 0.467941 0.029376 0.0194939
0 0.25767 0.431839 0.0224623 0.0185261
0 0.37297 0.0440009 0.0241283 0.018938
0 0.401631 0.270829 0.023985 0.0202214
0 0.38303 0.620952 0.0271628 0.0293112
0 0.701092 0.207856 0.0203906 0.0193286
0 0.33898 0.709456 0.0248123 0.0226604
0 0.528229 0.277382 0.0230973 0.0200964
0 0.744022 0.749933 0.0216775 0.0183875
0 0.646076 0.367229 0.0228369 0.020043
0 0.803281 0.675223 0.0244982 0.0192451
0 0.074184 0.870087 0.0395727 0.0241923
0 0.360152 0.466374 0.0216893 0.0208113
0 0.782189 0.0367138 0.0221116 0.019825
0 0.248512 0.945168 0.0207098 0.0183682
0 0.19363 0.0333122 0.0241855 0.023384
0 0.350464 0.798224 0.027412 0.0211084
0 0.846229 0.0520327 0.0243793 0.0210764
0 0.683685 0.896781 0.0223142 0.0204075
0 0.168225 0.0317139 0.0257287 0.0226407
0 0.713471 0.508817 0.0224934 0.0202361
0 0.383008 0.914995 0.0315363 0.0234101
0 0.762603 0.298674 0.0241845 0.0214198
0 0.942915 0.0697453 0.0240223 0.0221662
0 0.0395283 0.200051 0.0232509 0.0190745
0 0.553553 0.994936 0.0326072 0.0101284
0 0.737288 0.994218 0.0224739 0.0112935
0 0.228814 0.14987 0.024234 0.0189466
0 0.991723 0.539628 0.0165544 0.0239167
0 0.304138 0.257752 0.0289123 0.0229077
0 0.636133 0.963269 0.0243231 0.016697
0 0.961921 0.626116 0.0209662 0.0189301
0 0.65145 0.243627 0.0234195 0.0209555
0 0.415942 0.737738 0.0223879 0.019976
0 0.363742 0.115431 0.0240422 0.020508
0 0.086407 0.601288 0.0240256 0.0203481
0 0.43714 0.0945804 0.0247509 0.0226879
0 0.282889 0.572835 0.0246884 0.016017
0 0.786884 0.212529 0.024558 0.0195881
0 0.213769 0.567759 0.0236419 0.0181715
0 0.606746 0.585443 0.0208266 0.0177026
0 0.503441 0.00247795 0.0178604 0.00495589
0 0.964638 0.204928 0.0291425 0.0183245
0 0.566141 0.224109 0.0231852 0.0212095
0 0.0570584 0.399148 0.0257348 0.0227923
0 0.00731164 0.79484 0.0146233 0.019439
0 0.149613 0.887497 0.0202849 0.0180658
0 0.247878 0.390502 0.0267495 0.0230181
0 0.672603 0.990721 0.0277481 0.0166386
0 0.675674 0.0652714 0.0215942 0.0155504
0 0.372485 0.983332 0.0311198 0.0203104
0 0.970848 0.675846 0.027095 0.0214481
0 0.386781 0.695134 0.0273668 0.0215894
0 0.621189 0.690501 0.0275845 0.0260864
0 0.296444 0.443339 0.0238965 0.0240725
0 0.0456422 0.227938 0.0236149 0.0206091
0 0.148953 0.381035 0.0240353 0.0197108
0 0.00553035 0.0221896 0.0110607 0.0187576
0 0.325514 0.797677 0.02193 0.0220665
0 0.330248 0.466119 0.0252525 0.0222968
0 0.97272 0.0263547 0.0336268 0.0201166
0 0.314449 0.221277 0.0232128 0.0188432
0 0.51075 0.251145 0.0230048 0.0220004
0 0.639873 0.673996 0.0248033 0.0194808
0 0.178953 0.933528 0.02264 0.022306
0 0.167661 0.160356 0.0225129 0.0195512
0 0.598908 0.0741019 0.023293 0.018357
0 0.769471 0.0686897 0.0256755 0.0192829
0 0.340892 0.240034 0.0274244 0.0228922
0 0.559791 0.771363 0.021349 0.0190666
0 0.243706 0.497734 0.0248675 0.0265938
0 0.990892 0.799122 0.0182161 0.0207755
0 0.478362 0.881316 0.0211979 0.0189585
0 0.405844 0.788243 0.0223629 0.0175821
0 0.614406 0.528708 0.0236327 0.0186585
0 0.627451 0.827295 0.0238665 0.0207195
0 0.875155 0.737385 0.0240414 0.0193362
0 0.96935 0.888643 0.0325291 0.0251984
0 0.155973 0.622137 0.0280059 0.0227439
0 0.583076 0.274709 0.0203044 0.0200151
0 0.678195 0.29101 0.0244936 0.0205517
0 0.392937 0.739503 0.0236832 0.0207867
0 0.583323 0.894736 0.0235727 0.0322735
0 0.0369909 0.295036 0.020685 0.0207766
0 0.914966 0.021184 0.0211412 0.0197419
0 0.0434825 0.32008 0.0255711 0.0191408
0 0.597547 0.243991 0.0259184 0.0204416
0 0.921244 0.685143 0.0213805 0.0189647
0 0.623947 0.194465 0.0228269 0.0219923
0 0.457366 0.854355 0.0253539 0.0207008
0 0.0139203 0.0416591 0.0269028 0.0200148
0 0.469176 0.99373 0.0270162 0.0122158
0 0.0884538 0.804302 0.0188009 0.0179024
0 0.590629 0.557332 0.0259825 0.0193767
0 0.885454 0.819862 0.0248374 0.0189649
0 0.764611 0.0144142 0.0235177 0.0207691
0 0.696589 0.0835381 0.021173 0.0209033
0 0.637204 0.137939 0.022664 0.0198247
0 0.761231 0.799879 0.026005 0.0213811
0 0.0559376 0.00380224 0.0192426 0.00760447
0 0.848824 0.325056 0.0262255 0.0225044
0 0.374418 0.867324 0.0232192 0.0195395
0 0.229741 0.969353 0.0230362 0.0162051
0 0.211177 0.242122 0.027785 0.017414
0 0.701746 0.25674 0.0246556 0.0157134
0 0.056635 0.555528 0.0232629 0.0207607
0 0.842198 0.19785 0.022341 0.022058
0 0.895925 0.649756 0.0237187 0.0230748
0 0.133133 0.396462 0.0237248 0.0210016
0 0.978994 0.637545 0.0232722 0.0204211
0 0.0788413 0.0246839 0.0230828 0.0197442
0 0.0624088 0.499416 0.0246726 0.0197668
0 0.123055 0.598178 0.0283027 0.024079
0 0.968961 0.505477 0.0269971 0.0230456
0 0.0391773 0.746702 0.0229764 0.0205916
0 0.130046 0.334531 0.022403 0.0147727
0 0.262859 0.923318 0.0241849 0.0166173
0 0.0193704 0.762081 0.0214811 0.0192202
0 0.263944 0.0243713 0.0247602 0.0227239
0 0.968 0.217408 0.0215724 0.0198365
0 0.733604 0.816263 0.0221648 0.0192274
0 0.0469803 0.719679 0.0231192 0.0202804
0 0.213941 0.688092 0.0256756 0.0228521
0 0.164663 0.941802 0.0222453 0.0165923
0 0.968274 0.456572 0.0234326 0.0192898
0 0.882952 0.0157481 0.0223655 0.0192399
0 0.0448828 0.959435 0.0222136 0.0196676
0 0.52618 0.622446 0.0234475 0.0192755
0 0.793147 0.0805553 0.0209357 0.0197898
0 0.524343 0.799997 0.021615 0.0229791
0 0.762028 0.986685 0.0309455 0.0256302
0 0.3381 0.112871 0.0230069 0.0218764
0 0.324705 0.0409527 0.023614 0.0213355
0 0.991566 0.287212 0.0168687 0.0205967
0 0.62797 0.302174 0.0239682 0.019255
0 0.347173 0.0296155 0.0238292 0.0161391
0 0.91715 0.246809 0.0204321 0.0165355
0 0.442467 0.664116 0.0214379 0.018894
0 0.28487 0.858771 0.0264062 0.0188725
0 0.659762 0.218883 0.022673 0.0212586
0 0.584482 0.822389 0.0173301 0.0217433
0 0.467441 0.352381 0.0202341 0.0215572
0 0.783621 0.575405 0.0244648 0.0222582
0 0.904954 0.966867 0.0240654 0.0212781
0 0.618533 0.544635 0.0230352 0.0170949
0 0.329705 0.764654 0.0218053 0.0200502
0 0.971049 0.475608 0.0234361 0.0198281
0 0.16579 0.843229 0.0269915 0.0214223
0 0.248063 0.196203 0.0242836 0.0179754
0 0.324731 0.347863 0.0254602 0.0233194
0 0.190137 0.492229 0.0284205 0.0228096
0 0.904242 0.169243 0.0230651 0.0186704
0 0.839033 0.00788504 0.0225291 0.0157701
0 0.78039 0.305759 0.0220598 0.0177297
0 0.296712 0.985571 0.0204897 0.0178729
0 0.824459 0.0237042 0.020004 0.0194633
0 0.180425 0.184517 0.0220863 0.0199099
0 0.0633422 0.771583 0.0232 0.0189313
0 0.111481 0.0043844 0.0204108 0.0087688
0 0.788492 0.969377 0.0234187 0.0206211
0 0.894417 0.234451 0.0230775 0.0197094
0 0.698735 0.645159 0.0240164 0.0197904
0 0.512119 0.436142 0.0220025 0.0175742
0 0.703962 0.385122 0.0225489 0.0150008
0 0.141799 0.773287 0.0235275 0.0214527
0 0.910647 0.365619 0.0243286 0.0194519
0 0.223567 0.983535 0.0377115 0.0172879
0 0.675325 0.270948 0.0214598 0.0200916
0 0.684818 0.663338 0.0236682 0.0199879
0 0.984075 0.766618 0.0241014 0.0233511
0 0.112014 0.0727656 0.0252302 0.020959
0 0.588673 0.657626 0.022332 0.0208129
0 0.890856 0.79793 0.0307796 0.0208237
0 0.321693 0.0944572 0.0227471 0.0197552
0 0.864786 0.271196 0.0216845 0.0181923
0 0.738587 0.460089 0.0260834 0.0230364
0 0.758185 0.668113 0.0259172 0.021495
0 0.842447 0.745905 0.0176817 0.0181243
0 0.297272 0.440256 0.0232108 0.0182424
0 0.279574 0.390894 0.0282037 0.0220212
0 0.184555 0.275575 0.0227694 0.0206517
0 0.271989 0.58867 0.0227224 0.0216666
0 0.819713 0.898595 0.025479 0.0223421
0 0.553738 0.0486403 0.0234508 0.0186431
0 0.397673 0.989587 0.0223302 0.0196878
0 0.0513562 0.514385 0.024481 0.0186448
0 0.264824 0.306025 0.0310581 0.0260566
0 0.139916 0.579987 0.0234995 0.0215709
0 0.134868 0.932834 0.0256501 0.021609
0 0.147181 0.0871317 0.0212956 0.0208201
0 0.770605 0.457842 0.0249329 0.0180649
0 0.730273 0.72758 0.0281229 0.020287
0 0.0398146 0.0362669 0.024621 0.0194689
0 0.391813 0.100913 0.0254607 0.0191642
0 0.977527 0.926702 0.0219395 0.0186998
0 0.49104 0.664535 0.0230573 0.0199091
0 0.189172 0.337376 0.0279891 0.0246787
0 0.00912592 0.107869 0.0182518 0.0225811
0 0.583606 0.796191 0.0162562 0.016422
0 0.395987 0.3733 0.0286315 0.029001
0 0.877552 0.287729 0.0219111 0.0177812
0 0.606086 0.823198 0.018426 0.0167597
0 0.243743 0.075061 0.0232015 0.0213285
0 0.915554 0.063905 0.025171 0.020447
0 0.358538 0.618666 0.0209633 0.0212495
0 0.686315 0.031514 0.0189345 0.0140184
0 0.299986 0.53908 0.0239454 0.0178765
0 0.359971 0.760365 0.0235359 0.0198663
0 0.983951 0.157311 0.0223478 0.0186369
0 0.0705304 0.270197 0.0216315 0.0184072
0 0.255564 0.541368 0.0253227 0.0206362
0 0.426371 0.320266 0.0248046 0.0210139
0 0.138749 0.934732 0.0289511 0.0199585
0 0.459713 0.191217 0.0223178 0.019012
0 0.0233682 0.715972 0.0246713 0.0198023
0 0.471852 0.017798 0.025045 0.0219074
0 0.381774 0.248941 0.0250742 0.0211089
0 0.807303 0.601168 0.0249202 0.0222575
0 0.81818 0.784926 0.0267113 0.0219814
0 0.922398 0.739954 0.0225306 0.0203623
0 0.0984845 0.330749 0.0214297 0.019324
0 0.647156 0.948536 0.0228133 0.0231323
0 0.279543 0.0815051 0.0231943 0.0201781
0 0.420821 0.926739 0.0335062 0.0273175
0 0.211595 0.257108 0.0211268 0.0198106
0 0.768008 0.646538 0.0257047 0.0256939
0 0.959274 0.329904 0.0251166 0.0228633
0 0.103033 0.496237 0.0254337 0.0227151
0 0.322248 0.191832 0.0243861 0.0232902
0 0.82303 0.391267 0.03029 0.0205899
0 0.130304 0.0132843 0.0187864 0.0223014
0 0.359825 0.26136 0.0216761 0.0198825
0 0.395999 0.930784 0.0227752 0.0195975
0 0.467773 0.537603 0.0227413 0.021237
0 0.444689 0.771153 0.0265409 0.0187433
0 0.769747 0.544098 0.0253555 0.0248765
0 0.606152 0.00503709 0.0233151 0.0100742
0 0.602152 0.266298 0.023656 0.0202355
0 0.969323 0.389494 0.0229573 0.0202196
0 0.0141085 0.667425 0.028217 0.0341261
0 0.317337 0.446657 0.0208442 0.0183773
0 0.0777647 0.518838 0.0261507 0.0191067
0 0.519711 0.996333 0.0214824 0.00733382
0 0.863689 0.165854 0.031113 0.0248114
0 0.714338 0.921105 0.0245147 0.0217263
0 0.504853 0.781332 0.0206928 0.0192443
0 0.667347 0.150572 0.0249527 0.0286138
0 0.909062 0.0039234 0.025654 0.0078468
0 0.808907 0.6977 0.02194 0.0197379
0 0.538481 0.935982 0.0257015 0.0229322
0 0.64225 0.384341 0.0325957 0.0200014
0 0.268135 0.749842 0.0242347 0.0223515
0 0.55304 0.557476 0.0241455 0.0210139
0 0.8118 0.00442383 0.021602 0.00884766
0 0.388501 0.446937 0.0238768 0.0208524
0 0.865424 0.0947974 0.0243353 0.0197663
0 0.849442 0.584361 0.0252314 0.0192307
0 0.981362 0.982723 0.0290521 0.0229234
0 0.926193 0.0804493 0.0213464 0.0193341
0 0.231909 0.645371 0.0255476 0.0235917
0 0.904189 0.544864 0.0256569 0.0196254
0 0.00393436 0.754468 0.00786873 0.0181485
0 0.0678229 0.666239 0.024754 0.0234375
0 0.846616 0.744879 0.0251896 0.0213596
0 0.602886 0.282889 0.0220257 0.0146148
0 0.0791776 0.239913 0.025292 0.0166942
0 0.922469 0.156291 0.0196413 0.0188364
0 0.209597 0.636419 0.0214557 0.0197639
0 0.617326 0.942571 0.0256667 0.0244067
0 0.287179 0.551188 0.0240921 0.0197953
0 0.805477 0.300646 0.0232762 0.0194174
0 0.977096 0.0964548 0.0291306 0.0195194
0 0.45296 0.423947 0.0268634 0.0230361
0 0.214926 0.410963 0.0251353 0.0217523
0 0.486019 0.464123 0.0232798 0.0191033
0 0.364151 0.0239748 0.0210153 0.0195771
0 0.148535 0.884533 0.0226205 0.0236638
0 0.940007 0.52908 0.0259221 0.0190991
0 0.240974 0.820334 0.0233861 0.0200949
0 0.154618 0.195618 0.0232781 0.0196102
0 0.711415 0.355449 0.0264477 0.0221827
0 0.10725 0.102222 0.0265591 0.027193
0 0.245067 0.50284 0.0243013 0.0165167
0 0.538973 0.723032 0.0243092 0.0186459
0 0.397762 0.647707 0.0220943 0.0209385
0 0.958554 0.422798 0.0305621 0.0239249
0 0.178091 0.705146 0.0242245 0.0184391
0 0.819606 0.0713717 0.0345371 0.0243484
0 0.53106 0.457642 0.0219011 0.0193489
0 0.731816 0.249456 0.0256955 0.0303836
0 0.215 0.00370608 0.0186677 0.00741216
0 0.60798 0.737568 0.028088 0.0208513
0 0.0564759 0.101459 0.0207574 0.0209193
0 0.0655051 0.871525 0.0247413 0.0197689
0 0.694901 0.500376 0.0263143 0.0179204
0 0.961435 0.75226 0.0229242 0.0228976
0 0.647605 0.992496 0.0218121 0.0150082
0 0.94429 0.984299 0.0313237 0.0281337
0 0.141628 0.935791 0.0237207 0.0169772
0 0.523028 0.764757 0.025758 0.0203221
0 0.996476 0.5663 0.00700474 0.0193061
0 0.486196 0.355683 0.019759 0.0204611
0 0.891926 0.765814 0.0255987 0.0197199
0 0.854344 0.921776 0.0245656 0.0235178
0 0.790512 0.40236 0.0229874 0.0192783
0 0.535338 0.480528 0.0374195 0.0317282
0 0.126602 0.504173 0.0236333 0.0192514
0 0.857888 0.809846 0.0295691 0.0259483
0 0.710259 0.662186 0.0253341 0.0215011
0 0.595345 0.223 0.0266542 0.0217256
0 0.865005 0.856023 0.0241908 0.0210399
0 0.568713 0.616756 0.0267798 0.0218138
0 0.712469 0.0974411 0.0128765 0.0163067
0 0.667487 0.00350295 0.023112 0.00700591
0 0.41049 0.113861 0.0224259 0.0212898
0 0.94595 0.289411 0.0240052 0.0169266
0 0.692066 0.692508 0.0250915 0.0190374
0 0.00880692 0.438571 0.0176138 0.0218769
0 0.384535 0.997521 0.0176621 0.00495791
0 0.0139101 0.978322 0.0205475 0.0171956
0 0.603888 0.0523166 0.0276958 0.0223827
0 0.716897 0.425214 0.0335731 0.0360059
0 0.669094 0.878152 0.0304392 0.0204359
0 0.338177 0.599929 0.0189531 0.0188851
0 0.730083 0.240132 0.0223811 0.0153012
0 0.859838 0.167113 0.0253206 0.0220755
0 0.619936 0.759327 0.0264058 0.0200497
0 0.0289258 0.496114 0.0250601 0.0214715
0 0.570996 0.972554 0.0237734 0.0206211
0 0.225918 0.979527 0.0391891 0.0244136
0 0.944138 0.721911 0.0230141 0.0235652
0 0.592166 0.223035 0.0214709 0.0196707
0 0.629431 0.0238381 0.0239242 0.0163064
0 0.665918 0.153966 0.0220236 0.0220729
0 0.355386 0.0573769 0.0255648 0.0203645
0 0.964109 0.88996 0.022398 0.0191621
0 0.67094 0.642829 0.0210792 0.0195175
0 0.965265 0.582538 0.023712 0.0210329
0 0.415189 0.818514 0.0228268 0.0246106
0 0.257122 0.0957924 0.0173524 0.0151638
0 0.454962 0.341316 0.0227077 0.0206594
0 0.949339 0.569628 0.0232713 0.0217673
0 0.881942 0.461055 0.0209961 0.0174455
0 0.795816 0.969274 0.0369281 0.0231103
0 0.786384 0.479906 0.0228823 0.0200497
0 0.989623 0.99516 0.0195255 0.00967968
0 0.906629 0.970711 0.0287439 0.0273551
0 0.990086 0.824539 0.019828 0.0299887
0 0.0119915 0.290616 0.0190517 0.0179918
0 0.681183 0.0103663 0.0238185 0.0178049
0 0.953728 0.104665 0.0232755 0.0220912
0 0.639698 0.639397 0.0191495 0.017529
0 0.800322 0.096125 0.0217691 0.0198764
0 0.304715 0.79377 0.0228339 0.0222296
0 0.857641 0.635332 0.0227463 0.0218616
0 0.432298 0.898177 0.0243683 0.020403
0 0.237311 0.793541 0.0342137 0.0287456
0 0.299097 0.838089 0.0318561 0.0216665
0 0.26754 0.41729 0.024708 0.022456
0 0.85964 0.0040478 0.020084 0.0080956
0 0.0192612 0.86365 0.0301299 0.0216011
0 0.875812 0.43513 0.0207174 0.0178464
0 0.541768 0.484254 0.02431 0.0279658
0 0.581839 0.687416 0.0240523 0.0206288
0 0.105638 0.394837 0.025488 0.0230043
0 0.805656 0.434986 0.0264457 0.0179749
0 0.606406 0.841071 0.0227409 0.0181645
0 0.00831031 0.20429 0.0166206 0.0222967
0 0.789118 0.904469 0.024917 0.0205945
0 0.794668 0.0847834 0.0214915 0.0152611
0 0.955587 0.376242 0.0229533 0.0228169
0 0.543823 0.472498 0.0208603 0.0158656
0 0.0488093 0.579485 0.023436 0.019693
0 0.814807 0.660573 0.0236579 0.0188097
0 0.45202 0.291635 0.0224299 0.0192472
0 0.933048 0.350748 0.0237682 0.0187132
0 0.39973 0.592747 0.0250786 0.0216168
0 0.893142 0.425165 0.0224473 0.0199988
0 0.228887 0.975969 0.0322124 0.0293928
0 0.966197 0.605759 0.0272563 0.0200412
0 0.297729 0.836025 0.0291574 0.0161588
0 0.897115 0.90901 0.0345505 0.0248265
0 0.850864 0.0748678 0.0213805 0.0167232
0 0.570824 0.953012 0.022232 0.0200552
0 0.515269 0.553157 0.0205531 0.0150916
0 0.821303 0.167287 0.0225378 0.0185312
0 0.45427 0.615781 0.02098 0.0190597
0 0.0188132 0.461399 0.0288272 0.0275182
0 0.0085438 0.853571 0.0170876 0.0194488
0 0.769816 0.54075 0.0241443 0.0183024
0 0.130781 0.135638 0.0226582 0.0210871
0 0.289484 0.809506 0.0201519 0.0170581
0 0.571073 0.962237 0.0248919 0.0392891
0 0.0108526 0.0851526 0.0217052 0.023687
0 0.731945 0.909789 0.0208967 0.0179968
0 0.302052 0.871472 0.0227576 0.0195339
0 0.907843 0.264402 0.017933 0.0167481
0 0.655648 0.27066 0.0188876 0.0184276
0 0.761647 0.713139 0.0227456 0.0182174
0 0.022604 0.346587 0.0249267 0.0237727
0 0.378376 0.460939 0.0218631 0.0219032
0 0.850375 0.695867 0.0255769 0.019976
0 0.645134 0.145548 0.0210435 0.0185107
0 0.0482755 0.438974 0.0215114 0.0197634
0 0.405217 0.434741 0.023673 0.0182727
0 0.428931 0.409826 0.0219235 0.0158594
0 0.950851 0.830209 0.0254692 0.0177187
0 0.272303 0.937941 0.031077 0.0265016
0 0.802723 0.618731 0.02001 0.0160325
0 0.384547 0.69269 0.021826 0.0165315
0 0.38509 0.820195 0.024141 0.0229273
0 0.460391 0.313289 0.0250866 0.0208344
0 0.588831 0.560457 0.0285747 0.0246388
0 0.684839 0.851362 0.0233682 0.0187336
0 0.00887252 0.710104 0.017745 0.0202919
0 0.433598 0.815768 0.0256093 0.0268688
0 0.174165 0.301132 0.022589 0.0214418
0 0.92118 0.420565 0.0256431 0.0196387
0 0.122174 0.426814 0.0308366 0.0237686
0 0.376187 0.580374 0.0295088 0.0206109
0 0.533241 0.738155 0.0256559 0.019789
0 0.296708 0.446972 0.022385 0.0179909
0 0.615224 0.214914 0.0220693 0.0202119
0 0.276433 0.0440201 0.0285904 0.0186409
0 0.0941782 0.579067 0.0287158 0.0210898
0 0.960471 0.150203 0.0250154 0.0185644
0 0.988191 0.120651 0.0233567 0.0260532
0 0.596796 0.0983353 0.0250877 0.0194293
0 0.706444 0.299909 0.0240641 0.0206473
0 0.909595 0.224895 0.022041 0.0193571
0 0.997207 0.741353 0.00553668 0.0178588
0 0.0235551 0.515426 0.0284945 0.0181231
0 0.00828444 0.772944 0.0165689 0.0190141
0 0.207727 0.422403 0.0182188 0.0178934
0 0.990897 0.5087 0.0182054 0.0109964
0 0.618624 0.559588 0.0261765 0.0201638
0 0.619847 0.0802337 0.025225 0.019952
0 0.705757 0.0217826 0.023528 0.0199185
0 0.850032 0.660111 0.0253325 0.0218071
0 0.0817171 0.759804 0.0235256 0.0196372
0 0.35172 0.963487 0.0257442 0.0218514
0 0.00767529 0.557661 0.0153506 0.0205964
0 0.708499 0.737364 0.0255767 0.0189247
0 0.00668785 0.324705 0.0133757 0.0105524
0 0.042306 0.784184 0.0211525 0.0189232
0 0.580488 0.461235 0.0357223 0.0217428
0 0.992471 0.830601 0.0150546 0.0181525
0 0.652918 0.300989 0.0269762 0.0218677
0 0.0718755 0.231391 0.0324018 0.0260153
0 0.2357 0.78969 0.0302361 0.0215058
0 0.244522 0.493445 0.0235623 0.0186285
0 0.524269 0.797038 0.0191467 0.0166003
0 0.0631505 0.0332215 0.0200698 0.0192231
0 0.852888 0.478537 0.0239456 0.0224154
0 0.544945 0.323988 0.0278497 0.0196481
0 0.665893 0.157437 0.021448 0.0170069
0 0.893647 0.256919 0.0218954 0.020288
0 0.345883 0.405862 0.0260699 0.0199273
0 0.411558 0.197239 0.0185966 0.0165495
0 0.701061 0.324504 0.0318113 0.0228479
0 0.308787 0.0635629 0.0265925 0.0299523
0 0.802879 0.179173 0.0266286 0.0289302
0 0.461905 0.838341 0.0239828 0.0196436
0 0.863664 0.365989 0.0227455 0.020622
0 0.396805 0.86165 0.033589 0.0363837
0 0.993531 0.93373 0.012918 0.0226914
0 0.92759 0.85442 0.0429989 0.0253911
0 0.216166 0.872939 0.0227601 0.0191608
0 0.380758 0.24588 0.0229171 0.0155299
0 0.815482 0.475439 0.0190154 0.0207497
0 0.593515 0.155977 0.0202364 0.0150411
0 0.810511 0.00291211 0.0194045 0.00582421
0 0.923071 0.610077 0.0263836 0.0191877
0 0.729241 0.310404 0.0256202 0.0240539
0 0.994738 0.368484 0.010523 0.0128804
0 0.188169 0.517751 0.0257121 0.0207458
0 0.347499 0.325534 0.0330017 0.0239096
0 0.874109 0.734639 0.0230625 0.0149851
0 0.813798 0.541447 0.0233129 0.0200523
0 0.258022 0.852821 0.0253858 0.0193751
0 0.181134 0.104747 0.0216509 0.0180058
0 0.744648 0.0650582 0.0179997 0.0189839
0 0.567032 0.637122 0.0226187 0.0195932
0 0.484565 0.325875 0.0255732 0.0236103
0 0.88121 0.872569 0.0197868 0.0187454
0 0.470366 0.557658 0.0245042 0.0200609
0 0.356226 0.836753 0.0209772 0.0162248
0 0.868382 0.30758 0.0244027 0.0192515
0 0.217977 0.983181 0.0262633 0.0166836
0 0.944797 0.468921 0.0232398 0.0163165
0 0.359954 0.16175 0.0189615 0.0159155
0 0.899036 0.462616 0.0225668 0.0199755
0 0.691208 0.0827668 0.0319557 0.0228774
0 0.679362 0.784896 0.0283192 0.0255156
0 0.39522 0.368633 0.0258075 0.0193278
0 0.799517 0.968924 0.0301763 0.0196121
0 0.706119 0.323882 0.0223849 0.0208634
0 0.523893 0.598262 0.0297937 0.0240803
0 0.930761 0.23025 0.0231544 0.0220912
0 0.0672283 0.326204 0.025169 0.0245827
0 0.244611 0.584314 0.0229731 0.019944
0 0.229892 0.0558595 0.0305849 0.022366
0 0.744079 0.620355 0.024601 0.0211545
0 0.752359 0.527844 0.0249561 0.0203863
0 0.645607 0.363092 0.025582 0.0277234
0 0.919655 0.423811 0.0280282 0.0259157
0 0.167972 0.744347 0.0266021 0.0230249
0 0.660059 0.855465 0.0259563 0.0239446
0 0.390367 0.696167 0.022583 0.0195959
0 0.976668 0.722351 0.0320802 0.0218823
0 0.595623 0.10647 0.0260682 0.0356112
0 0.833664 0.647217 0.0214024 0.0183238
0 0.805271 0.987678 0.0247988 0.0233709
0 0.517085 0.299421 0.0240198 0.0204425
0 0.605217 0.832362 0.0227202 0.0355455
0 0.71191 0.809066 0.0272267 0.0181423
0 0.990813 0.513721 0.0183735 0.0194603
0 0.260506 0.301777 0.0180269 0.016606
0 0.932986 0.579862 0.0240167 0.0172943
0 0.79769 0.466011 0.022585 0.0131917
0 0.914243 0.123548 0.0224125 0.021219
0 0.682563 0.191466 0.0267224 0.0188151
0 0.129465 0.272978 0.0208127 0.0232329
0 0.0552657 0.809301 0.0194328 0.0208326
0 0.546222 0.961855 0.020333 0.0180647
0 0.116846 0.666927 0.0222008 0.0225595
0 0.718673 0.431439 0.0319311 0.0257726
0 0.908542 0.754535 0.0202916 0.018059
0 0.498777 0.512785 0.023353 0.0206359
0 0.368332 0.399312 0.022021 0.0195192
0 0.151119 0.193755 0.0295821 0.0224034
0 0.937504 0.271918 0.0259919 0.0233125
0 0.704615 0.278031 0.030991 0.0231374
0 0.147812 0.880109 0.0234471 0.0185844
0 0.79815 0.951318 0.023932 0.0180725
0 0.359456 0.287522 0.0274782 0.0226229
0 0.866878 0.681558 0.0202085 0.0158383
0 0.653926 0.760191 0.0236221 0.0193389
0 0.918466 0.197475 0.0226383 0.0122666
0 0.20835 0.747026 0.0213435 0.0175119
0 0.540617 0.400524 0.0223463 0.0157429
0 0.664014 0.878927 0.0415186 0.0229981
0 0.0756881 0.81884 0.030662 0.0176547
0 0.668941 0.144478 0.0272393 0.0219796
0 0.919177 0.992118 0.0208716 0.0153869
0 0.715915 0.601385 0.0243735 0.0247672
0 0.926302 0.482976 0.0220713 0.019902
0 0.0047882 0.146926 0.00957641 0.0243818
0 0.313846 0.551707 0.0178119 0.0170267
0 0.742539 0.286399 0.0234576 0.0233383
0 0.624232 0.891713 0.024016 0.0177853
0 0.858041 0.754681 0.022819 0.017482
0 0.812786 0.0742435 0.0207724 0.0191014
0 0.620846 0.0832036 0.0278764 0.0248399
0 0.165974 0.820798 0.0249159 0.0271626
0 0.473497 0.436794 0.0253788 0.03134
0 0.207174 0.822305 0.0244482 0.019721
0 0.327657 0.149964 0.0230868 0.0160555
0 0.868742 0.855073 0.031215 0.024192
0 0.113599 0.0355712 0.0277234 0.0237451
0 0.886999 0.224757 0.0190722 0.0149022
0 0.347254 0.573125 0.0210599 0.0211169
0 0.858588 0.612781 0.0198407 0.0165958
0 0.632974 0.742264 0.0233362 0.017982
0 0.555806 0.040318 0.0305554 0.0355885
0 0.0180066 0.468018 0.0272502 0.0164304
0 0.802077 0.0414622 0.021292 0.0151569
0 0.740972 0.0655561 0.0256848 0.0204809
0 0.200038 0.84198 0.0290396 0.0237694
0 0.514017 0.570407 0.0265469 0.0223583
0 0.146511 0.661595 0.0312948 0.0267603
0 0.966671 0.270101 0.0249931 0.0204538
0 0.231372 0.00975535 0.018055 0.0189723
0 0.864715 0.544248 0.0253606 0.0209308
0 0.422829 0.384629 0.0173176 0.0189203
0 0.0890769 0.00312466 0.0191567 0.00624932
0 0.701721 0.00615626 0.0203319 0.0123125
