0 0.589389 0.0644539 0.0214079 0.0151469
0 0.149428 0.930163 0.0223074 0.0192494
0 0.687668 0.545699 0.0234861 0.0201695
0 0.073193 0.972447 0.022449 0.0209252
0 0.43989 0.994095 0.0235599 0.01181
0 0.0161476 0.887295 0.0226654 0.0191439
0 0.677219 0.110278 0.0231555 0.0206602
0 0.160654 0.953556 0.0244732 0.021386
0 0.127844 0.046611 0.0246788 0.0202998
0 0.774996 0.745265 0.0225794 0.020224
0 0.602269 0.918693 0.0231649 0.0178599
0 0.599595 0.94878 0.023413 0.0217324
0 0.503157 0.921451 0.0287916 0.0257156
0 0.128834 0.569139 0.0222762 0.0189006
0 0.0402926 0.446184 0.0218468 0.0201835
0 0.928058 0.812539 0.0218973 0.0195351
0 0.194516 0.876016 0.0282103 0.0220715
0 0.042726 0.148005 0.0244961 0.0194977
0 0.358652 0.821452 0.0250957 0.0210656
0 0.0855594 0.0539593 0.0232717 0.0179957
0 0.994183 0.889635 0.0115632 0.0221496
0 0.609482 0.545596 0.0208654 0.0202904
0 0.727177 0.691945 0.021816 0.0208305
0 0.807591 0.862413 0.0240849 0.0173671
0 0.327247 0.836205 0.0267377 0.0222927
0 0.109104 0.397007 0.021669 0.0200735
0 0.0208165 0.165193 0.023231 0.0235591
0 0.320575 0.371625 0.0228144 0.0198665
0 0.385874 0.211502 0.0253296 0.0197167
0 0.055557 0.821615 0.0241211 0.0215389
0 0.682341 0.962883 0.0242299 0.0204974
0 0.0779241 0.163067 0.0225345 0.0205278
0 0.865563 0.93625 0.023333 0.0206454
0 0.161704 0.174415 0.0279464 0.0160355
0 0.161458 0.0669123 0.0231202 0.0208693
0 0.571388 0.054459 0.0217816 0.0201753
0 0.187465 0.062759 0.023442 0.020186
0 0.959434 0.904972 0.0240934 0.021203
0 0.196675 0.910068 0.0243932 0.0235323
0 0.592864 0.216664 0.0222602 0.0189894
0 0.779101 0.101773 0.0228922 0.0187422
0 0.0774232 0.865523 0.029275 0.022196
0 0.21153 0.149065 0.0219438 0.0189645
0 0.681172 0.992282 0.0261928 0.0154352
0 0.522008 0.991212 0.0305416 0.0172594
0 0.489709 0.744663 0.0226641 0.0181563
0 0.514609 0.695523 0.0235943 0.0205065
0 0.842162 0.984588 0.0230325 0.0210133
0 0.75141 0.633595 0.0216295 0.0185707
0 0.788992 0.0590993 0.0237414 0.0215001
0 0.257937 0.695079 0.0223671 0.0208853
0 0.608373 0.355853 0.0226389 0.0194259
0 0.603164 0.121697 0.0268533 0.0203307
0 0.958629 0.428283 0.0247749 0.0227069
0 0.0268502 0.791134 0.0246507 0.0200338
0 0.457131 0.0689792 0.0234415 0.0198265
0 0.981025 0.925479 0.025812 0.0212149
0 0.506359 0.666768 0.0232888 0.0203626
0 0.338659 0.67282 0.0240473 0.020872
0 0.137864 0.176529 0.0235039 0.0207685
0 0.00740806 0.718615 0.0148161 0.0195056
0 0.043596 0.739058 0.0237505 0.0196683
0 0.116363 0.793819 0.0224301 0.0202692
0 0.0260543 0.331692 0.021346 0.0198653
0 0.724093 0.273164 0.022302 0.0212462
0 0.609797 0.9821 0.0252619 0.0177453
0 0.0381313 0.404636 0.021308 0.018898
0 0.176109 0.210212 0.020647 0.0197778
0 0.613939 0.0142877 0.0238571 0.020352
0 0.993881 0.22705 0.0120945 0.0184542
0 0.0779008 0.200649 0.0222269 0.0221942
0 0.567065 0.466349 0.028636 0.0213097
0 0.0525566 0.849137 0.0230228 0.0203698
0 0.115394 0.726188 0.0261174 0.0232106
0 0.953831 0.233507 0.0218795 0.0200162
0 0.161444 0.84011 0.023913 0.020672
0 0.809298 0.111147 0.0237242 0.0188217
0 0.948302 0.3463 0.0214441 0.0224735
0 0.23949 0.0520788 0.0248728 0.0199343
0 0.346026 0.0620797 0.0220308 0.0201678
0 0.462395 0.810189 0.0225183 0.0195365
0 0.662503 0.79605 0.0282118 0.022559
0 0.166669 0.107101 0.0217952 0.0187141
0 0.518359 0.570674 0.024704 0.0204624
0 0.00918001 0.185078 0.01836 0.0185742
0 0.239155 0.620097 0.0239761 0.0212321
0 0.694772 0.49255 0.0212347 0.0212992
0 0.187398 0.583585 0.0267183 0.0218454
0 0.766009 0.216078 0.0224548 0.0217878
0 0.851327 0.882001 0.0286008 0.0201572
0 0.141528 0.763224 0.0261197 0.0236138
0 0.462599 0.96925 0.0254112 0.0206808
0 0.213859 0.644102 0.0226579 0.0211058
0 0.962032 0.408143 0.0283929 0.0183951
0 0.222943 0.217716 0.0231881 0.0184869
0 0.608162 0.769654 0.0222049 0.0190771
0 0.221122 0.898271 0.0249366 0.0205799
0 0.23421 0.345724 0.022113 0.0208703
0 0.867197 0.674588 0.02201 0.0203868
0 0.631927 0.0971566 0.0198407 0.0170538
0 0.563289 0.212163 0.0206799 0.0186636
0 0.46413 0.690983 0.0225452 0.0200571
0 0.699532 0.083673 0.0217116 0.0195574
0 0.533928 0.154016 0.0286744 0.0247222
0 0.480489 0.199203 0.0243431 0.0194442
0 0.514835 0.231252 0.0248121 0.0213299
0 0.393564 0.645676 0.0225158 0.0190793
0 0.812507 0.765115 0.0208735 0.0196189
0 0.00998928 0.831979 0.0199786 0.0234836
0 0.0522901 0.664902 0.0219785 0.0198022
0 0.44592 0.83182 0.0238118 0.0183234
0 0.638582 0.963523 0.0211152 0.0199095
0 0.214339 0.609899 0.0257703 0.0185146
0 0.273087 0.37749 0.0235906 0.0198023
0 0.99183 0.419019 0.016341 0.0186462
0 0.122929 0.205829 0.0244708 0.0203182
0 0.543253 0.796675 0.0227093 0.0200361
0 0.991734 0.345265 0.0165327 0.0183687
0 0.93496 0.886046 0.0194866 0.0195249
0 0.859824 0.994892 0.0280419 0.0102163
0 0.201157 0.327413 0.0268932 0.0160894
0 0.533693 0.954644 0.026763 0.0187674
0 0.485889 0.994095 0.0254591 0.0115022
0 0.567528 0.505249 0.0203989 0.0213844
0 0.0767695 0.452393 0.022003 0.0177436
0 0.161914 0.507364 0.0183875 0.0160993
0 0.309393 0.672702 0.0234543 0.0210133
0 0.416468 0.990987 0.0247788 0.0180269
0 0.365122 0.380498 0.0230921 0.0212382
0 0.107092 0.324235 0.0204287 0.0201865
0 0.612558 0.0814381 0.0282149 0.0221348
0 0.608679 0.422834 0.0236925 0.0209998
0 0.639855 0.163228 0.0237347 0.0205614
0 0.374109 0.11288 0.023041 0.0201201
0 0.973599 0.516044 0.0222814 0.0190144
0 0.991877 0.20701 0.0162463 0.0169608
0 0.363815 0.418775 0.0251108 0.0206076
0 0.566282 0.70383 0.0215605 0.0198543
0 0.966089 0.308461 0.0209519 0.0175504
0 0.421005 0.338747 0.0258814 0.02157
0 0.64962 0.0166282 0.02404 0.0214551
0 0.50322 0.647626 0.0221945 0.020408
0 0.281308 0.268783 0.0240081 0.0208594
0 0.868786 0.791392 0.0256999 0.0170068
0 0.123649 0.337112 0.0216105 0.0206007
0 0.428524 0.846308 0.0241736 0.0192115
0 0.0490858 0.529453 0.0303768 0.0253197
0 0.633816 0.983874 0.0243671 0.0200549
0 0.64063 0.254477 0.0240988 0.0199109
0 0.916907 0.837983 0.0263644 0.0238391
0 0.14096 0.795893 0.0240487 0.0213711
0 0.269567 0.817966 0.0289256 0.0225017
0 0.666488 0.398679 0.0237926 0.020712
0 0.635843 0.319197 0.0260769 0.0238606
0 0.572065 0.637291 0.0267308 0.018106
0 0.683308 0.902983 0.0264382 0.0196683
0 0.514327 0.52258 0.0220065 0.0197824
0 0.994346 0.307739 0.011284 0.0190916
0 0.891099 0.304615 0.0266516 0.019706
0 0.794632 0.73046 0.0261597 0.0207618
0 0.192678 0.636707 0.0221668 0.019764
0 0.949975 0.812713 0.0218978 0.021324
0 0.137966 0.854345 0.0215683 0.0178921
0 0.694373 0.303582 0.0305371 0.0236
0 0.734464 0.948556 0.0243413 0.0210654
0 0.790222 0.225473 0.0188009 0.0207036
0 0.523078 0.186963 0.0233875 0.0195814
0 0.335816 0.188842 0.0215768 0.0188297
0 0.727871 0.0840997 0.0215535 0.0196846
0 0.506843 0.471909 0.022146 0.0225997
0 0.847127 0.0538249 0.0235177 0.0219857
0 0.784279 0.203884 0.0248509 0.0219163
0 0.485808 0.27117 0.0237781 0.0218126
0 0.41066 0.409432 0.0225369 0.0186078
0 0.976486 0.984646 0.0240051 0.0191751
0 0.646852 0.230953 0.0283028 0.0241263
0 0.467654 0.00586951 0.0270362 0.011739
0 0.580711 0.882133 0.0275668 0.0247822
0 0.0139194 0.0786228 0.0251209 0.0216874
0 0.495961 0.623549 0.0228183 0.0195853
0 0.692497 0.771912 0.0194414 0.0178726
0 0.902457 0.0841374 0.0240352 0.0197777
0 0.752919 0.0531365 0.02775 0.020454
0 0.0791596 0.0911458 0.0270292 0.022464
0 0.373583 0.726759 0.0303337 0.0164739
0 0.090511 0.338248 0.0208547 0.0168394
0 0.637494 0.486605 0.0236166 0.0220969
0 0.0439452 0.766416 0.0249799 0.0191627
0 0.383099 0.300375 0.0217444 0.0202367
0 0.640051 0.286241 0.0232654 0.0196492
0 0.0532772 0.923305 0.0252563 0.0218303
0 0.73325 0.307535 0.0220532 0.0196476
0 0.821498 0.669696 0.0249355 0.0213062
0 0.0852408 0.105984 0.0223662 0.0202041
0 0.959284 0.195081 0.0237387 0.0211175
0 0.442298 0.597544 0.0229658 0.0207204
0 0.851254 0.961148 0.0241836 0.0203234
0 0.360902 0.494392 0.0226827 0.0197372
0 0.238721 0.673033 0.0225739 0.0203231
0 0.107109 0.636075 0.0243601 0.0218881
0 0.888131 0.989949 0.0233822 0.0189859
0 0.525049 0.621068 0.0227069 0.0201455
0 0.715906 0.672911 0.018657 0.0190719
0 0.0822421 0.258396 0.0237752 0.0208964
0 0.206738 0.743206 0.0234103 0.0218076
0 0.611074 0.238383 0.0224919 0.0197368
0 0.157117 0.666643 0.017579 0.0185623
0 0.911783 0.869075 0.02327 0.0215977
0 0.768284 0.174625 0.0236339 0.0201338
0 0.823301 0.717759 0.0248247 0.0194816
0 0.712488 0.501018 0.0182495 0.0177778
0 0.617258 0.294254 0.028626 0.0193314
0 0.663644 0.669226 0.0230013 0.018324
0 0.986769 0.776398 0.0242115 0.0211332
0 0.983442 0.659764 0.0275853 0.0243551
0 0.668399 0.0793742 0.0233111 0.0196191
0 0.178381 0.713751 0.0217679 0.0195433
0 0.628887 0.454106 0.0225052 0.02108
0 0.863944 0.479325 0.027249 0.0223196
0 0.14886 0.398375 0.0233702 0.0192103
0 0.880193 0.219688 0.0229856 0.0190279
0 0.540313 0.390195 0.0219709 0.0151824
0 0.706213 0.724749 0.0193827 0.0169499
0 0.24379 0.72258 0.0283669 0.0238383
0 0.362064 0.616086 0.0227999 0.0198467
0 0.685727 0.417548 0.023366 0.0181048
0 0.54675 0.334263 0.0223847 0.0204526
0 0.490942 0.220319 0.0242032 0.0216653
0 0.338706 0.716265 0.0242446 0.0222142
0 0.409507 0.500493 0.0225017 0.0209354
0 0.383398 0.405357 0.0234842 0.0189116
0 0.336111 0.775153 0.0247155 0.0218925
0 0.0294853 0.611131 0.02462 0.020819
0 0.728533 0.724048 0.0265294 0.0224533
0 0.102634 0.262962 0.0182666 0.0211054
0 0.91852 0.308528 0.0283417 0.017525
0 0.247139 0.408073 0.0197791 0.017796
0 0.438245 0.65248 0.0228609 0.0194805
0 0.983236 0.0593076 0.0180842 0.0177389
0 0.40282 0.312563 0.0233934 0.019054
0 0.74345 0.828007 0.0276609 0.021423
0 0.775051 0.706345 0.0216129 0.0187268
0 0.105935 0.373596 0.0228787 0.0201044
0 0.400437 0.601374 0.0241748 0.0215192
0 0.0434541 0.0749173 0.0192677 0.0162201
0 0.663605 0.152293 0.0253393 0.0216723
0 0.741261 0.0935645 0.0239806 0.0184557
0 0.544368 0.704925 0.0232241 0.0206145
0 0.219061 0.915587 0.0225733 0.0189969
0 0.383594 0.980271 0.0266965 0.0204309
0 0.249852 0.0104115 0.0197957 0.0154267
0 0.950271 0.7273 0.0212878 0.0189808
0 0.241454 0.153783 0.0245527 0.0190913
0 0.142413 0.00731394 0.0278327 0.0146279
0 0.12622 0.997549 0.0188444 0.00490248
0 0.588399 0.318291 0.0237427 0.0189568
0 0.358946 0.552892 0.023962 0.020727
0 0.75826 0.796635 0.0293283 0.0258945
0 0.00764665 0.134771 0.0152933 0.0243418
0 0.161028 0.443454 0.0255341 0.0220585
0 0.535954 0.638849 0.0304947 0.0205918
0 0.325462 0.49633 0.0246425 0.0221314
0 0.849848 0.844892 0.0230817 0.0204773
0 0.678671 0.246878 0.0261866 0.021831
0 0.988598 0.470379 0.0222096 0.0201001
0 0.95035 0.765446 0.0253408 0.0191956
0 0.0076709 0.394185 0.0153418 0.0169881
0 0.265838 0.159693 0.0240596 0.0233718
0 0.216439 0.10614 0.0253743 0.0210588
0 0.876318 0.9677 0.0265467 0.0194313
0 0.536377 0.0920614 0.0256414 0.0201443
0 0.45818 0.10164 0.0262433 0.0269307
0 0.00531852 0.324174 0.010637 0.0209913
0 0.711316 0.437318 0.0187175 0.0187145
0 0.0653961 0.414922 0.0209092 0.0176183
0 0.921175 0.770994 0.0213657 0.0187501
0 0.843063 0.335717 0.024361 0.0217769
0 0.462527 0.658873 0.0221429 0.0193248
0 0.697343 0.164518 0.0232716 0.0222039
0 0.489515 0.54861 0.0222473 0.0195506
0 0.598671 0.821426 0.023003 0.0196449
0 0.891233 0.622673 0.0256158 0.0185531
0 0.114133 0.28766 0.0203008 0.0192841
0 0.342868 0.164687 0.0212837 0.0188801
0 0.578158 0.879301 0.0327314 0.0288352
0 0.463441 0.559226 0.022415 0.0168644
0 0.541214 0.485398 0.0274176 0.0245067
0 0.385003 0.0076488 0.0255325 0.0152976
0 0.225419 0.197333 0.0291648 0.0157467
0 0.0696566 0.742738 0.0252893 0.0218121
0 0.903873 0.773427 0.0223541 0.0214342
0 0.751627 0.0498881 0.0299965 0.0273558
0 0.569885 0.766128 0.0237744 0.0187441
0 0.461921 0.231616 0.0253196 0.0224259
0 0.802596 0.46637 0.0237169 0.0206033
0 0.484528 0.0251869 0.0221127 0.0197197
0 0.433663 0.307282 0.0219428 0.0206934
0 0.756083 0.870566 0.0222659 0.0216619
0 0.758973 0.0187115 0.0242726 0.0208824
0 0.40188 0.572441 0.025394 0.0202268
0 0.889001 0.892005 0.0233039 0.0205042
0 0.826853 0.264449 0.0242126 0.0199188
0 0.213164 0.436423 0.0228226 0.0228104
0 0.990929 0.39998 0.0181416 0.0225996
0 0.591133 0.25986 0.0201328 0.0181063
0 0.347708 0.985244 0.0390438 0.0293372
0 0.174468 0.973138 0.0263316 0.0199733
0 0.319947 0.16534 0.0232873 0.0194357
0 0.721165 0.248096 0.0265055 0.0219843
0 0.777173 0.489885 0.0262412 0.0245735
0 0.74236 0.21971 0.0252887 0.0245224
0 0.964331 0.306284 0.0240439 0.0215096
0 0.42922 0.508431 0.0181929 0.0192067
0 0.0974849 0.586075 0.0278668 0.0237802
0 0.39505 0.440401 0.0236828 0.0187373
0 0.267532 0.627656 0.0246587 0.0186644
0 0.948601 0.832856 0.0259395 0.0230228
0 0.379523 0.574108 0.0204463 0.0177765
0 0.383682 0.376522 0.0208754 0.0199093
0 0.00215833 0.958398 0.00431666 0.0170473
0 0.271355 0.488619 0.0226366 0.0182554
0 0.534708 0.939697 0.0215265 0.0161126
0 0.584135 0.500259 0.0222759 0.0203233
0 0.548023 0.0608118 0.0273551 0.0180848
0 0.87055 0.261839 0.0248598 0.0241346
0 0.201279 0.0939178 0.0227934 0.0177269
0 0.886015 0.756231 0.0211469 0.0183436
0 0.235213 0.437567 0.0241563 0.0205904
0 0.00864235 0.861278 0.0172847 0.016844
0 0.832541 0.218518 0.0217398 0.0184877
0 0.948448 0.572415 0.0254666 0.0216258
0 0.883116 0.397027 0.0223158 0.0195295
0 0.940553 0.783557 0.0236753 0.0197309
0 0.808092 0.41841 0.0259674 0.0218418
0 0.158529 0.701533 0.0259343 0.0221925
0 0.699383 0.662482 0.0213606 0.0209099
0 0.382971 0.985134 0.0289732 0.0288972
0 0.634403 0.546869 0.0225452 0.0178609
0 0.756584 0.523874 0.0261455 0.0248992
0 0.143121 0.124156 0.0288725 0.0236644
0 0.215643 0.829466 0.0282268 0.0254026
0 0.770903 0.721771 0.0211974 0.0169837
0 0.0176268 0.462698 0.0229062 0.0218693
0 0.698694 0.241065 0.0211406 0.0202006
0 0.873649 0.812587 0.0269825 0.0203766
0 0.799957 0.971917 0.0258934 0.0189531
0 0.981647 0.618958 0.0265152 0.0233
0 0.353006 0.640804 0.0266182 0.0228432
0 0.156538 0.825414 0.0284807 0.0217968
0 0.976442 0.455692 0.0203325 0.0180227
0 0.434569 0.235845 0.0276578 0.0230671
0 0.722397 0.774341 0.0285768 0.0211363
0 0.186515 0.295016 0.020939 0.0204781
0 0.284333 0.571425 0.0228546 0.0218462
0 0.176337 0.661236 0.0219874 0.0217061
0 0.775595 0.421472 0.0220887 0.0192702
0 0.0495198 0.0723421 0.032577 0.0226517
0 0.437537 0.420287 0.0289867 0.0255588
0 0.628634 0.776766 0.0232494 0.016361
0 0.488763 0.174301 0.0270821 0.0215552
0 0.0517712 0.531443 0.0258021 0.0206199
0 0.302227 0.292127 0.0281948 0.020861
0 0.545992 0.0438633 0.021441 0.0169933
0 0.0807191 0.0950046 0.0300798 0.0289182
0 0.757199 0.0847618 0.0229333 0.021892
0 0.985863 0.554491 0.0241834 0.0222073
0 0.748935 0.991865 0.0318425 0.0162701
0 0.285381 0.961546 0.0283999 0.0208157
0 0.30077 0.986262 0.030931 0.026738
0 0.512278 0.793131 0.0257494 0.0245456
0 0.250138 0.290479 0.020966 0.021379
0 0.272906 0.992122 0.025876 0.0157564
0 0.604863 0.452119 0.0279295 0.023919
0 0.433958 0.791792 0.0223345 0.0199513
0 0.720717 0.60731 0.0245241 0.0221793
0 0.0996987 0.152288 0.0241851 0.021044
0 0.997255 0.492354 0.0054338 0.0196588
0 0.294569 0.858461 0.0374341 0.0208361
0 0.547203 0.777047 0.021349 0.0186816
0 0.262984 0.442998 0.0225317 0.0189501
0 0.215019 0.126273 0.022424 0.0184884
0 0.716363 0.0680318 0.0230145 0.0203208
0 0.463647 0.274257 0.021112 0.0222178
0 0.658929 0.126916 0.0311174 0.0228478
0 0.0698348 0.721754 0.0237247 0.0201909
0 0.633126 0.375851 0.0214787 0.0204547
0 0.0869816 0.134049 0.0321122 0.0263894
0 0.065196 0.334977 0.0208346 0.0179818
0 0.883721 0.347683 0.0231424 0.0209432
0 0.0322764 0.826591 0.0262683 0.0211383
0 0.604897 0.198522 0.0219 0.0148757
0 0.267813 0.423899 0.0247859 0.0207906
0 0.284512 0.201019 0.0261936 0.0197812
0 0.16155 0.629204 0.0239433 0.0207559
0 0.995544 0.796255 0.00888532 0.0150163
0 0.228482 0.501476 0.0266802 0.0154367
0 0.675382 0.490517 0.0202931 0.0174096
0 0.459434 0.0335565 0.0227247 0.0206482
0 0.150964 0.10023 0.0242554 0.0199033
0 0.482294 0.249328 0.025405 0.0196261
0 0.981591 0.971793 0.0214882 0.0194371
0 0.960835 0.304187 0.0305566 0.023618
0 0.0416708 0.780409 0.019925 0.0167639
0 0.58293 0.190567 0.0262113 0.0187266
0 0.486883 0.313708 0.0249202 0.0196704
0 0.810418 0.364138 0.0222442 0.0198211
0 0.522962 0.0100957 0.0285751 0.0201915
0 0.303207 0.57497 0.0196738 0.0184029
0 0.321985 0.728991 0.0210353 0.0212221
0 0.0686111 0.907383 0.0166013 0.0125389
0 0.189576 0.554863 0.0207982 0.0212008
0 0.853416 0.233963 0.0245147 0.0195213
0 0.39465 0.555215 0.0251111 0.0153622
0 0.569209 0.940827 0.0201788 0.0170802
0 0.175573 0.143976 0.0221038 0.0179585
0 0.588493 0.751289 0.0221238 0.0197109
0 0.854001 0.16915 0.0229266 0.0209803
0 0.942428 0.591252 0.0222619 0.0187921
0 0.826131 0.609084 0.0271026 0.0224307
0 0.365745 0.669154 0.0286271 0.0246436
0 0.0329792 0.490017 0.0351137 0.0202267
0 0.669571 0.720938 0.0217866 0.0225111
0 0.318238 0.476365 0.0216182 0.0197082
0 0.016353 0.861223 0.0292189 0.0182492
0 0.122619 0.60958 0.0228008 0.0195478
0 0.841814 0.910536 0.0229082 0.0205075
0 0.591491 0.668539 0.0290704 0.0194088
0 0.978958 0.237096 0.0298361 0.0205225
0 0.980886 0.732253 0.0233245 0.0195553
0 0.285313 0.319768 0.0217568 0.0158785
0 0.413924 0.129727 0.0244282 0.0214609
0 0.560312 0.0147279 0.0423794 0.0294069
0 0.160477 0.206754 0.014289 0.0148486
0 0.808015 0.990171 0.0305861 0.019553
0 0.613983 0.995357 0.0279023 0.00928664
0 0.459025 0.723524 0.0236701 0.0204875
0 0.242937 0.311487 0.0238985 0.0184492
0 0.20254 0.24158 0.0206667 0.0200774
0 0.52535 0.311007 0.0243274 0.015053
0 0.471724 0.164504 0.0211965 0.0193066
0 0.198249 0.456456 0.0324665 0.022061
0 0.990107 0.439271 0.0197853 0.0179202
0 0.819297 0.95851 0.0214152 0.0201501
0 0.687166 0.278402 0.0242826 0.0232884
0 0.0140509 0.945421 0.0194303 0.0197549
0 0.787496 0.661797 0.0198059 0.0207896
0 0.988043 0.591654 0.0235115 0.022032
0 0.169528 0.477108 0.0260387 0.0227616
0 0.979579 0.974687 0.0249663 0.0238205
0 0.165732 0.411461 0.0226907 0.0215029
0 0.978796 0.123413 0.0230522 0.0188558
0 0.227868 0.410618 0.0207524 0.0200793
0 0.33591 0.12882 0.0250718 0.0227161
0 0.614363 0.169139 0.0261725 0.0293344
0 0.991189 0.684749 0.0176216 0.0278103
0 0.888976 0.459749 0.0235223 0.0212219
0 0.610451 0.632753 0.0215134 0.0204716
0 0.281267 0.0375511 0.0315475 0.0204095
0 0.124418 0.265633 0.0210879 0.0177079
0 0.713534 0.114462 0.0259101 0.0227614
0 0.482995 0.98397 0.0429604 0.0213659
0 0.174418 0.0230496 0.0196549 0.0181146
0 0.285483 0.0642322 0.0261247 0.0208052
0 0.534893 0.43033 0.0228671 0.0182444
0 0.0299193 0.309876 0.0269597 0.0207338
0 0.995436 0.970294 0.00908321 0.0185583
0 0.272388 0.645895 0.0234171 0.0215955
0 0.473595 0.844853 0.0235218 0.0202827
0 0.342087 0.00628808 0.0244344 0.0125762
0 0.863615 0.282852 0.0225523 0.019892
0 0.453295 0.849937 0.0232625 0.0183979
0 0.259034 0.133412 0.0269146 0.0212549
0 0.801969 0.147241 0.0221934 0.0194135
0 0.42219 0.823318 0.0226121 0.0186123
0 0.482417 0.671974 0.0229762 0.0197067
0 0.946516 0.072349 0.0253114 0.0234236
0 0.625438 0.665443 0.0261083 0.0209752
0 0.823336 0.513895 0.0285372 0.0226725
0 0.24392 0.77546 0.0248962 0.0216812
0 0.491825 0.965129 0.0319562 0.0215259
0 0.743764 0.86094 0.0210626 0.0176784
0 0.654984 0.176441 0.0310255 0.0266276
0 0.580201 0.856219 0.0200649 0.0172157
0 0.20892 0.553994 0.0226792 0.0205461
0 0.457936 0.0964046 0.0241961 0.0187163
0 0.868466 0.522142 0.0276671 0.0232531
0 0.108095 0.770435 0.0211447 0.0191166
0 0.636954 0.725961 0.0228789 0.0134475
0 0.8057 0.00797376 0.0262287 0.0159475
0 0.822067 0.690126 0.0232537 0.0216029
0 0.2048 0.0103549 0.0216512 0.0195248
0 0.587522 0.386315 0.0254403 0.0234739
0 0.932225 0.181076 0.0239962 0.0213052
0 0.0339521 0.37869 0.0234129 0.0202501
0 0.820902 0.30012 0.0276553 0.0153182
0 0.824393 0.0878214 0.0200135 0.0196329
0 0.541471 0.862293 0.0219342 0.0196327
0 0.536135 0.37196 0.0226066 0.0179146
0 0.847966 0.034351 0.0236359 0.0153426
0 0.720976 0.564515 0.0223444 0.0202848
0 0.0698068 0.609819 0.0209833 0.0191693
0 0.154003 0.575073 0.0240954 0.0196545
0 0.51232 0.85877 0.0271241 0.0216773
0 0.480211 0.648228 0.0215405 0.01931
0 0.649082 0.745243 0.0228113 0.0192178
0 0.091178 0.556173 0.0386266 0.0225437
0 0.0961867 0.744745 0.0247118 0.0164939
0 0.614106 0.0840571 0.0258669 0.0183524
0 0.893273 0.933585 0.0237459 0.0198014
0 0.108072 0.509767 0.0243877 0.0193278
0 0.4939 0.967991 0.0358375 0.0259328
0 0.0309345 0.107936 0.0246651 0.0173942
0 0.623842 0.928312 0.0193605 0.0161558
0 0.163487 0.804074 0.0198634 0.0229044
0 0.967578 0.0302276 0.0220214 0.0204125
0 0.0505693 0.324182 0.02419 0.0199842
0 0.973749 0.700996 0.0288698 0.0183421
0 0.804225 0.0315617 0.0227481 0.0204063
0 0.524801 0.818671 0.0284602 0.0226067
0 0.44496 0.559654 0.0151362 0.0154899
0 0.273678 0.982114 0.0262133 0.0287631
0 0.660418 0.49974 0.0221696 0.0197382
0 0.47654 0.296434 0.0253254 0.0190265
0 0.411681 0.621271 0.0287101 0.0211866
0 0.716037 0.747884 0.0303903 0.0310227
0 0.302089 0.638016 0.0203552 0.0206534
0 0.116505 0.141826 0.0220052 0.0211607
0 0.914613 0.946101 0.0257844 0.0192936
0 0.288448 0.542582 0.0172402 0.0155779
0 0.57267 0.177963 0.0226799 0.0181651
0 0.67287 0.86539 0.0242972 0.0219083
0 0.996722 0.608369 0.00655562 0.0160123
0 0.435895 0.739563 0.0300747 0.0189676
0 0.203917 0.776395 0.0327283 0.0211211
0 0.239127 0.380884 0.0217048 0.0199527
0 0.694741 0.138163 0.0279763 0.0145997
0 0.312741 0.317177 0.0237252 0.0229193
0 0.355103 0.758464 0.0266815 0.02184
0 0.721666 0.993293 0.0240467 0.0134143
0 0.48448 0.416633 0.0289926 0.0241142
0 0.647771 0.612164 0.0201342 0.0190397
0 0.956899 0.095139 0.0221753 0.0193798
0 0.0714948 0.579591 0.0237463 0.0214407
0 0.942664 0.594253 0.0241215 0.0240061
0 0.0678258 0.39707 0.0239297 0.0175077
0 0.0250479 0.574742 0.0379589 0.0300452
0 0.217074 0.824359 0.0254173 0.0157429
0 0.6788 0.212541 0.0246177 0.0286969
0 0.579263 0.417164 0.024269 0.0196668
0 0.305949 0.542956 0.0232289 0.020031
0 0.397024 0.849061 0.0235826 0.020088
0 0.275555 0.975796 0.0210432 0.0153854
0 0.389339 0.750937 0.0249922 0.022126
0 0.292005 0.049275 0.0225365 0.0197473
0 0.573015 0.946587 0.0265715 0.0285057
0 0.504313 0.0414411 0.0221196 0.0194644
0 0.645373 0.0840451 0.0212618 0.0189544
0 0.948961 0.668604 0.0242031 0.0201945
0 0.709797 0.816056 0.0342529 0.0237732
0 0.730017 0.503512 0.02276 0.019382
0 0.237461 0.669463 0.0232752 0.0182185
0 0.803597 0.55091 0.0261528 0.024005
0 0.297805 0.484596 0.0248181 0.0251956
0 0.411553 0.73494 0.0226249 0.0191972
0 0.929569 0.254937 0.0276765 0.0197244
0 0.0421955 0.775353 0.0234261 0.0255854
0 0.93327 0.403481 0.0240806 0.0181895
0 0.0851504 0.472482 0.0222632 0.0186479
0 0.115784 0.595484 0.0177371 0.0120233
0 0.647357 0.00260993 0.0204957 0.00521986
0 0.368735 0.673818 0.0265529 0.0179955
0 0.954451 0.260504 0.0201043 0.0178497
0 0.582918 0.255104 0.0369384 0.0279331
0 0.90739 0.57359 0.0276015 0.0208365
0 0.826193 0.472304 0.030177 0.0230797
0 0.856009 0.759997 0.0229073 0.0196835
0 0.771435 0.617942 0.0215585 0.0187874
0 0.0828228 0.308608 0.0202129 0.0188578
0 0.106809 0.681277 0.0225109 0.0174248
0 0.972766 0.842156 0.0298577 0.0254377
0 0.156047 0.59347 0.0240152 0.0200554
0 0.324231 0.732345 0.0262004 0.0268223
0 0.193086 0.137234 0.0222307 0.0188519
0 0.938743 0.748606 0.0283896 0.0286742
0 0.469183 0.736799 0.023129 0.0214076
0 0.451321 0.629831 0.0281653 0.0219564
0 0.956948 0.301816 0.0237076 0.0177916
0 0.299637 0.12022 0.0247021 0.0215007
0 0.124307 0.41995 0.0316425 0.021811
0 0.760831 0.475553 0.0256942 0.0220149
0 0.692221 0.334809 0.0238944 0.0209977
0 0.321776 0.726411 0.0190191 0.0176911
0 0.553442 0.901148 0.0399849 0.0241852
0 0.560709 0.374952 0.0204724 0.0210592
0 0.0815097 0.101156 0.0301525 0.0303317
0 0.0682418 0.642169 0.0237371 0.0172276
0 0.636581 0.791623 0.0251073 0.0201293
0 0.339791 0.27456 0.0232358 0.0173349
0 0.866041 0.727097 0.0273077 0.0226116
0 0.0228945 0.86151 0.0170254 0.0170905
0 0.35959 0.491674 0.0194333 0.0165066
0 0.938246 0.786593 0.0283635 0.0253718
0 0.937028 0.0910191 0.0214301 0.0191744
0 0.157677 0.829389 0.0302546 0.0264198
0 0.216603 0.255022 0.0220091 0.017735
0 0.955416 0.552287 0.0272941 0.0194094
0 0.744594 0.748859 0.0276638 0.0223904
0 0.324484 0.989236 0.0227488 0.0201893
0 0.849136 0.616187 0.0309812 0.0239839
0 0.840221 0.363918 0.0329627 0.0225934
0 0.602877 0.51267 0.027649 0.0233058
0 0.348078 0.329351 0.0212047 0.019525
0 0.338345 0.387468 0.02359 0.0188411
0 0.618946 0.520334 0.0250096 0.0256431
0 0.524725 0.588557 0.0227205 0.0190811
0 0.664979 0.255155 0.019111 0.0165106
0 0.0365527 0.250194 0.0207702 0.0173092
0 0.339663 0.0920482 0.0309529 0.0234908
0 0.792478 0.264327 0.0257956 0.0222623
0 0.094621 0.28316 0.0206919 0.0217152
0 0.782738 0.153021 0.0207282 0.0157387
0 0.200025 0.79431 0.0238621 0.0214052
0 0.716236 0.876143 0.0293401 0.0304465
0 0.222867 0.513172 0.0258387 0.022224
0 0.377521 0.328988 0.0220048 0.018424
0 0.811203 0.133269 0.020252 0.0190244
0 0.901401 0.284158 0.0283476 0.0191972
0 0.96524 0.739854 0.0197329 0.0185316
0 0.928317 0.290725 0.0242053 0.0189949
0 0.118887 0.83152 0.0236052 0.0209153
0 0.781591 0.899567 0.0432401 0.0245014
0 0.729923 0.0231918 0.029591 0.0227834
0 0.725108 0.880425 0.0436006 0.0380629
0 0.682289 0.372029 0.019695 0.020014
0 0.538846 0.318722 0.0147137 0.0104888
0 0.173108 0.244803 0.0197019 0.017684
0 0.722427 0.5025 0.037577 0.0227017
0 0.892861 0.253451 0.0236216 0.0181817
0 0.180625 0.264918 0.0237618 0.0197104
0 0.0244766 0.842521 0.0194952 0.0159136
0 0.54013 0.841354 0.0295191 0.0222226
0 0.0456562 0.902182 0.0325666 0.0300362
0 0.561709 0.969514 0.023505 0.0200348
0 0.0830844 0.623945 0.0233822 0.0204921
0 0.967116 0.803922 0.0234592 0.0210986
0 0.664797 0.690499 0.0311896 0.0203139
0 0.954213 0.300401 0.0181648 0.0151297
0 0.02699 0.108431 0.0320532 0.0192266
0 0.836848 0.197553 0.0211286 0.0180945
0 0.831106 0.791401 0.0297069 0.0220733
0 0.901959 0.917172 0.027308 0.0233073
0 0.990103 0.284441 0.0197942 0.0184978
0 0.988512 0.821411 0.0229765 0.0400556
0 0.0309219 0.651086 0.0290243 0.0203823
0 0.515874 0.860269 0.0332842 0.024132
0 0.58815 0.666364 0.0347689 0.0230123
0 0.998022 0.740563 0.00392151 0.0135852
0 0.475173 0.053112 0.0236981 0.0208381
0 0.74181 0.562782 0.0215989 0.0200841
0 0.743443 0.675611 0.0226736 0.0171432
0 0.715199 0.741585 0.0264922 0.0179973
0 0.718799 0.963517 0.0279512 0.0214525
0 0.663511 0.671353 0.0274068 0.0216055
0 0.988636 0.396677 0.0227272 0.0294778
0 0.989916 0.0780368 0.0201678 0.0204393
0 0.317156 0.121325 0.0219656 0.0167933
0 0.213821 0.471979 0.0197479 0.0178546
0 0.66522 0.456534 0.0256077 0.0209872
0 0.5521 0.564685 0.0201851 0.0136443
0 0.838846 0.818 0.0236011 0.0206465
0 0.571575 0.942944 0.0243683 0.0215276
0 0.452957 0.174805 0.0198023 0.0190717
0 0.345991 0.59058 0.0248527 0.0221314
0 0.653459 0.35684 0.0247757 0.0204259
0 0.349795 0.479386 0.0258308 0.0210781
0 0.58089 0.25106 0.0383811 0.0215025
0 0.729061 0.888319 0.0345871 0.0249864
0 0.771232 0.547244 0.0377796 0.0278125
0 0.832512 0.10695 0.0197744 0.017545
0 0.986763 0.0585835 0.0249169 0.0196145
0 0.687353 0.744033 0.0218282 0.0161607
0 0.18038 0.760041 0.0249614 0.0219457
0 0.0985015 0.608332 0.0227042 0.0172457
0 0.174948 0.322183 0.0167997 0.0138721
0 0.684102 0.594785 0.0249374 0.0199073
0 0.635189 0.599555 0.0223916 0.018471
0 0.692911 0.43466 0.0222519 0.0191611
0 0.330921 0.257153 0.0310506 0.0225297
0 0.531094 0.751938 0.0237208 0.0228319
0 0.374968 0.0355141 0.0263565 0.0223827
0 0.631736 0.0707992 0.0207595 0.0176501
0 0.8048 0.0815438 0.0211052 0.0197122
0 0.405789 0.0384443 0.02448 0.0206081
0 0.843191 0.452874 0.0345966 0.0246393
0 0.301119 0.983173 0.0272563 0.021974
0 0.563266 0.736045 0.0205146 0.0207514
0 0.553378 0.815618 0.0230677 0.0200397
0 0.759096 0.571655 0.0206746 0.0187324
0 0.549564 0.409739 0.0373696 0.0174418
0 0.0550242 0.0703726 0.0227934 0.0196082
0 0.436398 0.416944 0.0258934 0.0181662
0 0.133609 0.668075 0.0265377 0.0224601
0 0.0954374 0.829409 0.0279232 0.0257114
0 0.763255 0.269157 0.0295222 0.0272669
0 0.606471 0.106966 0.0212597 0.0180428
0 0.415953 0.0906871 0.0277443 0.0218667
0 0.56245 0.542286 0.024734 0.0189189
0 0.521044 0.725218 0.019807 0.0143402
0 0.531445 0.756173 0.0209448 0.0152997
0 0.309928 0.398921 0.0258127 0.0187441
0 0.698635 0.265752 0.019714 0.0212292
0 0.896681 0.702413 0.0254142 0.0173597
0 0.23531 0.477641 0.0223929 0.021128
0 0.22024 0.385251 0.0203201 0.0187123
0 0.489749 0.85903 0.0230359 0.0199699
0 0.755895 0.329342 0.0205101 0.0197255
0 0.302804 0.440244 0.0252624 0.0194356
0 0.287558 0.0886206 0.0209286 0.0206204
0 0.0201305 0.667927 0.0246126 0.0231273
0 0.154936 0.491008 0.023071 0.0194621
0 0.579177 0.562573 0.0191879 0.0154513
0 0.383675 0.994473 0.022545 0.011054
0 0.80482 0.143902 0.0282817 0.0256088
0 0.689673 0.944444 0.0236469 0.0215018
0 0.668574 0.71711 0.0222051 0.0152948
0 0.518752 0.0787685 0.0240295 0.0198174
0 0.353096 0.229217 0.0245415 0.0238909
0 0.152148 0.100506 0.0182953 0.0177036
0 0.940582 0.38073 0.0211393 0.021254
0 0.409866 0.268584 0.023445 0.0230014
0 0.989281 0.809444 0.0213389 0.0177897
0 0.76239 0.551792 0.0206822 0.0191411
0 0.64856 0.748449 0.0245115 0.025389
0 0.511238 0.258946 0.0217076 0.0200584
0 0.715281 0.176672 0.0223412 0.0205165
0 0.912119 0.0613024 0.0323617 0.0224773
0 0.950147 0.698807 0.022378 0.0248222
0 0.564232 0.584107 0.0201619 0.0184647
0 0.0465364 0.529622 0.0252159 0.020965
0 0.721231 0.97107 0.0244007 0.023879
0 0.679345 0.207107 0.0236121 0.0186246
0 0.994138 0.519007 0.0116466 0.0171931
0 0.825094 0.38863 0.0236073 0.0225812
0 0.745225 0.679757 0.0255542 0.0237541
0 0.632215 0.690364 0.0291792 0.020848
0 0.992861 0.135264 0.0142556 0.0247142
0 0.770093 0.288967 0.0229408 0.0222582
0 0.982987 0.726448 0.0278258 0.0202152
0 0.440815 0.381217 0.02146 0.0196603
0 0.423187 0.644886 0.0226229 0.0213562
0 0.341668 0.0231675 0.0237556 0.0192507
0 0.324002 0.25896 0.0181795 0.0193562
0 0.688202 0.590398 0.0311959 0.0278846
0 0.663891 0.766033 0.0304418 0.0218629
0 0.560676 0.276189 0.0224817 0.0171842
0 0.916035 0.201217 0.0195509 0.0171884
0 0.164071 0.410731 0.0198824 0.0171708
0 0.870093 0.0657433 0.0177417 0.0191411
0 0.143389 0.965316 0.0177802 0.00963348
0 0.777101 0.806012 0.0241849 0.0175822
0 0.140621 0.295437 0.0212674 0.0189755
0 0.893805 0.624654 0.0299149 0.0216405
0 0.700174 0.391497 0.0244474 0.0217811
0 0.615757 0.163248 0.0273017 0.0204424
0 0.574165 0.822133 0.0208303 0.0193323
0 0.990281 0.288389 0.0194378 0.0273156
0 0.0790206 0.204684 0.0213896 0.0175043
0 0.574535 0.179743 0.0183035 0.0171892
0 0.300966 0.135872 0.0230366 0.017281
0 0.855441 0.210406 0.0225374 0.0218764
0 0.905082 0.659775 0.0199608 0.0154151
0 0.719995 0.96704 0.0274306 0.0275061
0 0.978823 0.176304 0.02491 0.0204639
0 0.606396 0.115086 0.0204822 0.0153544
0 0.645261 0.2283 0.0245851 0.0185248
0 0.042904 0.153105 0.0245234 0.0286135
0 0.0445401 0.0725389 0.0228284 0.0203331
0 0.520485 0.573143 0.0269796 0.0241572
0 0.226985 0.508081 0.0315188 0.0284658
0 0.336571 0.238098 0.0208999 0.0155583
0 0.938887 0.472955 0.0236169 0.0206855
0 0.76254 0.129448 0.0226892 0.0191916
0 0.887622 0.660188 0.0208513 0.0180908
0 0.0469544 0.532441 0.0283309 0.0214812
0 0.849281 0.387932 0.0273697 0.0198274
0 0.828684 0.0193184 0.0210035 0.0202367
0 0.0241024 0.111517 0.0392204 0.0235867
0 0.606177 0.79206 0.0255185 0.0221113
0 0.739725 0.375492 0.0331236 0.0254108
0 0.575106 0.595192 0.0181299 0.0154995
0 0.306284 0.239443 0.031367 0.0316347
0 0.0210575 0.694306 0.0219612 0.0247944
0 0.739224 0.175004 0.0233361 0.0198299
0 0.936383 0.214964 0.0186197 0.0171058
0 0.00288079 0.438496 0.00576158 0.020804
0 0.754937 0.77284 0.0292377 0.0271915
0 0.0117307 0.116047 0.0229621 0.0205065
0 0.613662 0.174451 0.0252711 0.0281616
0 0.338102 0.394665 0.0230286 0.0228095
0 0.990721 0.393529 0.0185571 0.0266138
0 0.385817 0.835086 0.0231171 0.0179721
0 0.0905365 0.731782 0.0216025 0.0189415
0 0.875232 0.913718 0.0229036 0.0202808
0 0.624069 0.902272 0.0294041 0.022734
0 0.831045 0.636646 0.0192544 0.0162964
0 0.609363 0.749536 0.0233535 0.0141832
0 0.940201 0.215764 0.0253025 0.0186939
0 0.224601 0.515716 0.0246194 0.0177979
0 0.644024 0.809316 0.0263373 0.0201851
0 0.172029 0.14491 0.0287935 0.0200755
0 0.78467 0.156371 0.0232263 0.0220812
0 0.388809 0.478331 0.0256937 0.0207695
0 0.141189 0.800494 0.0262337 0.0290776
0 0.509812 0.401554 0.02177 0.0171664
0 0.343295 0.0253035 0.0278245 0.0232056
0 0.992517 0.688076 0.0148423 0.0242593
0 0.526033 0.452976 0.0198424 0.0171322
0 0.698101 0.0183598 0.0303863 0.017813
0 0.821667 0.674066 0.0260005 0.0296743
