0 0.969982 0.988114 0.0154455 0.0136511
0 0.725666 0.954135 0.0169587 0.0128061
0 0.182672 0.644864 0.0139633 0.0118744
0 0.513055 0.714397 0.0151795 0.0125447
0 0.789854 0.768759 0.016148 0.0117116
0 0.911287 0.0572795 0.0145655 0.0132997
0 0.171578 0.753066 0.0158208 0.0147867
0 0.716 0.728783 0.0120156 0.0110819
0 0.108122 0.44477 0.0140425 0.0128993
0 0.644772 0.921563 0.0134969 0.0112259
0 0.186044 0.898552 0.0135342 0.0122981
0 0.0661579 0.87868 0.0151323 0.0124638
0 0.150316 0.66668 0.0139901 0.0117531
0 0.0131947 0.988454 0.0179652 0.013584
0 0.769481 0.795738 0.0172372 0.0142074
0 0.363791 0.322532 0.0155057 0.0143657
0 0.976973 0.823823 0.0155498 0.0127537
0 0.692984 0.705863 0.0140129 0.0119806
0 0.545768 0.722374 0.0186365 0.0129274
0 0.609451 0.50637 0.0148888 0.0110254
0 0.486869 0.996357 0.0166962 0.0072853
0 0.625095 0.791128 0.0170173 0.0121045
0 0.66578 0.927964 0.0124041 0.0104316
0 0.336235 0.744748 0.0129377 0.0119837
0 0.603906 0.43704 0.0151592 0.0114329
0 0.226459 0.985729 0.0140025 0.011672
0 0.310358 0.479386 0.0131221 0.0116061
0 0.470636 0.99676 0.0159889 0.00648034
0 0.358651 0.782708 0.0156078 0.0145348
0 0.943566 0.551927 0.0144514 0.0130033
0 0.356704 0.854002 0.0134026 0.0106152
0 0.305029 0.905716 0.0176388 0.0135274
0 0.681568 0.741883 0.0148325 0.0138576
0 0.879885 0.597121 0.0140367 0.0116978
0 0.0659903 0.451837 0.0157633 0.0134073
0 0.691707 0.538421 0.0124291 0.0119754
0 0.309182 0.703339 0.0164974 0.0135862
0 0.172538 0.571993 0.0148752 0.011879
0 0.538808 0.0708692 0.014078 0.0121647
0 0.564825 0.484223 0.0135965 0.0114313
0 0.527315 0.190029 0.0133779 0.012377
0 0.0299271 0.0691023 0.014848 0.0130372
0 0.884973 0.701918 0.0134198 0.0133386
0 0.748515 0.48444 0.0153477 0.0133307
0 0.670996 0.43753 0.0126225 0.0115124
0 0.246713 0.323673 0.0151513 0.0132335
0 0.762619 0.649727 0.0142699 0.013578
0 0.383921 0.910904 0.0149465 0.0127346
0 0.597816 0.55897 0.0151255 0.0131509
0 0.540755 0.686449 0.0152158 0.0135019
0 0.475117 0.980448 0.0141869 0.0112941
0 0.0912139 0.996994 0.0201812 0.0060125
0 0.95299 0.751227 0.0133188 0.011385
0 0.51124 0.0708224 0.0120223 0.00997829
0 0.820251 0.841994 0.0169064 0.0138944
0 0.929362 0.015093 0.0170473 0.0138491
0 0.0142566 0.962721 0.0183273 0.0159318
0 0.593312 0.892682 0.0153445 0.0123348
0 0.0225515 0.0934582 0.0173438 0.0136194
0 0.943232 0.0201513 0.0139209 0.0130004
0 0.272315 0.0492182 0.0145445 0.0128941
0 0.783613 0.417425 0.0130699 0.0105675
0 0.0970939 0.0140937 0.0169743 0.0121971
0 0.787358 0.350143 0.0120484 0.0122723
0 0.588441 0.350756 0.0156446 0.0117701
0 0.927955 0.876631 0.0150494 0.0133195
0 0.109354 0.489018 0.0152165 0.0121185
0 0.512824 0.680589 0.0157513 0.0141364
0 0.49508 0.798445 0.0119979 0.0137003
0 0.13883 0.528577 0.0137477 0.0112473
0 0.862615 0.581554 0.0139518 0.0111941
0 0.628889 0.724245 0.0132107 0.0122398
0 0.416808 0.460943 0.0133058 0.0117604
0 0.928313 0.759651 0.0161967 0.0138747
0 0.447831 0.925554 0.0155352 0.015211
0 0.650504 0.952788 0.0145242 0.0130526
0 0.88827 0.357247 0.0130758 0.0117978
0 0.453161 0.607875 0.0139181 0.0126054
0 0.400253 0.49529 0.0129548 0.0112841
0 0.314586 0.869199 0.0160189 0.0123258
0 0.493157 0.650704 0.014423 0.0115529
0 0.446996 0.573829 0.0124694 0.0121686
0 0.618156 0.00601414 0.0133344 0.0119157
0 0.134063 0.83696 0.0139349 0.0117368
0 0.236234 0.900583 0.0167391 0.0149322
0 0.352807 0.988439 0.0168757 0.0134331
0 0.757139 0.843536 0.0167769 0.0133206
0 0.926626 0.989275 0.0128753 0.0110471
0 0.273075 0.223273 0.0128275 0.0118646
0 0.339808 0.67669 0.0182748 0.0150712
0 0.284268 0.735245 0.0158941 0.0137303
0 0.710998 0.175989 0.015017 0.0144931
0 0.451271 0.748903 0.0201434 0.0121717
0 0.409607 0.566388 0.0138545 0.0125479
0 0.783907 0.614354 0.0156705 0.0145088
0 0.126111 0.58476 0.0126406 0.0108144
0 0.068959 0.946738 0.0185727 0.0138076
0 0.522762 0.531958 0.0136018 0.0115628
0 0.686307 0.925019 0.014788 0.0143909
0 0.414905 0.788435 0.0121049 0.0115285
0 0.773347 0.558432 0.016285 0.0155234
0 0.675843 0.356145 0.0122828 0.011716
0 0.11812 0.572343 0.0153839 0.0115032
0 0.200125 0.892414 0.0168214 0.013967
0 0.543595 0.889524 0.0151284 0.0132027
0 0.430727 0.20735 0.0120283 0.0112396
0 0.337544 0.445846 0.0138741 0.0116633
0 0.507892 0.618809 0.0162212 0.0138954
0 0.720173 0.152994 0.0138052 0.0129731
0 0.53105 0.431366 0.0129999 0.0122963
0 0.150737 0.703431 0.014678 0.0127956
0 0.273641 0.0789596 0.0143227 0.0110483
0 0.29493 0.814038 0.0154493 0.0130045
0 0.631202 0.0695596 0.0153131 0.0133187
0 0.491053 0.864718 0.0174929 0.0151992
0 0.300312 0.110183 0.0146017 0.0120281
0 0.994181 0.794744 0.0116381 0.0115989
0 0.721995 0.850015 0.0174733 0.0138339
0 0.216906 0.767255 0.0165685 0.0138909
0 0.650011 0.659857 0.014325 0.0134715
0 0.602389 0.667564 0.0127695 0.00976384
0 0.4378 0.546566 0.0128725 0.0114253
0 0.506763 0.426784 0.0132967 0.0122693
0 0.959943 0.911308 0.0151481 0.0120612
0 0.36321 0.757756 0.0136701 0.011534
0 0.820731 0.217274 0.0136871 0.0135982
0 0.570322 0.0599593 0.017341 0.0140808
0 0.19654 0.751553 0.0131847 0.010913
0 0.516968 0.277268 0.012177 0.0109285
0 0.958145 0.565696 0.012447 0.0125882
0 0.531837 0.758645 0.0139716 0.0113626
0 0.242972 0.0798887 0.0139251 0.0106804
0 0.719794 0.429135 0.0125612 0.0114703
0 0.751566 0.793081 0.01582 0.0132258
0 0.638551 0.309452 0.0157698 0.0130795
0 0.557993 0.669563 0.0128925 0.0126733
0 0.379795 0.750282 0.0150114 0.014622
0 0.574373 0.200143 0.0129308 0.0111878
0 0.0675767 0.991267 0.0175007 0.0144196
0 0.0227827 0.856684 0.014462 0.013356
0 0.982109 0.517311 0.0152156 0.0129851
0 0.635703 0.903278 0.0142002 0.0131219
0 0.750839 0.833159 0.0151758 0.0128258
0 0.803767 0.390645 0.0137641 0.0109695
0 0.245026 0.555356 0.0138061 0.0128454
0 0.034065 0.842888 0.0161597 0.0121006
0 0.59571 0.206611 0.0107668 0.00957111
0 0.278072 0.0125545 0.0137853 0.0120877
0 0.787456 0.675036 0.0108566 0.0112082
0 0.665684 0.14949 0.0121663 0.0112226
0 0.704147 0.345961 0.0128778 0.0129714
0 0.735027 0.57009 0.0133957 0.012364
0 0.493682 0.937963 0.0124254 0.011783
0 0.869042 0.644584 0.012176 0.0106865
0 0.0822351 0.600946 0.0134344 0.0125268
0 0.701564 0.873109 0.0131384 0.0124392
0 0.692672 0.00568862 0.0128962 0.0113772
0 0.86621 0.521427 0.0125051 0.0120731
0 0.552516 0.213313 0.0127439 0.01089
0 0.467942 0.409529 0.0121598 0.0118496
0 0.799426 0.424709 0.0127245 0.0108222
0 0.0469631 0.555155 0.013247 0.0106355
0 0.952512 0.0264993 0.0118158 0.0109243
0 0.711767 0.217569 0.0138192 0.0135311
0 0.369978 0.878462 0.0146463 0.0135474
0 0.806941 0.544367 0.0144825 0.0118621
0 0.00657421 0.390327 0.0131484 0.0109526
0 0.0876435 0.461698 0.0141521 0.0118851
0 0.704296 0.374637 0.0142644 0.0109878
0 0.288412 0.758754 0.0150689 0.0117967
0 0.483155 0.812038 0.013324 0.012097
0 0.310809 0.772843 0.0145984 0.016098
0 0.992724 0.544948 0.0145514 0.0123082
0 0.555399 0.952916 0.0186303 0.0164117
0 0.736017 0.260187 0.0165291 0.0138299
0 0.916556 0.956757 0.0139248 0.0107428
0 0.182125 0.545964 0.0130112 0.0121853
0 0.703437 0.615669 0.0146192 0.0130616
0 0.0652747 0.716163 0.0146782 0.0123057
0 0.662735 0.611437 0.014296 0.0133675
0 0.536959 0.217312 0.0119615 0.00989358
0 0.149587 0.597146 0.0153141 0.0114306
0 0.364724 0.731135 0.016411 0.0139151
0 0.379766 0.618199 0.0165266 0.0132589
0 0.382497 0.656939 0.0170993 0.0152904
0 0.815029 0.249321 0.0203916 0.0141345
0 0.353657 0.823576 0.0176221 0.0149851
0 0.450515 0.0142376 0.0140632 0.0112667
0 0.897058 0.760969 0.0164587 0.0154763
0 0.359126 0.52337 0.0166196 0.0116832
0 0.397386 0.0106366 0.0127807 0.0133288
0 0.283741 0.207488 0.0128484 0.0110961
0 0.526976 0.0493099 0.0146993 0.01236
0 0.517122 0.867424 0.0130221 0.0108246
0 0.629997 0.490509 0.0130826 0.0109538
0 0.576 0.0281286 0.0140424 0.0116869
0 0.689054 0.846252 0.0125561 0.0107654
0 0.484344 0.548102 0.01403 0.0125262
0 0.341926 0.57803 0.0122759 0.0107318
0 0.719426 0.699276 0.0135342 0.012053
0 0.976513 0.708938 0.0177011 0.011735
0 0.250815 0.755551 0.0164964 0.0136737
0 0.527568 0.115155 0.0151505 0.0133194
0 0.0119784 0.0307422 0.0140112 0.0123495
0 0.725713 0.376792 0.0157166 0.0110007
0 0.937175 0.531162 0.0116045 0.0118865
0 0.382572 0.479184 0.0124043 0.0117369
0 0.749274 0.122347 0.0122064 0.0116327
0 0.225582 0.986586 0.0174495 0.0138069
0 0.547912 0.634718 0.0140226 0.0123417
0 0.688318 0.836638 0.0123697 0.0106821
0 0.859254 0.728727 0.0161331 0.0120834
0 0.388777 0.984847 0.0149117 0.0140462
0 0.707658 0.0258341 0.0131732 0.0108036
0 0.260209 0.00984646 0.0126841 0.0115902
0 0.674485 0.788763 0.0131679 0.0119603
0 0.645867 0.850647 0.0198492 0.0104146
0 0.444409 0.520542 0.01467 0.0122944
0 0.851768 0.750747 0.0164477 0.0147335
0 0.107305 0.809321 0.0127195 0.011412
0 0.450486 0.54223 0.0166154 0.0122987
0 0.864642 0.868941 0.0228444 0.01237
0 0.203048 0.814853 0.013241 0.0130274
0 0.653595 0.0539718 0.0133798 0.012642
0 0.439807 0.468445 0.0144081 0.0114812
0 0.771392 0.456078 0.0115138 0.00915137
0 0.612009 0.608473 0.0144185 0.0114765
0 0.626581 0.847729 0.0150585 0.0128578
0 0.429726 0.56514 0.0133127 0.0115777
0 0.835859 0.734549 0.0151499 0.013607
0 0.599947 0.169592 0.0145549 0.0132868
0 0.908733 0.943684 0.0131847 0.00986761
0 0.709007 0.0375447 0.0134901 0.011916
0 0.419832 0.703651 0.014852 0.0131542
0 0.647619 0.150139 0.0116776 0.0113614
0 0.587477 0.650762 0.0157802 0.0128447
0 0.331241 0.327248 0.0140266 0.0129769
0 0.0989664 0.213346 0.0153729 0.0112615
0 0.0276361 0.409634 0.0116018 0.0113134
0 0.656314 0.783186 0.0166603 0.0146189
0 0.581403 0.26091 0.0129432 0.0117011
0 0.72868 0.394019 0.0120919 0.0117048
0 0.937829 0.113119 0.0164204 0.0133663
0 0.414677 0.826125 0.0127761 0.0116425
0 0.193463 0.584371 0.0138371 0.0121103
0 0.239335 0.650352 0.0139118 0.0119748
0 0.0152803 0.405083 0.0123773 0.0122752
0 0.0720147 0.38372 0.0139234 0.0120409
0 0.648602 0.0114142 0.0141944 0.0134816
0 0.573756 0.249788 0.0154766 0.0121459
0 0.703086 0.531008 0.0121589 0.0129608
0 0.413146 0.771771 0.0169309 0.0143595
0 0.936848 0.698353 0.0168525 0.0139079
0 0.803781 0.576146 0.0124112 0.0119127
0 0.899331 0.288638 0.0142117 0.0117321
0 0.655091 0.430531 0.0121908 0.0109268
0 0.607553 0.236127 0.0128148 0.0111525
0 0.816188 0.828972 0.0209513 0.0130103
0 0.851637 0.613274 0.0124489 0.0115916
0 0.0588133 0.979409 0.0122455 0.0124099
0 0.0281941 0.271863 0.0121841 0.0113463
0 0.961622 0.505438 0.0133319 0.0104578
0 0.0340003 0.966597 0.0155739 0.0125359
0 0.273594 0.827722 0.0163918 0.0161383
0 0.597232 0.781551 0.0188251 0.01661
0 0.926937 0.97453 0.0123401 0.0124177
0 0.0911119 0.571896 0.0147269 0.00973654
0 0.242677 0.19643 0.0168189 0.0130276
0 0.665367 0.165776 0.013491 0.0122252
0 0.589839 0.968037 0.021283 0.0176018
0 0.377733 0.520518 0.0141188 0.0133775
0 0.843219 0.220155 0.0143027 0.0106671
0 0.984218 0.957789 0.0132917 0.00933903
0 0.697434 0.47563 0.0122895 0.0106993
0 0.00463747 0.116672 0.00927495 0.0125806
0 0.243186 0.147747 0.0135902 0.011733
0 0.733819 0.239579 0.0124872 0.0119289
0 0.509338 0.635018 0.0156497 0.0136212
0 0.72777 0.0486004 0.0126743 0.0124016
0 0.385376 0.238706 0.0138258 0.011889
0 0.00745076 0.612519 0.0149015 0.0139971
0 0.504963 0.404108 0.013032 0.0126391
0 0.760976 0.0739599 0.0129057 0.0114627
0 0.23964 0.860354 0.0137773 0.0130911
0 0.0404454 0.730949 0.0181638 0.0146476
0 0.571827 0.606027 0.01524 0.0139602
0 0.510422 0.217278 0.0133981 0.0117315
0 0.0364394 0.35169 0.0128459 0.0114855
0 0.544479 0.0253971 0.0179794 0.013351
0 0.360687 0.244136 0.0140501 0.0127884
0 0.76386 0.116997 0.0180997 0.013731
0 0.594926 0.0282936 0.014145 0.0122737
0 0.294921 0.467331 0.0141208 0.0121684
0 0.520544 0.724897 0.0195905 0.00984532
0 0.43683 0.909714 0.0145675 0.0135427
0 0.217603 0.692895 0.0141331 0.0137415
0 0.931633 0.714177 0.0122931 0.0109134
0 0.512114 0.47436 0.0150765 0.0129977
0 0.800254 0.93439 0.0193265 0.0172411
0 0.367627 0.44319 0.0156476 0.0101166
0 0.132074 0.558386 0.0171699 0.0145357
0 0.548253 0.326088 0.0125267 0.011347
0 0.584991 0.00286236 0.0120707 0.00572472
0 0.853894 0.627716 0.0158437 0.0148309
0 0.835677 0.303612 0.0119038 0.0109252
0 0.760634 0.960123 0.0120152 0.0106623
0 0.992165 0.34103 0.0148783 0.0133932
0 0.00439155 0.372785 0.0087831 0.0122202
0 0.126361 0.612285 0.0213447 0.0134245
0 0.182509 0.681221 0.0150799 0.0121266
0 0.743002 0.722961 0.0148396 0.0123278
0 0.893521 0.337315 0.0130209 0.0101255
0 0.819553 0.538734 0.013991 0.0143249
0 0.299787 0.933091 0.0156155 0.0136226
0 0.260916 0.527458 0.0140742 0.01333
0 0.747818 0.954628 0.0102364 0.0108021
0 0.585251 0.481052 0.0143059 0.0130469
0 0.474765 0.396847 0.0144095 0.0116917
0 0.453595 0.990271 0.0205009 0.0155357
0 0.670967 0.628343 0.0141668 0.0125046
0 0.867397 0.214421 0.0118924 0.0109941
0 0.915723 0.615515 0.0127482 0.0111288
0 0.860656 0.344234 0.0123591 0.0124975
0 0.429279 0.488585 0.0170431 0.0148325
0 0.592128 0.631169 0.0148789 0.012631
0 0.303536 0.12182 0.0127341 0.0103007
0 0.486453 0.595347 0.016383 0.0136847
0 0.745064 0.530226 0.012944 0.01165
0 0.78482 0.954774 0.0175655 0.0166919
0 0.231842 0.845704 0.0168596 0.0154378
0 0.404785 0.138828 0.0137889 0.0110441
0 0.873615 0.751796 0.0154572 0.013593
0 0.557924 0.884609 0.0130984 0.0114868
0 0.700333 0.564892 0.0155731 0.0132664
0 0.260066 0.202269 0.0145471 0.011864
0 0.666028 0.458562 0.0138379 0.0126169
0 0.75853 0.0857753 0.0141511 0.0122177
0 0.990008 0.35504 0.0113409 0.0112926
0 0.266822 0.123509 0.0152588 0.0131412
0 0.0895367 0.443129 0.0130468 0.0118105
0 0.720671 0.0317766 0.0136438 0.0117699
0 0.727225 0.709059 0.0122148 0.0107077
0 0.737944 0.142113 0.0119712 0.0112582
0 0.886173 0.326545 0.0167944 0.0115688
0 0.0882271 0.89035 0.0143213 0.0128627
0 0.770015 0.858044 0.0140452 0.0124425
0 0.734092 0.226137 0.0147334 0.0131023
0 0.665399 0.0191558 0.0128156 0.0105837
0 0.139757 0.454714 0.0174534 0.0143885
0 0.0215784 0.504764 0.0124616 0.0103098
0 0.0941778 0.476629 0.0167426 0.0132685
0 0.976037 0.783628 0.0116091 0.0109197
0 0.40443 0.527678 0.0131187 0.0116777
0 0.876562 0.223282 0.0136052 0.0136623
0 0.560399 0.162117 0.0165207 0.0141621
0 0.233292 0.827438 0.0151844 0.0133988
0 0.237017 0.745305 0.0172987 0.0140929
0 0.888384 0.838057 0.0133079 0.0119441
0 0.124969 0.448 0.0144747 0.0119047
0 0.584685 0.934092 0.0150242 0.0136634
0 0.68163 0.821565 0.0159075 0.0137839
0 0.751858 0.542768 0.0143642 0.0121023
0 0.708398 0.776731 0.0116209 0.0114665
0 0.861977 0.398815 0.012567 0.0119093
0 0.249925 0.460877 0.0140529 0.0112184
0 0.840424 0.20009 0.0130296 0.0125173
0 0.207593 0.410712 0.0157193 0.0140381
0 0.959605 0.581157 0.0144088 0.0122047
0 0.687666 0.861849 0.0168887 0.0148358
0 0.943795 0.205119 0.0139339 0.0127642
0 0.733033 0.729711 0.0150806 0.0128416
0 0.659428 0.226451 0.0120336 0.0108897
0 0.124333 0.0283003 0.0145855 0.0122376
0 0.878703 0.191268 0.0138855 0.0133846
0 0.603894 0.0134893 0.015505 0.012211
0 0.33271 0.805407 0.0175224 0.0140897
0 0.132237 0.599524 0.0122159 0.0107061
0 0.77241 0.307126 0.0138651 0.0125661
0 0.632807 0.376692 0.0141374 0.0134437
0 0.376044 0.676191 0.0164563 0.0103676
0 0.00874887 0.0520186 0.0140076 0.0124278
0 0.870077 0.710612 0.0146113 0.0120122
0 0.334441 0.368483 0.0127388 0.0114447
0 0.823421 0.857462 0.0146853 0.0133066
0 0.777863 0.526209 0.014093 0.0132691
0 0.0734318 0.914228 0.0131261 0.0134358
0 0.871504 0.957094 0.0128093 0.0127687
0 0.511319 0.100909 0.0113485 0.0087984
0 0.576036 0.393449 0.0130406 0.0120569
0 0.352929 0.315637 0.0141391 0.0126726
0 0.925562 0.554993 0.0126031 0.0111604
0 0.005486 0.842135 0.010972 0.0137933
0 0.695306 0.44507 0.0139797 0.0122929
0 0.596215 0.491677 0.0117886 0.00993267
0 0.415771 0.604649 0.0139581 0.0111702
0 0.748017 0.898563 0.0187816 0.0163443
0 0.613984 0.134885 0.0142658 0.01239
0 0.572073 0.0612405 0.0215271 0.0190834
0 0.901515 0.193125 0.0152578 0.0110077
0 0.196396 0.773075 0.0137558 0.0116122
0 0.619799 0.524648 0.0152562 0.0131935
0 0.042607 0.634121 0.0133593 0.0120993
0 0.680021 0.718158 0.0164059 0.0144935
0 0.0702389 0.55459 0.0126018 0.0110654
0 0.991411 0.285456 0.0156276 0.0119672
0 0.769647 0.665172 0.0178062 0.0174577
0 0.335783 0.34898 0.0122795 0.0114137
0 0.19519 0.570319 0.0177431 0.0146955
0 0.593004 0.597708 0.0159804 0.0130824
0 0.85709 0.908279 0.0201182 0.0151994
0 0.728617 0.279879 0.0134803 0.0114131
0 0.693074 0.759866 0.0110999 0.0111373
0 0.577031 0.157164 0.0173291 0.0137591
0 0.30469 0.442319 0.0123376 0.0105909
0 0.765403 0.292873 0.0141855 0.0126124
0 0.302889 0.194497 0.0149574 0.0141669
0 0.649633 0.283507 0.013219 0.0123526
0 0.923665 0.963501 0.0102734 0.0119402
0 0.789524 0.170707 0.0147877 0.0128647
0 0.659965 0.0405303 0.0121539 0.0106177
0 0.599129 0.732162 0.0139023 0.0113376
0 0.0151668 0.00525289 0.011997 0.0105058
0 0.821679 0.0230387 0.0145166 0.0118995
0 0.0464312 0.0756454 0.0144874 0.0127832
0 0.0857083 0.921704 0.0151284 0.0131323
0 0.491667 0.488248 0.0141959 0.0124431
0 0.148285 0.0417597 0.0126742 0.0114708
0 0.783126 0.840282 0.013521 0.00952601
0 0.692065 0.182619 0.0123106 0.00974184
0 0.111666 0.113666 0.0121749 0.0104085
0 0.755241 0.979945 0.0133874 0.0130057
0 0.0435674 0.747135 0.0140494 0.0120116
0 0.420409 0.595314 0.0143217 0.0109693
0 0.745562 0.00726632 0.0122807 0.0131524
0 0.707498 0.134571 0.0129609 0.0107791
0 0.342419 0.336531 0.0130413 0.011986
0 0.120753 0.0495269 0.0124931 0.0110506
0 0.92164 0.480721 0.0136607 0.0117282
0 0.00933124 0.586109 0.0148546 0.0116677
0 0.259681 0.111266 0.0179031 0.0125165
0 0.0700587 0.655409 0.0216398 0.0109227
0 0.710667 0.10237 0.0168821 0.0132182
0 0.681051 0.212139 0.0136711 0.0108653
0 0.193943 0.338509 0.0128512 0.0111961
0 0.873311 0.367452 0.0137053 0.0124869
0 0.0535325 0.0559528 0.0123635 0.0104916
0 0.467641 0.485516 0.0139584 0.011549
0 0.827918 0.884056 0.012634 0.010514
0 0.701174 0.359137 0.0147762 0.0123599
0 0.912688 0.973125 0.0150084 0.013567
0 0.232651 0.2969 0.014911 0.0135022
0 0.652035 0.519607 0.0137292 0.0132011
0 0.914734 0.204756 0.0136183 0.0130821
0 0.182558 0.67851 0.0158026 0.017327
0 0.560416 0.614973 0.0143335 0.00969422
0 0.525466 0.217215 0.0118025 0.0107158
0 0.361911 0.57287 0.014041 0.0129586
0 0.993991 0.229042 0.010611 0.01061
0 0.532205 0.281228 0.012251 0.0120179
0 0.646794 0.969931 0.0165597 0.0129524
0 0.20027 0.108066 0.014267 0.0110942
0 0.466242 0.764342 0.0183845 0.0126774
0 0.572036 0.669323 0.0159398 0.0133238
0 0.122667 0.746834 0.0130744 0.0112213
0 0.267982 0.182957 0.0144952 0.0109067
0 0.990588 0.753689 0.0146657 0.0120742
0 0.490401 0.825731 0.0135888 0.0124837
0 0.170873 0.185334 0.0127228 0.0119256
0 0.654595 0.366323 0.0166873 0.0122976
0 0.410131 0.581267 0.0114533 0.00993317
0 0.411659 0.85642 0.0141294 0.0117176
0 0.789722 0.0963793 0.0162792 0.0117739
0 0.440695 0.941634 0.0109516 0.0103445
0 0.0252042 0.556348 0.0113741 0.0117118
0 0.621581 0.821369 0.0176864 0.0134279
0 0.48125 0.948509 0.0152965 0.0137756
0 0.649049 0.872339 0.0123382 0.0129851
0 0.0991369 0.857147 0.0175102 0.0118228
0 0.0857171 0.130869 0.0128426 0.0115123
0 0.0047029 0.414693 0.00940581 0.0131606
0 0.483736 0.884325 0.0143737 0.0136914
0 0.228129 0.159802 0.0122791 0.0121403
0 0.983349 0.379472 0.0134881 0.0126076
0 0.107626 0.747012 0.0128104 0.0108327
0 0.558705 0.7463 0.0150328 0.0124196
0 0.600944 0.277272 0.0122285 0.0118046
0 0.962037 0.322517 0.0146593 0.0156352
0 0.0440962 0.0209748 0.0127812 0.0126667
0 0.613596 0.0391373 0.0124344 0.0114485
0 0.526533 0.637393 0.0177935 0.0168505
0 0.549308 0.584112 0.0125325 0.010657
0 0.589455 0.224522 0.0119172 0.00970894
0 0.506944 0.753328 0.0138673 0.00811362
0 0.341184 0.136773 0.0141012 0.0124042
0 0.406087 0.891026 0.0144582 0.0115659
0 0.415833 0.429035 0.0153856 0.0147885
0 0.113005 0.378693 0.0136218 0.011752
0 0.783337 0.829924 0.0171562 0.0132893
0 0.169631 0.701511 0.0137015 0.0119986
0 0.898914 0.522926 0.0197999 0.0134241
0 0.663559 0.261569 0.0200155 0.0155473
0 0.688238 0.373182 0.0132238 0.0109484
0 0.608388 0.316593 0.0148734 0.0126992
0 0.0764122 0.35752 0.013921 0.013657
0 0.0390063 0.60249 0.0152478 0.0128247
0 0.647426 0.354813 0.0136719 0.0112831
0 0.702821 0.0851608 0.0136923 0.0120788
0 0.660321 0.415136 0.0137981 0.0119842
0 0.561389 0.99206 0.0219334 0.0154703
0 0.397643 0.472441 0.0140327 0.01275
0 0.824664 0.279704 0.0129659 0.0130241
0 0.94363 0.224493 0.0173862 0.0138486
0 0.950525 0.964184 0.0107785 0.0114093
0 0.28826 0.486514 0.0124586 0.0110845
0 0.505666 0.253933 0.0126089 0.0115515
0 0.633313 0.597871 0.013515 0.0130935
0 0.773916 0.586753 0.0122999 0.00966644
0 0.453903 0.693711 0.0152533 0.0112867
0 0.505651 0.452308 0.0129385 0.0140107
0 0.583921 0.833952 0.0165956 0.0131545
0 0.778905 0.152462 0.0144413 0.00943917
0 0.070908 0.299967 0.0151968 0.0117653
0 0.60974 0.379909 0.016403 0.0138922
0 0.19411 0.550405 0.0145217 0.0121621
0 0.349876 0.805914 0.012492 0.0110957
0 0.160869 0.33251 0.0138942 0.0122602
0 0.2758 0.239773 0.0127816 0.0115197
0 0.676633 0.392042 0.0132938 0.0120565
0 0.476979 0.827335 0.0150561 0.0151598
0 0.835241 0.654861 0.0177502 0.0161817
0 0.371248 0.962186 0.0133636 0.0130266
0 0.772301 0.996408 0.0119781 0.00718337
0 0.838026 0.379844 0.0150484 0.0112922
0 0.0682871 0.642674 0.0216466 0.0136192
0 0.437325 0.227146 0.0133349 0.0110766
0 0.122307 0.856076 0.015123 0.0131531
0 0.475913 0.446386 0.0176831 0.0158591
0 0.203102 0.119017 0.011507 0.011848
0 0.922644 0.391132 0.0149682 0.0119228
0 0.628625 0.617818 0.0153266 0.0136876
0 0.898877 0.203342 0.0129544 0.0107786
0 0.0534521 0.684565 0.0134156 0.0122916
0 0.548516 0.277309 0.0120822 0.0103668
0 0.673423 0.139651 0.0128442 0.0114194
0 0.071992 0.469385 0.014778 0.011567
0 0.746727 0.24742 0.0130417 0.0123883
0 0.724798 0.177518 0.0135016 0.0121878
0 0.558356 0.453064 0.0132642 0.0130904
0 0.472807 0.930912 0.0109454 0.010539
0 0.379277 0.116853 0.0164796 0.0159107
0 0.165374 0.0969069 0.0110554 0.0108684
0 0.803216 0.474476 0.015164 0.0107442
0 0.246554 0.0972104 0.0153601 0.0120645
0 0.0272281 0.60929 0.0196154 0.0117112
0 0.250237 0.241094 0.0145353 0.00938651
0 0.185666 0.700277 0.0143519 0.0127818
0 0.459334 0.0810982 0.0149246 0.0130679
0 0.674362 0.31001 0.0134091 0.0113338
0 0.388119 0.0820449 0.0146518 0.0142829
0 0.564488 0.378644 0.0135274 0.0123356
0 0.540693 0.472316 0.0168352 0.0129286
0 0.417441 0.529307 0.0148019 0.0111782
0 0.198651 0.698904 0.0101658 0.0162086
0 0.911004 0.703394 0.0125849 0.0105714
0 0.28372 0.911145 0.024798 0.0150036
0 0.179286 0.838424 0.0168955 0.0135998
0 0.060598 0.809298 0.0160735 0.0134884
0 0.327014 0.189958 0.0158966 0.0146
0 0.430402 0.388995 0.0124081 0.0118152
0 0.530547 0.0849823 0.0112707 0.0106145
0 0.374316 0.780102 0.0149294 0.0119864
0 0.032779 0.145846 0.012941 0.0109067
0 0.944225 0.591003 0.016734 0.0136611
0 0.0981431 0.174056 0.0137648 0.0122354
0 0.884555 0.720683 0.011972 0.0111986
0 0.779051 0.450733 0.0127482 0.010988
0 0.0682406 0.598383 0.0129049 0.0111933
0 0.457946 0.026782 0.0115732 0.0114204
0 0.482117 0.681945 0.0183463 0.011614
0 0.996297 0.154913 0.00735933 0.0115373
0 0.81116 0.14224 0.0143928 0.011285
0 0.589733 0.667616 0.0125396 0.0108729
0 0.524842 0.345557 0.0164303 0.0141948
0 0.755774 0.444994 0.0128552 0.011623
0 0.659858 0.873546 0.0116085 0.0117483
0 0.471088 0.958128 0.0121179 0.0124483
0 0.336421 0.604222 0.0153837 0.014465
0 0.561881 0.688979 0.0143906 0.0116884
0 0.642909 0.324609 0.0111462 0.0106759
0 0.833246 0.321366 0.0121856 0.0110002
0 0.909395 0.549194 0.0155883 0.0134122
0 0.918917 0.0658137 0.0131873 0.010894
0 0.734844 0.0868441 0.0128142 0.0117185
0 0.573776 0.0972372 0.01328 0.0124104
0 0.0101852 0.298613 0.0108545 0.0116976
0 0.558159 0.235662 0.0167118 0.0123384
0 0.0771004 0.485302 0.0206372 0.0167152
0 0.468812 0.522377 0.0149841 0.0142467
0 0.871439 0.56274 0.0147903 0.0138274
0 0.377017 0.174006 0.0151876 0.0121988
0 0.947204 0.924079 0.013902 0.0136371
0 0.495155 0.672817 0.0113534 0.0131258
0 0.675556 0.278679 0.0132394 0.0103036
0 0.118716 0.636506 0.0227728 0.0139048
0 0.93664 0.0343344 0.0128599 0.0113579
0 0.138528 0.0220718 0.0137536 0.0127291
0 0.35047 0.434068 0.0136365 0.0108472
0 0.551237 0.437421 0.0146531 0.0129802
0 0.533189 0.323089 0.0138341 0.015923
0 0.815802 0.460516 0.0151321 0.0104912
0 0.964968 0.700748 0.0167116 0.012058
0 0.483164 0.256747 0.0134079 0.0110117
0 0.0918605 0.195162 0.0124216 0.0105625
0 0.80904 0.0266474 0.0117295 0.0117884
0 0.443574 0.0308788 0.0135916 0.0121294
0 0.224279 0.663216 0.0189545 0.0172111
0 0.796518 0.410842 0.0121346 0.0117052
0 0.628737 0.997002 0.0137792 0.00599676
0 0.117342 0.813903 0.0128997 0.00971711
0 0.541761 0.575705 0.0132259 0.0118483
0 0.0274292 0.496232 0.0129719 0.00870579
0 0.0914746 0.327876 0.0137203 0.0119983
0 0.496653 0.565171 0.00767925 0.0120026
0 0.988842 0.807448 0.0114824 0.0104821
0 0.31964 0.719935 0.0144237 0.0135953
0 0.78666 0.277582 0.011156 0.0127832
0 0.329198 0.955228 0.0194722 0.0172372
0 0.0448588 0.1387 0.0142776 0.011713
0 0.295391 0.955869 0.0169812 0.0155854
0 0.743482 0.654238 0.0116856 0.0096994
0 0.613746 0.278794 0.013284 0.0116704
0 0.947486 0.0550688 0.0147614 0.0115131
0 0.0724339 0.812734 0.0162922 0.0112439
0 0.943804 0.092505 0.0169295 0.0117704
0 0.431654 0.934144 0.013463 0.0112707
0 0.266112 0.801041 0.0145535 0.0127387
0 0.291186 0.399811 0.0161832 0.0127042
0 0.743083 0.0925554 0.0122924 0.0113029
0 0.229107 0.283303 0.0130044 0.0124103
0 0.952449 0.193093 0.0140932 0.0119924
0 0.0319371 0.118556 0.013382 0.0120703
0 0.0641681 0.0961636 0.0135322 0.0127409
0 0.637154 0.742178 0.0158383 0.0125619
0 0.204608 0.329501 0.0153864 0.0126785
0 0.95658 0.239301 0.0106795 0.0107727
0 0.0599467 0.787129 0.0182248 0.0169095
0 0.472587 0.154312 0.0126844 0.0115746
0 0.150632 0.440102 0.0166804 0.0145176
0 0.1014 0.40929 0.0127602 0.011655
0 0.113494 0.164916 0.0129086 0.0108952
0 0.672956 0.292213 0.0116413 0.0118474
0 0.0223255 0.485263 0.0136402 0.0127256
0 0.230324 0.0517907 0.0120128 0.0115037
0 0.346012 0.84929 0.012123 0.011137
0 0.994751 0.436852 0.0104986 0.0109057
0 0.473505 0.0488895 0.0151387 0.0122223
0 0.274782 0.515599 0.0166954 0.0130102
0 0.735437 0.38278 0.0125893 0.0117261
0 0.29672 0.248437 0.0184117 0.0172379
0 0.397742 0.595531 0.0186191 0.015565
0 0.717877 0.207744 0.0122694 0.0116464
0 0.41377 0.00367125 0.0108761 0.0073425
0 0.692262 0.137251 0.012757 0.0133281
0 0.386819 0.502977 0.0119869 0.00955826
0 0.753558 0.172398 0.0130985 0.0121177
0 0.0590866 0.0776101 0.0124657 0.0112296
0 0.757479 0.859507 0.0178298 0.0121931
0 0.765866 0.151152 0.0105289 0.0101911
0 0.238307 0.363731 0.0137303 0.0121112
0 0.00917784 0.428358 0.0142679 0.0109577
0 0.160589 0.353162 0.012998 0.011258
0 0.651982 0.310067 0.0141355 0.0113942
0 0.40222 0.181202 0.0123724 0.0117731
0 0.758177 0.420645 0.0224041 0.013767
0 0.418434 0.945927 0.0126366 0.0137024
0 0.435178 0.623416 0.0149965 0.009624
0 0.0848247 0.118956 0.0127808 0.0114618
0 0.216682 0.166169 0.0134948 0.0109834
0 0.623498 0.322875 0.0125741 0.01086
0 0.158921 0.0271907 0.0128306 0.0124383
0 0.700943 0.0155034 0.0119165 0.0117242
0 0.164755 0.806687 0.017293 0.0163889
0 0.296378 0.957069 0.0136811 0.0130767
0 0.709751 0.144686 0.013792 0.0112042
0 0.521032 0.151003 0.0126323 0.0112648
0 0.832491 0.802343 0.0191813 0.0125389
0 0.0377967 0.398879 0.0133904 0.0131481
0 0.264288 0.0688689 0.0122196 0.0124347
0 0.754541 0.155961 0.0128534 0.0116953
0 0.849787 0.926813 0.0146199 0.0126528
0 0.129159 0.485807 0.011752 0.0104081
0 0.808093 0.753143 0.0141939 0.0134433
0 0.91795 0.408006 0.0150725 0.0120615
0 0.277582 0.367506 0.0136447 0.0123293
0 0.683333 0.0614353 0.0140669 0.0121483
0 0.802449 0.614508 0.0162162 0.0121455
0 0.15717 0.390781 0.0139035 0.0116303
0 0.507618 0.332503 0.0149812 0.0125585
0 0.196289 0.0475196 0.0123894 0.0118683
0 0.365863 0.303288 0.0132471 0.0113676
0 0.923 0.576138 0.0165595 0.0123385
0 0.745857 0.030469 0.0129937 0.0126933
0 0.449191 0.0584753 0.0147343 0.0142699
0 0.0570382 0.87248 0.0129567 0.0113571
0 0.102617 0.0486934 0.0120737 0.0114496
0 0.745081 0.293896 0.0152851 0.0126351
0 0.799591 0.844301 0.020611 0.012047
0 0.170494 0.0858521 0.0131629 0.0122445
0 0.951743 0.259724 0.0130641 0.0100932
0 0.55758 0.573764 0.0116105 0.0125012
0 0.687313 0.680788 0.0156137 0.0144376
0 0.941252 0.473538 0.0132391 0.0115464
0 0.617794 0.186694 0.0122986 0.0121984
0 0.668611 0.322111 0.0173898 0.0164684
0 0.726328 0.912563 0.0145724 0.0141737
0 0.114332 0.213639 0.0114433 0.0101781
0 0.753486 0.2746 0.01283 0.0115335
0 0.744505 0.341378 0.0134541 0.0131397
0 0.173912 0.0375427 0.0161897 0.0126278
0 0.132532 0.152165 0.0128192 0.0119723
0 0.722323 0.448997 0.0135245 0.0118041
0 0.423968 0.186296 0.0131307 0.0119669
0 0.795431 0.862647 0.0126291 0.0111173
0 0.480482 0.96227 0.011909 0.0110406
0 0.624002 0.899573 0.0149596 0.0114504
0 0.227337 0.248061 0.0130607 0.0118686
0 0.283994 0.774911 0.0158365 0.0132365
0 0.18619 0.32967 0.0125867 0.0110726
0 0.0360989 0.171038 0.0132747 0.0109331
0 0.096401 0.275626 0.0118302 0.011061
0 0.619605 0.416426 0.00952202 0.0113046
0 0.620386 0.271111 0.0116939 0.0106699
0 0.332118 0.550799 0.0408619 0.0398234
0 0.720559 0.120888 0.0144938 0.0113167
0 0.659548 0.216281 0.0149561 0.0122647
0 0.292784 0.954985 0.0210221 0.0170532
0 0.992246 0.319291 0.0155078 0.0143338
0 0.936201 0.451138 0.0145345 0.0141712
0 0.0824276 0.284662 0.0161532 0.014058
0 0.419767 0.250632 0.014978 0.0124003
0 0.251803 0.510188 0.0144445 0.0119305
0 0.265594 0.294896 0.0134175 0.011597
0 0.793989 0.833347 0.0120288 0.0112901
0 0.968305 0.380737 0.0122035 0.0111266
0 0.904232 0.924526 0.0157594 0.011252
0 0.93645 0.962597 0.0132515 0.0120106
0 0.417431 0.802171 0.0178542 0.0136209
0 0.778196 0.0578493 0.0125552 0.0123723
0 0.479284 0.912558 0.0131279 0.0135657
0 0.0906806 0.418527 0.0167085 0.0118944
0 0.740759 0.115356 0.0138113 0.0105557
0 0.726869 0.35499 0.0134534 0.0107661
0 0.938349 0.402686 0.013773 0.0122257
0 0.408036 0.189687 0.0148437 0.0113611
0 0.292201 0.0785308 0.012361 0.010735
0 0.660823 0.293629 0.0148496 0.011693
0 0.693653 0.165854 0.0155922 0.0135677
0 0.524652 0.241125 0.0147072 0.0116385
0 0.563976 0.731871 0.012308 0.01055
0 0.431481 0.891852 0.0134284 0.0119733
0 0.435912 0.706641 0.0127223 0.0108497
0 0.356119 0.0764779 0.0130628 0.0113909
0 0.924648 0.416902 0.0107672 0.0100214
0 0.134755 0.995176 0.0167528 0.00964868
0 0.373937 0.0338197 0.0136801 0.0121491
0 0.776094 0.347962 0.0109892 0.0105666
0 0.819956 0.347948 0.0132377 0.012057
0 0.185529 0.606537 0.0138136 0.0132076
0 0.235676 0.134068 0.0132274 0.0139797
0 0.74191 0.755793 0.0153582 0.0138044
0 0.537479 0.536732 0.0174795 0.0140234
0 0.276704 0.0679743 0.0128702 0.0113428
0 0.315458 0.452556 0.0131467 0.0104091
0 0.607326 0.353019 0.0135271 0.0121867
0 0.603892 0.807134 0.0127616 0.0130988
0 0.1359 0.287893 0.0133308 0.0115676
0 0.458365 0.717188 0.0149579 0.0102029
0 0.154078 0.167874 0.013219 0.0118854
0 0.976417 0.0670368 0.0153695 0.0111158
0 0.276513 0.482728 0.0115508 0.0101003
0 0.576893 0.381739 0.013069 0.0117714
0 0.974454 0.943444 0.0131354 0.0106935
0 0.637578 0.708479 0.0158173 0.012503
0 0.493834 0.0784965 0.0136007 0.0110151
0 0.898913 0.935856 0.0205848 0.0119022
0 0.387698 0.330289 0.0158124 0.0142496
0 0.644765 0.198348 0.0115996 0.0106324
0 0.852877 0.206837 0.0154154 0.0135513
0 0.548847 0.419814 0.0120354 0.0108233
0 0.429728 0.612911 0.0139352 0.0154699
0 0.7313 0.299365 0.0206377 0.013725
0 0.724614 0.719392 0.0145247 0.0122048
0 0.819651 0.331034 0.0154526 0.0123204
0 0.28965 0.122888 0.0161105 0.0139208
0 0.592803 0.294306 0.0164026 0.0118115
0 0.123197 0.128987 0.0127316 0.0119923
0 0.502333 0.72387 0.00741625 0.0122031
0 0.443328 0.502005 0.015654 0.00733995
0 0.0115347 0.310563 0.0137405 0.0110784
0 0.381811 0.405703 0.0152155 0.0116408
0 0.271834 0.306282 0.0165924 0.0134885
0 0.780317 0.908103 0.0156974 0.0135211
0 0.921591 0.710734 0.0118768 0.0110759
0 0.666353 0.00216749 0.0125483 0.00433498
0 0.145564 0.307976 0.0148794 0.0128012
0 0.731524 0.479375 0.0152338 0.0114107
0 0.348916 0.373318 0.0118082 0.011648
0 0.0851868 0.0787735 0.0134751 0.0115387
0 0.273178 0.273033 0.0136955 0.0124027
0 0.930709 0.469259 0.0164564 0.015095
0 0.679492 0.222521 0.0171437 0.0114245
0 0.775416 0.19049 0.0147442 0.013897
0 0.405208 0.416296 0.0148356 0.01108
0 0.229959 0.0356638 0.0128707 0.0105998
0 0.788585 0.497994 0.0125057 0.00598797
0 0.570422 0.27118 0.0112751 0.0107035
0 0.523797 0.417453 0.0130249 0.0112835
0 0.282164 0.575145 0.0118894 0.00822777
0 0.995434 0.814533 0.00913167 0.0126719
0 0.865967 0.54932 0.0181709 0.0128823
0 0.933074 0.0526446 0.0150989 0.0121547
0 0.0256796 0.0375565 0.0141976 0.0123155
0 0.221026 0.265863 0.0165672 0.0114726
0 0.099288 0.459445 0.0120627 0.0107102
0 0.159157 0.470766 0.0145473 0.0127699
0 0.0476383 0.49073 0.0130151 0.0133287
0 0.993359 0.124069 0.0132529 0.0116112
0 0.638206 0.147299 0.0112728 0.0115537
0 0.685803 0.289541 0.0154837 0.00985619
0 0.980349 0.327951 0.0143238 0.0168277
0 0.327906 0.122777 0.0179978 0.0184933
0 0.339658 0.0226604 0.0130632 0.0116354
0 0.580528 0.271983 0.0123112 0.0117679
0 0.447866 0.556533 0.0157742 0.00976294
0 0.754973 0.345645 0.0110811 0.0106034
0 0.892194 0.477786 0.0130797 0.0109526
0 0.313805 0.138397 0.0130722 0.0114617
0 0.793914 0.692935 0.0128859 0.0117685
0 0.242063 0.210744 0.0163779 0.0164286
0 0.626651 0.301114 0.013781 0.0123152
0 0.433727 0.684574 0.0186745 0.0121105
0 0.638087 0.34269 0.0135788 0.0119452
0 0.065623 0.182903 0.0124903 0.0115101
0 0.111269 0.266505 0.0147033 0.012627
0 0.216752 0.103423 0.0169758 0.0129568
0 0.459208 0.154685 0.0117711 0.0117985
0 0.51253 0.173005 0.0133025 0.0122176
0 0.651064 0.906434 0.0128435 0.0133303
0 0.274518 0.103941 0.0159068 0.0122174
0 0.302234 0.0530567 0.0123382 0.0112386
0 0.0980091 0.141639 0.0155938 0.0136668
0 0.0391573 0.411127 0.0106633 0.0118873
0 0.38791 0.447226 0.0159532 0.0131164
0 0.211281 0.245475 0.0128093 0.0125499
0 0.182733 0.644899 0.0181504 0.0137827
0 0.836511 0.365575 0.013293 0.0122684
0 0.503085 0.0918283 0.00806412 0.0129373
0 0.0926119 0.256375 0.0140223 0.0117292
0 0.441578 0.201871 0.0135587 0.0149563
0 0.887088 0.305313 0.0154293 0.013708
0 0.590796 0.281449 0.011122 0.0103442
0 0.811946 0.51725 0.0106821 0.0126352
0 0.936572 0.0815061 0.0146433 0.0123546
0 0.509989 0.236013 0.00957429 0.0110513
0 0.873997 0.405818 0.0114108 0.00845206
0 0.760388 0.57136 0.0156243 0.013579
0 0.78596 0.0764635 0.013095 0.0117802
0 0.543567 0.334029 0.0150942 0.0103967
0 0.523946 0.289149 0.0131529 0.0117806
0 0.190009 0.488504 0.0132071 0.0129325
0 0.0220262 0.925653 0.0141065 0.0119025
0 0.475293 0.725318 0.0136539 0.0111149
0 0.335825 0.495871 0.0126994 0.00889164
0 0.065378 0.029596 0.0157732 0.0129674
0 0.0419448 0.228671 0.0123634 0.0116413
0 0.558895 0.0217638 0.0109279 0.0110804
0 0.295275 0.0670909 0.0143869 0.0119595
0 0.472682 0.736341 0.0235265 0.011906
0 0.792265 0.59714 0.0132745 0.012245
0 0.271715 0.470444 0.0145105 0.0124042
0 0.201367 0.497624 0.0137488 0.00623077
0 0.954687 0.993394 0.0156711 0.013061
0 0.622005 0.237325 0.0142999 0.0126269
0 0.666042 0.260865 0.0243903 0.0178075
0 0.700003 0.384359 0.0154208 0.0121496
0 0.201568 0.295877 0.0150756 0.0128181
0 0.966281 0.724137 0.0194271 0.0135891
0 0.243525 0.285344 0.0144522 0.0120307
0 0.693117 0.208601 0.0121382 0.0102377
0 0.0553911 0.418248 0.0111493 0.00984761
0 0.679256 0.0143603 0.0149596 0.0102013
0 0.241776 0.0196657 0.0134812 0.0145008
0 0.914373 0.901223 0.0123646 0.011862
0 0.0271837 0.24213 0.012142 0.0101161
0 0.611645 0.0862867 0.0183782 0.0178294
0 0.450327 0.38294 0.0157715 0.0121184
0 0.841072 0.927963 0.0105896 0.0102984
0 0.387366 0.186694 0.0168601 0.0134479
0 0.103633 0.159313 0.011536 0.0101921
0 0.227413 0.188763 0.0134151 0.0121987
0 0.598612 0.196592 0.016996 0.0123774
0 0.662743 0.761443 0.0212998 0.0143364
0 0.710225 0.297712 0.0149707 0.0123405
0 0.65278 0.138761 0.0125879 0.0114482
0 0.0782811 0.0225453 0.0146337 0.0115912
0 0.0201312 0.346823 0.0110611 0.0113255
0 0.62173 0.497299 0.0115563 0.010015
0 0.183321 0.14672 0.0167089 0.0119579
0 0.932934 0.216651 0.0130864 0.0115948
0 0.0989911 0.340939 0.0116905 0.0115907
0 0.236274 0.121299 0.0117891 0.0112163
0 0.15422 0.0943819 0.0125915 0.0101052
0 0.784424 0.871646 0.0114499 0.0153003
0 0.175019 0.472602 0.0139034 0.0111313
0 0.549129 0.141086 0.0137308 0.0116196
0 0.157562 0.377213 0.0167888 0.0135025
0 0.10678 0.715577 0.0138404 0.0179258
0 0.561755 0.250571 0.0106912 0.0112514
0 0.463911 0.940664 0.0110396 0.00863504
0 0.614341 0.476402 0.0122991 0.0104857
0 0.665834 0.380934 0.0141454 0.0109448
0 0.465024 0.143655 0.0154529 0.0127624
0 0.479044 0.220268 0.0148894 0.0132275
0 0.889341 0.555418 0.0180855 0.0130175
0 0.357827 0.0598592 0.0132258 0.0120956
0 0.971801 0.353466 0.011229 0.0107599
0 0.658085 0.178717 0.019614 0.0136067
0 0.15577 0.0077087 0.0148994 0.0116682
0 0.387755 0.209003 0.0127972 0.0126843
0 0.341 0.977597 0.0140434 0.0127317
0 0.348346 0.0375221 0.0146575 0.0151699
0 0.0857137 0.152933 0.0131624 0.0124704
0 0.661736 0.345153 0.011847 0.0106964
0 0.679536 0.48613 0.0173281 0.0144994
0 0.633737 0.134621 0.0132403 0.0106536
0 0.304759 0.0212556 0.012261 0.0108347
0 0.399151 0.584051 0.014309 0.012052
0 0.321396 0.487202 0.0139497 0.0106144
0 0.844874 0.317396 0.0135829 0.0116416
0 0.770937 0.596521 0.01277 0.0119068
0 0.381657 0.151094 0.0153291 0.0135899
0 0.285435 0.440738 0.0122688 0.0115063
0 0.547306 0.287586 0.0146088 0.00987682
0 0.261935 0.928195 0.0179726 0.0162415
0 0.413622 0.174762 0.0157993 0.0130503
0 0.115291 0.145083 0.0155388 0.0149588
0 0.334714 0.92727 0.0197032 0.0165441
0 0.0399204 0.651924 0.0143859 0.00978106
0 0.0467135 0.435559 0.0152417 0.0164223
0 0.696995 0.430897 0.0136424 0.0111923
0 0.119479 0.494546 0.0179176 0.0110897
0 0.30546 0.0533553 0.0163319 0.0117823
0 0.142348 0.156561 0.012167 0.0111762
0 0.55865 0.102048 0.0119572 0.0105458
0 0.308433 0.0535723 0.010354 0.011605
0 0.941464 0.165854 0.0125434 0.0112015
0 0.0454831 0.460158 0.0113962 0.0100993
0 0.286806 0.798996 0.0158892 0.0129625
0 0.618242 0.548563 0.0148343 0.0110577
0 0.673119 0.789539 0.0185208 0.0135235
0 0.730488 0.199246 0.0132086 0.0112305
0 0.532614 0.680313 0.0109265 0.0140842
0 0.486946 0.461264 0.0162569 0.0148022
0 0.537419 0.183146 0.0110227 0.0105025
0 0.47007 0.0268253 0.01326 0.0131958
0 0.649724 0.695144 0.0166969 0.0141486
0 0.0173388 0.914708 0.0111535 0.0104955
0 0.112602 0.609701 0.0181505 0.0115499
0 0.485438 0.105995 0.0139134 0.0129138
0 0.427687 0.216939 0.0115822 0.00956425
0 0.685439 0.3483 0.0127396 0.0115566
0 0.647092 0.209608 0.0101055 0.00912426
0 0.00674412 0.142986 0.0134882 0.0146776
0 0.630291 0.618503 0.0199348 0.0148038
0 0.137559 0.619492 0.0261547 0.0159901
0 0.653538 0.560057 0.0115212 0.0116147
0 0.259311 0.226477 0.0126613 0.0100008
0 0.361859 0.273807 0.0132543 0.0140361
0 0.0638251 0.0663993 0.0135772 0.0119268
0 0.688724 0.299887 0.0155289 0.0128054
0 0.144648 0.552341 0.0124386 0.0117965
0 0.892874 0.334159 0.0134737 0.0064621
0 0.494684 0.914149 0.0114936 0.0130607
0 0.0590453 0.410525 0.0140667 0.0123663
0 0.326906 0.0297636 0.015297 0.01254
0 0.598878 0.734861 0.0154809 0.0167028
0 0.685323 0.350488 0.0129464 0.0109104
0 0.489075 0.0610642 0.0123433 0.012886
0 0.744411 0.396473 0.0141189 0.0126154
0 0.884066 0.960357 0.0106695 0.00890172
0 0.233852 0.221636 0.0122477 0.0118815
0 0.710319 0.601948 0.0174502 0.0151182
0 0.124293 0.264786 0.0134535 0.0120471
0 0.456042 0.198505 0.0130023 0.0121098
0 0.422436 0.0389621 0.0133006 0.0135572
0 0.244648 0.473883 0.016589 0.0142107
0 0.392594 0.130073 0.0189568 0.0131352
0 0.00935808 0.924994 0.0150546 0.0121291
0 0.828195 0.293677 0.0148737 0.0104422
0 0.639172 0.550855 0.0130887 0.0101505
0 0.676768 0.508434 0.0123881 0.010087
0 0.930724 0.56989 0.0147078 0.0116774
0 0.212248 0.733806 0.0146797 0.0136787
0 0.0391265 0.561557 0.0194476 0.0117784
0 0.648938 0.0791337 0.0170401 0.0118377
0 0.762032 0.702917 0.0106698 0.0110594
0 0.870138 0.014007 0.0125151 0.0129836
0 0.779217 0.882655 0.0159308 0.0140717
0 0.663398 0.282051 0.0136402 0.011686
0 0.428791 0.53482 0.00987828 0.00815016
0 0.0505592 0.290909 0.0151072 0.0135563
0 0.975286 0.0376054 0.0126976 0.011232
0 0.929608 0.571934 0.014766 0.0127408
0 0.812636 0.0906121 0.0151888 0.0162317
0 0.105986 0.255041 0.0110307 0.0129411
0 0.465224 0.167727 0.0133941 0.0110991
0 0.631913 0.278899 0.0127167 0.0111793
0 0.3012 0.48931 0.0146793 0.0158971
0 0.76632 0.177453 0.0128794 0.0114366
0 0.91284 0.444231 0.0204275 0.0134297
0 0.933828 0.358144 0.0132986 0.0129087
0 0.432752 0.450119 0.0135016 0.0116502
0 0.202411 0.117448 0.012646 0.0126226
0 0.580046 0.292059 0.0150419 0.0128064
0 0.116408 0.251681 0.0125551 0.0126813
0 0.0684323 0.139308 0.0165179 0.0119105
0 0.80553 0.869146 0.0154067 0.0125194
0 0.497857 0.687697 0.0152357 0.0147643
0 0.960832 0.489495 0.0152575 0.0127352
0 0.846181 0.979691 0.0143621 0.0153822
0 0.351695 0.576955 0.0118098 0.011016
0 0.537413 0.416776 0.0106221 0.0104552
0 0.828096 0.99367 0.0124856 0.0126595
0 0.855719 0.368425 0.0157506 0.0115899
0 0.886787 0.889582 0.0144842 0.0122314
0 0.428282 0.654509 0.016685 0.0135373
0 0.481138 0.952233 0.0140027 0.0121242
0 0.63432 0.194378 0.0139167 0.0112161
0 0.363898 0.0189767 0.0142978 0.0124633
0 0.246229 0.123666 0.0130719 0.0103545
0 0.85861 0.973492 0.0174015 0.0132138
0 0.753456 0.178505 0.0133339 0.0165257
0 0.213369 0.23163 0.0204775 0.0140843
0 0.811794 0.887026 0.0160891 0.0173744
0 0.93088 0.974492 0.01979 0.0130712
0 0.452275 0.946785 0.011604 0.00811797
0 0.545667 0.600476 0.0191334 0.0148245
0 0.471041 0.175353 0.013095 0.0109786
0 0.278173 0.171823 0.0132612 0.0105769
0 0.606536 0.484404 0.0121577 0.0131169
0 0.444704 0.395452 0.0124604 0.0114637
0 0.13686 0.469872 0.012583 0.0125002
0 0.669688 0.200137 0.0134169 0.0117887
0 0.307888 0.459752 0.0147428 0.0108615
0 0.943478 0.996626 0.0156641 0.00674701
0 0.361087 0.487439 0.0128618 0.00970492
0 0.0996713 0.866984 0.0163054 0.0131481
0 0.636921 0.182793 0.0170733 0.0086807
0 0.967895 0.0063814 0.0122949 0.0109635
0 0.400515 0.0332351 0.0144584 0.0121105
0 0.324301 0.0153039 0.0135819 0.0122276
0 0.327659 0.120064 0.0177126 0.0135464
0 0.947142 0.527273 0.0122328 0.0112662
0 0.310714 0.770014 0.0154495 0.0195599
0 0.151902 0.604441 0.0162376 0.0116705
0 0.0208279 0.688954 0.0133056 0.0109866
0 0.186364 0.257711 0.01391 0.0116455
0 0.208549 0.696405 0.0114707 0.01265
0 0.639696 0.41304 0.017024 0.01358
0 0.41614 0.0596585 0.0118212 0.0138764
0 0.975755 0.0226909 0.0177414 0.0118482
0 0.372382 0.206989 0.014126 0.0139396
0 0.064576 0.876045 0.0146322 0.0118135
0 0.0754252 0.0618798 0.0142421 0.0128281
0 0.923457 0.808738 0.0154217 0.00927442
0 0.732709 0.0217169 0.0128891 0.010759
0 0.463946 0.185982 0.0137285 0.0135841
0 0.494729 0.852197 0.0107944 0.00985003
0 0.741098 0.991921 0.0126406 0.0100545
0 0.462203 0.236245 0.0130212 0.0115167
0 0.811175 0.996118 0.016891 0.00776374
0 0.454151 0.00487667 0.0143343 0.00975334
0 0.493599 0.227194 0.0146529 0.0111898
0 0.325954 0.460389 0.0113131 0.0106143
0 0.246438 0.555841 0.0191972 0.014082
0 0.00625039 0.342166 0.0125008 0.0110305
0 0.438836 0.0495614 0.0128396 0.0101021
0 0.5893 0.235252 0.0139991 0.0134731
0 0.17261 0.0669326 0.0142791 0.0112063
0 0.26706 0.417171 0.0120058 0.0111371
0 0.0952443 0.749739 0.0187296 0.0126681
0 0.0728038 0.256378 0.0135953 0.0107945
0 0.0905459 0.0519019 0.0125109 0.0126419
0 0.732545 0.0677233 0.0136654 0.0113167
0 0.456149 0.118231 0.0170544 0.0148116
0 0.0788841 0.436448 0.0111477 0.0117377
0 0.696297 0.192062 0.0116363 0.00893135
0 0.447869 0.361303 0.0177286 0.0154369
0 0.209544 0.733429 0.0194017 0.0148484
0 0.124888 0.981845 0.0318385 0.0217365
0 0.145444 0.769096 0.0143166 0.0121675
0 0.26272 0.236085 0.0148531 0.011974
0 0.979639 0.325029 0.012755 0.0116777
0 0.263177 0.493752 0.0147324 0.0135296
0 0.329705 0.0458632 0.011319 0.0101532
0 0.75088 0.433981 0.015014 0.0108901
0 0.931008 0.496062 0.0135968 0.0080815
0 0.996478 0.03753 0.00701612 0.0114885
0 0.890766 0.233726 0.0161085 0.012482
0 0.90719 0.477085 0.0130196 0.0101599
0 0.811589 0.987832 0.0165238 0.0126463
0 0.847091 0.348915 0.0105397 0.0108267
0 0.715796 0.728845 0.0151333 0.0126372
0 0.457779 0.477831 0.0131015 0.0124007
0 0.490854 0.393324 0.0149627 0.0128563
0 0.371511 0.268557 0.0138772 0.0130229
0 0.0245725 0.2912 0.0145912 0.0133397
0 0.621985 0.343447 0.01309 0.0112725
0 0.664628 0.539797 0.0171928 0.0120745
0 0.903033 0.412306 0.016843 0.00937295
0 0.941024 0.997222 0.016475 0.00555611
0 0.89727 0.0344289 0.0139062 0.0119495
0 0.91755 0.517594 0.0105972 0.014685
0 0.104758 0.322066 0.0163119 0.0103222
0 0.335489 0.406387 0.0152897 0.0126486
0 0.772771 0.979343 0.0196877 0.014102
0 0.772681 0.810402 0.0140241 0.0127167
0 0.77017 0.493231 0.0129544 0.0125491
0 0.4486 0.816156 0.0141672 0.0109888
0 0.990908 0.781883 0.016748 0.0131837
0 0.592276 0.855309 0.0145649 0.0128874
0 0.173878 0.139574 0.0141239 0.0114199
0 0.642034 0.56031 0.0118508 0.0111256
0 0.973549 0.800592 0.0218869 0.00956303
0 0.00625597 0.0420977 0.0125119 0.0119306
0 0.635054 0.0938528 0.0118454 0.0114553
0 0.64942 0.660293 0.0186992 0.0153791
0 0.0442237 0.127112 0.0139532 0.01175
0 0.16881 0.00333803 0.0124349 0.00667605
0 0.657646 0.0906741 0.0101609 0.00946771
0 0.835117 0.0395036 0.0127352 0.0112007
0 0.304491 0.209279 0.0131534 0.0113092
0 0.430539 0.407577 0.0132126 0.0121416
0 0.608404 0.340489 0.0153021 0.012929
0 0.261478 0.251756 0.0135796 0.00875662
0 0.00867055 0.362733 0.0159292 0.0100231
0 0.926043 0.25053 0.0136675 0.0097295
0 0.792369 0.13996 0.0118881 0.0124838
0 0.064543 0.494143 0.0146273 0.0129445
0 0.212576 0.352682 0.0120919 0.0125513
0 0.696585 0.479694 0.0140069 0.0109826
0 0.135958 0.132591 0.0130138 0.0120974
0 0.843926 0.297763 0.0119829 0.0124193
0 0.0799212 0.311678 0.0135188 0.0109069
0 0.758487 0.132418 0.0116289 0.0112102
0 0.0044268 0.199926 0.0088536 0.00984946
0 0.851543 0.421132 0.0131297 0.0134448
0 0.647242 0.395398 0.016334 0.0138893
0 0.317944 0.0927626 0.0124716 0.0101615
0 0.173682 0.44151 0.014481 0.0179946
0 0.272973 0.471746 0.0159673 0.0120038
0 0.934946 0.405554 0.0118713 0.0103223
0 0.371868 0.482317 0.0127517 0.00935999
0 0.212039 0.120379 0.0143502 0.0143596
0 0.517094 0.295196 0.011739 0.0108219
0 0.65402 0.00185678 0.0111506 0.00371356
0 0.524243 0.379462 0.0154778 0.0129862
0 0.855492 0.225629 0.0119811 0.0105777
0 0.911244 0.758992 0.0135422 0.0115949
0 0.737214 0.438454 0.0128008 0.0126223
0 0.981878 0.330792 0.0133933 0.0126247
0 0.803914 0.574103 0.0134904 0.015479
0 0.678853 0.169235 0.012849 0.011884
0 0.365931 0.348856 0.0129409 0.0114806
0 0.408075 0.447561 0.014054 0.0114774
0 0.212379 0.322143 0.0115841 0.0104971
0 0.822664 0.891869 0.00991982 0.0100344
0 0.620743 0.353791 0.0158852 0.0117603
0 0.369415 0.0553955 0.0174827 0.016815
0 0.253546 0.342051 0.0134424 0.010737
0 0.463638 0.930421 0.0112275 0.0103657
0 0.0754903 0.340086 0.0140792 0.0129376
0 0.702395 0.758436 0.0123927 0.0122158
0 0.964358 0.0722877 0.0130578 0.00899169
0 0.235801 0.454403 0.0171362 0.0144188
0 0.22377 0.118238 0.012531 0.0118477
0 0.133318 0.11084 0.0131267 0.0128524
0 0.537603 0.560587 0.0172614 0.0105867
0 0.802488 0.416522 0.0073213 0.00781217
0 0.143749 0.49623 0.0155195 0.00757533
0 0.229499 0.99032 0.0264139 0.018792
0 0.893196 0.968055 0.0132969 0.0141115
0 0.472913 0.712765 0.0141227 0.0129667
0 0.176485 0.352955 0.0116402 0.0110925
0 0.337729 0.0487993 0.0176135 0.0147043
0 0.9973 0.359254 0.00539911 0.0115163
0 0.862008 0.176996 0.0119622 0.0136839
0 0.0134237 0.751161 0.0169351 0.0127747
0 0.77382 0.258099 0.0142678 0.012293
0 0.670471 0.411917 0.0131057 0.00801486
0 0.857346 0.692322 0.030674 0.0305578
0 0.852117 0.438129 0.0136018 0.0173161
0 0.22107 0.820913 0.0165028 0.0144991
0 0.854993 0.388566 0.0130157 0.0130251
0 0.0838817 0.184773 0.0126533 0.011232
0 0.745709 0.626508 0.0202045 0.0196676
0 0.233086 0.33409 0.0142686 0.0175567
0 0.331849 0.289441 0.0154914 0.00946903
0 0.360881 0.0333265 0.0129998 0.0128267
0 0.313681 0.00299142 0.011228 0.00598285
0 0.829409 0.61787 0.0186349 0.0167736
0 0.252921 0.484379 0.0119391 0.0122551
0 0.887119 0.21564 0.0162688 0.0125114
0 0.199832 0.139565 0.012664 0.01528
0 0.752859 0.234772 0.0109977 0.00938842
0 0.630956 0.962466 0.0160367 0.0110158
0 0.630791 0.497476 0.0138984 0.0115366
0 0.158363 0.764735 0.0171403 0.0126709
0 0.0529145 0.684883 0.0166068 0.0142282
0 0.0225993 0.133453 0.014292 0.0175282
0 0.474322 0.00497401 0.0123997 0.00994801
0 0.484486 0.188279 0.0149404 0.0113097
0 0.819179 0.333246 0.0166978 0.0157208
0 0.631312 0.704269 0.0161825 0.0153206
0 0.908559 0.534539 0.0163785 0.0118152
0 0.851587 0.173438 0.0137297 0.0124653
0 0.277534 0.474688 0.0112153 0.00974518
0 0.974292 0.369786 0.0116954 0.011853
0 0.387549 0.493218 0.0125213 0.0118898
0 0.625413 0.897916 0.0181529 0.0144137
0 0.0170386 0.373077 0.0132902 0.0147309
0 0.353531 0.202958 0.0124801 0.0118609
0 0.063199 0.129661 0.0123797 0.0106146
0 0.318786 0.206991 0.0153964 0.0156968
0 0.237194 0.992475 0.0182976 0.0146419
0 0.0973107 0.751219 0.0134783 0.00990522
0 0.522543 0.229195 0.0137706 0.00938018
0 0.0331979 0.374157 0.0125285 0.0110576
0 0.013889 0.552102 0.0128571 0.011248
0 0.94805 0.201881 0.011445 0.00932337
0 0.358185 0.785273 0.0168791 0.0123369
0 0.144699 0.3906 0.0110461 0.010504
0 0.720601 0.76055 0.0186641 0.015855
0 0.711472 0.27011 0.0156967 0.0101174
0 0.0846198 0.092486 0.012582 0.0115832
0 0.767022 0.847085 0.0110717 0.00964648
0 0.124096 0.00406433 0.0125938 0.00812865
0 0.14107 0.758641 0.01695 0.0130482
0 0.868375 0.812227 0.0142546 0.0121756
0 0.404291 0.358165 0.0132875 0.0115642
0 0.406064 0.228285 0.0140376 0.0125146
0 0.124476 0.161607 0.0120458 0.00859974
0 0.826119 0.889149 0.0142601 0.0132969
0 0.523853 0.167674 0.015044 0.0118028
0 0.757712 0.386254 0.0134472 0.0109144
0 0.692475 0.128049 0.0129122 0.0103502
0 0.742069 0.653692 0.0153533 0.0106621
0 0.845394 0.369339 0.0106055 0.010271
0 0.432825 0.986717 0.0130888 0.0104026
0 0.331704 0.953612 0.025112 0.0201733
0 0.92973 0.722416 0.0133289 0.00918812
0 0.285535 0.219687 0.0143565 0.0147564
0 0.456177 0.407064 0.0136018 0.0141149
0 0.712407 0.00445187 0.0120133 0.00890374
0 0.484089 0.246383 0.0130773 0.0125182
0 0.137878 0.484213 0.01195 0.012502
0 0.766587 0.845576 0.0113273 0.0108211
0 0.606732 0.204972 0.0123333 0.0114825
0 0.958161 0.981921 0.0142146 0.0106847
0 0.210792 0.154632 0.0186384 0.0147644
0 0.050074 0.361207 0.01356 0.014926
0 0.427119 0.00197632 0.0120574 0.00395263
0 0.315341 0.241924 0.0124983 0.0120445
0 0.404292 0.100991 0.01331 0.0123297
0 0.835912 0.598572 0.0119781 0.00962675
0 0.877453 0.804847 0.013543 0.0121259
0 0.770498 0.0273947 0.0172327 0.0173625
0 0.964304 0.121329 0.016646 0.0171935
0 0.419849 0.29869 0.0131688 0.0105179
0 0.306279 0.169445 0.0130597 0.0125108
0 0.227214 0.995314 0.0208447 0.00937152
0 0.5456 0.385005 0.0156627 0.013672
0 0.206277 0.422754 0.0161406 0.0125591
0 0.099464 0.200247 0.00805828 0.00856023
0 0.0237412 0.773986 0.0196605 0.0158747
0 0.233396 0.336094 0.0134393 0.0128224
0 0.427496 0.310658 0.0135521 0.0111418
0 0.745484 0.0554182 0.0151045 0.009579
0 0.117045 0.668202 0.0126885 0.0117387
0 0.265871 0.929431 0.023804 0.0189985
0 0.245232 0.136952 0.0111186 0.0113917
0 0.271255 0.932342 0.0219705 0.0156771
0 0.484793 0.714857 0.0122041 0.0115121
0 0.329893 0.125205 0.0140811 0.0167956
0 0.965455 0.964817 0.0155137 0.0131349
0 0.43571 0.0398137 0.0123775 0.0104947
0 0.362374 0.211678 0.0134889 0.0115401
0 0.418204 0.598849 0.0175467 0.0156865
0 0.857334 0.806476 0.0143418 0.0117785
0 0.496248 0.884064 0.00861245 0.011661
0 0.821031 0.728424 0.0136213 0.0124801
0 0.636007 0.498418 0.00893527 0.0074828
0 0.670125 0.700902 0.0124754 0.0127857
0 0.320573 0.156289 0.0119365 0.0118444
0 0.217029 0.232304 0.0148105 0.0135486
0 0.598937 0.741167 0.0164394 0.00987637
0 0.333115 0.233992 0.0211987 0.0101291
0 0.136614 0.085296 0.0113132 0.0129744
0 0.653372 0.909741 0.0125679 0.0115551
0 0.46242 0.929354 0.0101651 0.0104615
0 0.461132 0.996142 0.0193806 0.00702035
0 0.241617 0.0700247 0.0164077 0.0104605
0 0.735595 0.161983 0.0124703 0.00907102
0 0.99806 0.427536 0.00378066 0.0117371
0 0.753893 0.18214 0.0120366 0.0104026
0 0.99516 0.0265607 0.00961041 0.0109247
0 0.838035 0.347759 0.0113415 0.010811
0 0.675634 0.484061 0.00928164 0.0103167
0 0.40362 0.123507 0.017558 0.0133596
0 0.26541 0.155724 0.0131359 0.0118054
0 0.928108 0.527893 0.0140847 0.0123608
0 0.448005 0.893432 0.0165615 0.0126554
0 0.122722 0.173588 0.016342 0.00996268
0 0.865351 0.572477 0.0117293 0.00943094
0 0.358956 0.478417 0.0126268 0.0120705
0 0.274892 0.755175 0.0136511 0.013342
0 0.854855 0.366237 0.0178505 0.0151617
0 0.688259 0.390066 0.0129514 0.0139508
0 0.371706 0.0586022 0.013162 0.0110279
0 0.420899 0.446548 0.012824 0.0128325
0 0.949442 0.0682534 0.0125064 0.0116365
0 0.305492 0.588183 0.0187065 0.0145979
0 0.121897 0.611297 0.0154161 0.0122315
0 0.37829 0.0683117 0.0137889 0.0107652
0 0.75962 0.0115755 0.0162308 0.0101729
0 0.748783 0.464051 0.0132245 0.012832
0 0.00672055 0.176286 0.0115267 0.0110973
0 0.634004 0.70527 0.0207284 0.0164233
0 0.977545 0.00295174 0.0158932 0.00590349
0 0.969452 0.404771 0.0135195 0.0106266
0 0.911246 0.348172 0.0136544 0.0105422
0 0.064357 0.318973 0.0148127 0.0147237
0 0.670827 0.628532 0.0183573 0.013975
0 0.491094 0.288308 0.0164896 0.0152324
0 0.959758 0.0203705 0.0117466 0.0113302
0 0.323236 0.30784 0.0193288 0.0154548
0 0.297447 0.435539 0.0124141 0.0116037
0 0.637017 0.178592 0.0175509 0.0163394
0 0.879255 0.969401 0.0149864 0.0114765
0 0.495625 0.437939 0.00972587 0.0108669
0 0.385484 0.00345311 0.0179168 0.00690621
0 0.947863 0.534497 0.0124677 0.00986499
0 0.440084 0.740439 0.00933456 0.00986236
0 0.202541 0.442765 0.0216989 0.0127195
0 0.413908 0.77486 0.0174025 0.0123032
0 0.950873 0.597471 0.0131375 0.00814641
0 0.149669 0.666291 0.0176674 0.0139824
0 0.563619 0.52243 0.012706 0.0104463
0 0.0480619 0.21193 0.0138671 0.0109964
0 0.154938 0.544549 0.0142993 0.0103758
0 0.183251 0.279124 0.0146135 0.0126814
0 0.913748 0.188429 0.00971854 0.00961117
0 0.0743612 0.0366663 0.0130667 0.0125113
0 0.962948 0.538661 0.0101315 0.00703979
0 0.22529 0.518126 0.0130963 0.0116517
0 0.972825 0.474209 0.0126977 0.0129313
0 0.085403 0.124074 0.0137129 0.0166585
0 0.63251 0.0017478 0.0127119 0.00349561
0 0.635815 0.706854 0.0193793 0.015899
0 0.795243 0.416205 0.0115801 0.0112631
0 0.0590588 0.299811 0.0105456 0.0109192
0 0.826762 0.943726 0.0162987 0.0110503
0 0.290338 0.0321471 0.0159109 0.0117484
0 0.641801 0.486548 0.0126921 0.012082
0 0.381123 0.0221818 0.0148486 0.0114383
0 0.370859 0.226931 0.0130109 0.0112837
0 0.660777 0.105691 0.01298 0.0118909
0 0.43802 0.863311 0.0162568 0.0108211
0 0.99573 0.781513 0.00852215 0.0121572
0 0.0920501 0.392659 0.0202914 0.01262
0 0.940133 0.472163 0.0149822 0.013366
0 0.106116 0.715599 0.0202775 0.0212081
0 0.27292 0.140352 0.0130683 0.0109482
0 0.877037 0.279468 0.0132917 0.0123927
0 0.866309 0.256832 0.0219168 0.0144946
0 0.465668 0.562813 0.0102677 0.00581229
0 0.128154 0.615029 0.0225288 0.0161827
0 0.865835 0.882638 0.0128227 0.0104013
0 0.982735 0.153896 0.0126657 0.0110129
0 0.991286 0.0609765 0.017428 0.0140068
0 0.530561 0.0130291 0.015384 0.0103162
0 0.344362 0.0652897 0.0148478 0.0125661
0 0.0405528 0.269584 0.0127476 0.0104631
0 0.937886 0.905236 0.0173782 0.0172203
0 0.898733 0.0619419 0.0110821 0.0105801
0 0.697875 0.308388 0.0126106 0.0106253
0 0.441498 0.338386 0.0159943 0.0155258
0 0.472082 0.375039 0.0152199 0.0103112
0 0.412837 0.410366 0.0120371 0.0117125
0 0.450902 0.555968 0.0217123 0.0122299
0 0.302569 0.132735 0.0142584 0.013522
0 0.670248 0.419361 0.0134207 0.0109898
0 0.217022 0.195169 0.0115826 0.00913279
0 0.900981 0.902878 0.0131212 0.0133057
0 0.768043 0.130269 0.0103432 0.00994749
0 0.404223 0.147344 0.015082 0.0096076
0 0.175573 0.604365 0.00992069 0.011367
0 0.0613277 0.0747763 0.0144589 0.0132093
0 0.467229 0.19599 0.0128351 0.00936791
0 0.324063 0.0695883 0.0106166 0.0080174
0 0.261729 0.23387 0.0147595 0.0140788
0 0.796857 0.183061 0.0167018 0.0129835
0 0.864244 0.0565538 0.0127083 0.0132055
0 0.56445 0.00266454 0.0117601 0.00532908
0 0.487843 0.0497047 0.0106682 0.0103721
0 0.0716042 0.0747803 0.0158697 0.0123635
0 0.315682 0.339147 0.0155928 0.0158396
0 0.745792 0.464273 0.0183596 0.0130353
0 0.448556 0.460293 0.0130459 0.0099135
0 0.483356 0.197155 0.0140952 0.0121497
0 0.867546 0.277358 0.0128177 0.0163033
0 0.552783 0.438705 0.0125366 0.0136668
0 0.419572 0.262273 0.0134045 0.0120183
0 0.470452 0.804118 0.0133852 0.0121437
0 0.703072 0.0547965 0.013528 0.011714
0 0.418671 0.6046 0.0193457 0.0119807
0 0.0215674 0.383381 0.0134984 0.0128208
0 0.714305 0.353699 0.0123132 0.00995383
0 0.692891 0.199954 0.0120282 0.00785656
0 0.568901 0.809544 0.0144855 0.0138
0 0.103099 0.0928949 0.0121201 0.0126607
0 0.346584 0.121714 0.0167481 0.0144719
0 0.338722 0.346168 0.016772 0.0164694
0 0.488275 0.725791 0.0155765 0.0127391
0 0.764741 0.149796 0.0121132 0.0125932
0 0.913741 0.445863 0.0239348 0.0145748
0 0.772456 0.0769042 0.0114553 0.0142749
0 0.147329 0.13597 0.0136587 0.0126185
0 0.465921 0.566067 0.0101203 0.0108984
0 0.629137 0.430744 0.0132954 0.0108659
0 0.0543791 0.0190517 0.0113508 0.0106998
0 0.448032 0.317616 0.013217 0.013734
0 0.688534 0.375899 0.0150322 0.0153036
0 0.118492 0.341326 0.0138455 0.0141017
0 0.536852 0.55542 0.0165859 0.0137613
0 0.979263 0.264768 0.0133526 0.0181221
0 0.147098 0.543187 0.0189041 0.0126401
0 0.661301 0.986947 0.0226697 0.0252611
0 0.946781 0.592292 0.02048 0.016246
0 0.723353 0.134215 0.012272 0.0146279
0 0.811206 0.992339 0.0174697 0.0151043
0 0.446187 0.892515 0.0184086 0.0148318
0 0.291466 0.344227 0.0155852 0.0119087
0 0.37562 0.0862729 0.0098348 0.011864
0 0.747312 0.954397 0.0140073 0.0121492
0 0.969479 0.800478 0.0148984 0.00954908
0 0.70836 0.253306 0.0199898 0.011174
0 0.954756 0.944237 0.0160457 0.0124898
0 0.816288 0.525501 0.0114571 0.00996947
0 0.555184 0.121454 0.0141901 0.0111508
0 0.945223 0.978171 0.0110784 0.0123324
0 0.928443 0.513835 0.0156896 0.0115531
0 0.732136 0.378807 0.0108854 0.0103413
0 0.687795 0.297324 0.0168006 0.0153109
0 0.866246 0.225952 0.010388 0.0112687
0 0.214049 0.881802 0.0175367 0.00914395
0 0.936919 0.418287 0.0137962 0.00993031
0 0.10151 0.0781984 0.0153421 0.0155835
0 0.23652 0.996015 0.019054 0.0079695
0 0.875346 0.00234228 0.0195628 0.00468456
0 0.666863 0.129256 0.0118607 0.0105916
0 0.74014 0.0467931 0.011811 0.0115809
0 0.358355 0.90578 0.0178162 0.0169821
0 0.796604 0.467156 0.0105919 0.00991872
0 0.243605 0.274032 0.0122771 0.0117732
0 0.217166 0.214583 0.0114968 0.0110971
0 0.00675298 0.0524234 0.013506 0.013847
0 0.75269 0.221225 0.0159327 0.011163
0 0.997107 0.00198947 0.00578696 0.00397894
0 0.268201 0.185194 0.0148978 0.0147406
0 0.761743 0.141776 0.0115818 0.00869203
0 0.521563 0.207572 0.0124049 0.00773856
0 0.993491 0.42569 0.0129433 0.0124593
0 0.88722 0.216846 0.0135801 0.0117222
0 0.906379 0.497769 0.0128437 0.00541019
0 0.421216 0.381206 0.0110907 0.0116759
0 0.385504 0.959758 0.0139501 0.0126453
0 0.493444 0.647152 0.0141871 0.0178137
0 0.334961 0.370737 0.0138213 0.0155376
0 0.420968 0.340029 0.0127216 0.0144803
0 0.61691 0.993137 0.0194792 0.0134683
0 0.0323642 0.326115 0.0146458 0.0139619
0 0.941566 0.133932 0.011739 0.00931436
0 0.830793 0.619991 0.0152951 0.0135823
0 0.657404 0.199719 0.00892526 0.0098228
0 0.27777 0.0297676 0.0127612 0.0113443
0 0.387008 0.497622 0.0132144 0.018616
0 0.329893 0.128258 0.0126176 0.0137376
0 0.384269 0.428179 0.0129656 0.010552
0 0.361458 0.212754 0.0160776 0.0142396
0 0.417089 0.987871 0.0124525 0.0111567
0 0.704329 0.0203544 0.0162758 0.0178808
0 0.27365 0.221627 0.0146743 0.0142964
0 0.675115 0.283184 0.0133865 0.0142893
0 0.772906 0.40383 0.0156305 0.0105898
0 0.572752 0.844739 0.0127873 0.0113649
0 0.273658 0.248208 0.0133488 0.011084
0 0.345918 0.298428 0.0137665 0.0116681
0 0.074349 0.976067 0.0168102 0.0140179
0 0.100437 0.361016 0.0133194 0.012617
0 0.350958 0.187001 0.0145473 0.011052
0 0.716491 0.346181 0.01215 0.0118858
0 0.0153896 0.332204 0.0148168 0.0134043
0 0.467518 0.17015 0.0189422 0.0152038
0 0.151151 0.601741 0.0170873 0.0165366
0 0.313443 0.025216 0.0108458 0.0103578
0 0.991478 0.75469 0.0170433 0.0149481
0 0.0228478 0.182752 0.0119979 0.0109466
0 0.640491 0.429123 0.0126508 0.0125567
0 0.434973 0.324514 0.0130657 0.0114131
0 0.354806 0.795361 0.0168214 0.0106776
0 0.321339 0.309471 0.022231 0.0172786
0 0.0153867 0.329357 0.0149724 0.0178452
0 0.680408 0.697784 0.0141852 0.0146686
0 0.661806 0.487566 0.0140234 0.010931
0 0.352466 0.154037 0.0141996 0.0151529
0 0.982975 0.0470353 0.0180028 0.0126126
0 0.793041 0.836069 0.0124601 0.0106217
0 0.326474 0.507012 0.0193835 0.0118767
0 0.265848 0.801675 0.018935 0.0140887
0 0.0484775 0.111498 0.0123801 0.0114772
0 0.294868 0.3364 0.0137743 0.0147113
0 0.705848 0.347055 0.0132904 0.0140241
0 0.12647 0.265042 0.0174851 0.0133151
0 0.702902 0.873875 0.0175797 0.0134614
0 0.829037 0.991426 0.0146949 0.0165269
0 0.21521 0.0728044 0.00985092 0.00984882
0 0.385273 0.446723 0.0123518 0.0121866
0 0.526456 0.418744 0.0123472 0.0104071
0 0.42577 0.023145 0.0149186 0.0119279
0 0.0858955 0.0806753 0.0135694 0.01352
0 0.624508 0.407421 0.0111786 0.0074794
0 0.487832 0.784611 0.0120668 0.008219
0 0.717582 0.834221 0.0136274 0.012243
0 0.781581 0.978102 0.0176094 0.0158261
0 0.447339 0.236988 0.0145771 0.00988461
0 0.0160051 0.322263 0.0133257 0.00988582
0 0.308653 0.327271 0.0151775 0.0105546
0 0.711715 0.145361 0.0120258 0.0126149
0 0.995993 0.810506 0.00798881 0.0150903
0 0.206955 0.415904 0.0169013 0.0195038
0 0.427268 0.432419 0.012192 0.0142293
0 0.123526 0.199712 0.0130415 0.0120581
0 0.942274 0.246137 0.0138495 0.0148861
