0 0.419541 0.0889467 0.0227708 0.020406
0 0.875707 0.770145 0.0240359 0.0202244
0 0.936681 0.817005 0.0252572 0.0199496
0 0.902515 0.688818 0.0217561 0.0215081
0 0.571458 0.485895 0.024148 0.0216441
0 0.47421 0.695637 0.0201702 0.0163345
0 0.309299 0.883981 0.0194388 0.0194217
0 0.852825 0.921108 0.0250741 0.0217256
0 0.485642 0.546766 0.0264542 0.0185502
0 0.54569 0.361573 0.023621 0.0205497
0 0.598988 0.245901 0.0266355 0.0189274
0 0.900353 0.185865 0.0248851 0.0200052
0 0.368614 0.745112 0.0253992 0.0231814
0 0.247319 0.581096 0.0233065 0.0172088
0 0.0382055 0.477083 0.0227478 0.0216015
0 0.892473 0.594569 0.0220999 0.0195616
0 0.909911 0.379588 0.0220267 0.019071
0 0.685286 0.320597 0.020912 0.0182302
0 0.74383 0.419135 0.024604 0.0194483
0 0.415783 0.641797 0.0215715 0.020104
0 0.888991 0.253261 0.0229922 0.0197009
0 0.193846 0.118215 0.0231436 0.0217484
0 0.743165 0.3434 0.0267749 0.0208349
0 0.598059 0.595859 0.0247141 0.0230662
0 0.280363 0.210864 0.0239466 0.0215017
0 0.235108 0.130561 0.0285379 0.0199248
0 0.0815558 0.740564 0.0222223 0.0175061
0 0.727008 0.925231 0.0213733 0.0182917
0 0.882133 0.305755 0.0238563 0.0224391
0 0.578893 0.55457 0.0258949 0.0251691
0 0.838348 0.880669 0.017781 0.0141738
0 0.339284 0.882383 0.0260478 0.0210935
0 0.0447522 0.699672 0.0190066 0.0194692
0 0.817304 0.882728 0.0184869 0.0161649
0 0.621517 0.463772 0.0258741 0.0216271
0 0.462717 0.0612492 0.0262803 0.0185455
0 0.395698 0.906575 0.0300608 0.0265733
0 0.51067 0.0463188 0.0225203 0.0217605
0 0.567603 0.367841 0.021759 0.0214097
0 0.905749 0.0708776 0.025273 0.0210512
0 0.623023 0.215259 0.0152455 0.00998956
0 0.779082 0.105744 0.0232943 0.0191102
0 0.516587 0.0866835 0.023744 0.0244915
0 0.912865 0.127188 0.021181 0.0197947
0 0.324481 0.653891 0.0212705 0.0162289
0 0.624977 0.326483 0.0306871 0.0205809
0 0.449827 0.213277 0.0207416 0.0173334
0 0.994022 0.303148 0.0119561 0.0154327
0 0.963713 0.774601 0.0259302 0.0271017
0 0.680937 0.822793 0.0243028 0.0268816
0 0.0992872 0.447422 0.0225025 0.0205813
0 0.806065 0.0742049 0.0251073 0.021246
0 0.399597 0.771443 0.0307771 0.0256857
0 0.966587 0.678793 0.0241282 0.0183984
0 0.215078 0.184925 0.0288128 0.0215016
0 0.590773 0.959481 0.0220806 0.0207955
0 0.129255 0.87382 0.0243969 0.0201946
0 0.629108 0.303352 0.0228612 0.0177672
0 0.91199 0.616097 0.0210127 0.0170435
0 0.866164 0.131244 0.0246514 0.0266168
0 0.449866 0.21944 0.0216919 0.0289426
0 0.364324 0.112963 0.0256852 0.0229153
0 0.869132 0.17282 0.0233858 0.025847
0 0.69241 0.410192 0.0288427 0.0263484
0 0.934012 0.10967 0.0211658 0.0164089
0 0.343174 0.989664 0.0300408 0.020556
0 0.952422 0.226446 0.0237609 0.0204753
0 0.353658 0.853965 0.0248231 0.0245801
0 0.0458533 0.899948 0.0279138 0.0262486
0 0.00360175 0.249729 0.0072035 0.0154814
0 0.460986 0.747356 0.0194166 0.0154321
0 0.486509 0.598819 0.0243745 0.0168539
0 0.304905 0.186229 0.0216899 0.0177886
0 0.879451 0.692552 0.0246582 0.023107
0 0.994804 0.0482984 0.0103695 0.0207166
0 0.348149 0.239315 0.0223911 0.0162529
0 0.195277 0.0329654 0.0243961 0.0193321
0 0.513302 0.510958 0.0191292 0.014506
0 0.972418 0.247847 0.0186315 0.0142823
0 0.449731 0.021978 0.0272465 0.0219447
0 0.61233 0.936858 0.0240251 0.0210406
0 0.739061 0.547606 0.0252692 0.020883
0 0.702755 0.801793 0.029776 0.0302204
0 0.321449 0.564515 0.0172622 0.016754
0 0.529981 0.122109 0.0346514 0.0238449
0 0.896994 0.115757 0.0282794 0.0290125
0 0.82041 0.267404 0.0259149 0.0196518
0 0.141843 0.707003 0.0213496 0.0233434
0 0.0338392 0.63057 0.0151265 0.0144798
0 0.708623 0.739276 0.020451 0.0182714
0 0.104175 0.49797 0.0235133 0.021584
0 0.140769 0.487634 0.0183209 0.0121228
0 0.456445 0.452741 0.0243233 0.0182843
0 0.0933611 0.538876 0.026477 0.029594
0 0.167645 0.872464 0.0271768 0.0252724
0 0.749946 0.164246 0.0214736 0.0229935
0 0.81664 0.244654 0.0253789 0.0180188
0 0.674866 0.476406 0.024048 0.0189703
0 0.131332 0.229292 0.0254583 0.0184773
0 0.187612 0.939684 0.0247202 0.0265894
0 0.171244 0.967777 0.0245422 0.0279014
0 0.89423 0.950362 0.0276736 0.0224692
0 0.988121 0.757757 0.0237583 0.0261114
0 0.830216 0.925556 0.0210432 0.0253699
0 0.716318 0.859506 0.022681 0.0221743
0 0.698259 0.142152 0.0225694 0.0171651
0 0.261741 0.935587 0.0258205 0.0252395
0 0.0239151 0.251902 0.0182535 0.0178227
0 0.489224 0.0335407 0.0256023 0.0231089
0 0.18793 0.944933 0.0236627 0.0189453
0 0.517041 0.967383 0.0285621 0.0296514
0 0.835679 0.697496 0.0233024 0.019165
0 0.261921 0.67564 0.0300276 0.0166333
0 0.374756 0.646063 0.0202388 0.0215847
0 0.987928 0.637944 0.0193975 0.0183262
0 0.501089 0.192858 0.0262046 0.022419
0 0.0197715 0.68475 0.0268799 0.0215405
0 0.603817 0.83557 0.0287221 0.0188995
0 0.76388 0.519638 0.0287064 0.0220961
0 0.162766 0.550344 0.0170042 0.0142707
0 0.271033 0.044964 0.0244924 0.0219058
0 0.947772 0.426988 0.0248426 0.0241452
0 0.635631 0.176453 0.0198037 0.0172147
0 0.837056 0.619634 0.0246441 0.0209643
0 0.812152 0.871473 0.0218798 0.0183105
0 0.903482 0.806255 0.0245259 0.0217946
0 0.24957 0.307723 0.0174094 0.0128849
0 0.924212 0.588656 0.0229654 0.021078
0 0.766114 0.389508 0.0276335 0.020914
0 0.331947 0.110789 0.0309558 0.0294765
0 0.330909 0.0578512 0.0233438 0.0177953
0 0.414224 0.992394 0.0265426 0.0152127
0 0.24086 0.855685 0.0213184 0.019479
0 0.512259 0.660625 0.0314055 0.0185469
0 0.586583 0.771527 0.0264451 0.0219275
0 0.503657 0.842579 0.0194332 0.0182755
0 0.151525 0.407064 0.0210413 0.0195116
0 0.294785 0.431766 0.0257756 0.0219625
0 0.89776 0.924709 0.0277179 0.0201752
0 0.635676 0.883473 0.0214216 0.020487
0 0.161851 0.171772 0.0243589 0.0194995
0 0.698524 0.176999 0.0213495 0.021738
0 0.0478037 0.778775 0.0201582 0.0167262
0 0.355772 0.858333 0.0221536 0.0174301
0 0.00763523 0.129948 0.0152705 0.0198596
0 0.700574 0.937884 0.0267818 0.0165275
0 0.814922 0.00255415 0.0142747 0.00510831
0 0.419871 0.451857 0.0284426 0.0278212
0 0.507924 0.99228 0.0322689 0.0154393
0 0.619966 0.0197836 0.0272012 0.0248469
0 0.641738 0.061198 0.0290359 0.0247914
0 0.60944 0.786435 0.0259635 0.0199078
0 0.812833 0.451286 0.0177378 0.01545
0 0.052853 0.636618 0.0241697 0.0217068
0 0.485504 0.594684 0.0282656 0.0243827
0 0.697754 0.415772 0.0190706 0.015804
0 0.0942766 0.536968 0.0254481 0.0215818
0 0.567189 0.924848 0.0258541 0.0201075
0 0.2149 0.0359757 0.0209623 0.0197863
0 0.986138 0.866593 0.0171338 0.0138045
0 0.527651 0.70018 0.0247859 0.0202693
0 0.241564 0.419126 0.0171447 0.0146365
0 0.193962 0.532212 0.0224816 0.0144857
0 0.159919 0.675467 0.025416 0.0230214
0 0.284043 0.307128 0.0180985 0.0159861
0 0.996211 0.862529 0.00757718 0.0149934
0 0.231541 0.603218 0.0261216 0.0202596
0 0.716588 0.883768 0.0241553 0.017222
0 0.43627 0.417937 0.0227249 0.0182088
0 0.662839 0.119048 0.0234847 0.0160156
0 0.956297 0.957333 0.03001 0.0294949
0 0.924053 0.518512 0.0228921 0.0195798
0 0.0661264 0.108458 0.0275484 0.0256149
0 0.776712 0.581366 0.0289398 0.0204558
0 0.711124 0.702665 0.0171194 0.0148327
0 0.0610805 0.740546 0.015665 0.0178705
0 0.130827 0.614426 0.0211503 0.0185311
0 0.40163 0.293989 0.0278448 0.0253181
0 0.858226 0.606258 0.0174924 0.0261604
0 0.535586 0.624319 0.0265664 0.0231153
0 0.494491 0.978667 0.0278876 0.0196021
0 0.495561 0.712736 0.0118165 0.0109115
0 0.342775 0.275352 0.0240339 0.0243202
0 0.56115 0.664362 0.0264276 0.0211266
0 0.767947 0.97454 0.0232281 0.0176807
0 0.313322 0.932076 0.0228737 0.0174437
0 0.8357 0.520029 0.0204793 0.0195022
0 0.653808 0.720371 0.0212026 0.0159259
0 0.706451 0.737621 0.0250457 0.0206748
0 0.94749 0.565618 0.0276797 0.0275223
0 0.67977 0.0490102 0.0268163 0.0236284
0 0.059701 0.0296987 0.0288713 0.0237073
0 0.0871739 0.204543 0.0277339 0.0280602
0 0.0818851 0.987469 0.0299008 0.0236118
0 0.742026 0.548955 0.0202098 0.0180086
0 0.557065 0.131975 0.0252017 0.0156425
0 0.569831 0.429182 0.0311939 0.0205805
0 0.146148 0.3014 0.0164848 0.0136063
0 0.813761 0.876694 0.0248416 0.0279261
0 0.430988 0.537186 0.0177688 0.0152593
0 0.33345 0.834705 0.0231965 0.0268747
0 0.0574044 0.31312 0.0212193 0.0209184
0 0.277087 0.111964 0.0298014 0.02556
0 0.572697 0.403832 0.0269297 0.0215982
0 0.136412 0.425002 0.029457 0.025421
0 0.164266 0.499508 0.0221605 0.018001
0 0.814963 0.881159 0.0223671 0.0184797
0 0.759546 0.0597245 0.0188579 0.0165151
0 0.60762 0.0871517 0.0265465 0.0224513
0 0.135291 0.597964 0.0239822 0.0181003
0 0.994909 0.72795 0.0101812 0.0190977
0 0.399888 0.657893 0.0258919 0.0207121
0 0.060629 0.744001 0.0157539 0.0249797
0 0.759087 0.324566 0.0238872 0.0199868
0 0.51423 0.79793 0.0191604 0.0207513
0 0.946951 0.0661017 0.023793 0.0206276
0 0.135725 0.0787398 0.0263482 0.0256606
0 0.414581 0.591692 0.0218277 0.0159951
0 0.680381 0.900798 0.0191864 0.0152786
0 0.358159 0.270709 0.0164476 0.0164757
0 0.206502 0.488301 0.0198928 0.0180624
0 0.477793 0.712875 0.0243508 0.0170058
0 0.993649 0.199616 0.0127012 0.0147261
0 0.0463763 0.24927 0.0276561 0.0240656
0 0.255215 0.773123 0.0257196 0.0229037
0 0.286736 0.291341 0.0303203 0.0174799
0 0.308674 0.800819 0.0174699 0.0155203
0 0.571882 0.524655 0.0217258 0.0202839
0 0.869153 0.856074 0.0255604 0.0274398
0 0.00675542 0.187601 0.0135108 0.0145559
0 0.89481 0.44737 0.026002 0.0236234
0 0.568361 0.00389173 0.0200133 0.00778346
0 0.0248402 0.118901 0.0166391 0.0142454
0 0.228676 0.761855 0.0184864 0.0131893
0 0.737324 0.866555 0.0234174 0.0189903
0 0.944679 0.601636 0.0364343 0.0314693
0 0.993695 0.618891 0.012543 0.0254697
0 0.150278 0.216751 0.0196969 0.0161159
0 0.0888329 0.696011 0.0170211 0.0171238
0 0.0391843 0.718979 0.0151128 0.0127928
0 0.313937 0.934918 0.0217964 0.0132291
0 0.606887 0.443756 0.0188058 0.0107056
0 0.640202 0.108445 0.0242279 0.0208944
0 0.503536 0.197036 0.02054 0.0148952
0 0.989962 0.245778 0.0165032 0.0149476
0 0.822093 0.752657 0.0271156 0.0200562
0 0.247499 0.480931 0.0241193 0.0260998
0 0.136183 0.0828677 0.0257335 0.0185017
0 0.997131 0.707553 0.00567853 0.0133011
0 0.230984 0.953439 0.0236171 0.0182565
0 0.413959 0.0190829 0.0273572 0.0255181
0 0.173948 0.774888 0.0221691 0.0127239
0 0.0984969 0.133695 0.0323628 0.0195736
0 0.174233 0.776944 0.0132374 0.00956011
0 0.508983 0.152811 0.0148499 0.0111493
0 0.99476 0.575398 0.0104795 0.0157216
0 0.618728 0.869719 0.0239764 0.0236363
0 0.365155 0.778455 0.0184329 0.016275
0 0.617711 0.65045 0.0256805 0.0179504
0 0.756721 0.093025 0.028846 0.0215007
0 0.901839 0.925423 0.0206065 0.0185164
0 0.868485 0.168681 0.0228702 0.0177873
0 0.0803558 0.647877 0.0216088 0.0116957
0 0.945351 0.185036 0.0208519 0.0206597
0 0.732944 0.798811 0.0294939 0.0295649
0 0.188398 0.339096 0.0291254 0.0209732
0 0.704788 0.805832 0.0256732 0.0205266
0 0.387935 0.50122 0.0238457 0.022594
0 0.0980054 0.534896 0.0166074 0.0167694
0 0.675509 0.549603 0.0281996 0.0192932
0 0.123135 0.991365 0.0298004 0.0169197
0 0.369424 0.69113 0.029145 0.025066
0 0.17277 0.768297 0.026051 0.0232242
0 0.688752 0.409675 0.0218694 0.022241
0 0.514933 0.161796 0.0228596 0.017122
0 0.992925 0.227103 0.0141504 0.0132855
0 0.413458 0.0229225 0.0262485 0.0200438
0 0.432731 0.418085 0.0278693 0.0211941
0 0.992249 0.196618 0.0155022 0.01906
0 0.589509 0.439434 0.0216219 0.0147812
0 0.555114 0.171817 0.0240775 0.0138779
0 0.572959 0.425734 0.0350921 0.025335
0 0.553157 0.58934 0.0220509 0.0218785
0 0.242463 0.645018 0.0191379 0.0192621
0 0.293205 0.923181 0.0202416 0.0181504
0 0.542711 0.864222 0.0209216 0.0168126
0 0.353033 0.850137 0.0235809 0.016534
0 0.617131 0.0161029 0.0226448 0.0186025
0 0.269832 0.24785 0.0184697 0.013981
0 0.64405 0.110547 0.0211232 0.0182305
0 0.169376 0.875684 0.0236342 0.0195773
0 0.923001 0.0894676 0.0261958 0.022373
0 0.164617 0.456899 0.0246397 0.0191155
0 0.788211 0.771532 0.0253582 0.0195674
0 0.514571 0.801421 0.0184107 0.0160986
0 0.0320049 0.723153 0.0285284 0.0231395
0 0.821819 0.747779 0.0289733 0.0299491
0 0.364451 0.0980444 0.0294207 0.0238859
0 0.508848 0.242271 0.0181149 0.015826
0 0.989917 0.192647 0.0201663 0.0149474
0 0.784857 0.768801 0.0319983 0.0244134
0 0.906627 0.399281 0.0258545 0.0182244
0 0.163989 0.495429 0.0231364 0.0253746
0 0.287918 0.307478 0.025952 0.0185528
0 0.568099 0.314934 0.0172874 0.0121381
0 0.828871 0.293489 0.0200825 0.0153012
0 0.165898 0.549831 0.022487 0.0158424
0 0.208078 0.065471 0.0264632 0.021344
0 0.973189 0.623195 0.0236537 0.0166121
0 0.631362 0.235214 0.0173624 0.0143675
0 0.55202 0.192915 0.023861 0.0187312
0 0.170189 0.54073 0.0225855 0.0188341
0 0.274482 0.596117 0.0266032 0.016765
0 0.993629 0.614535 0.0127063 0.0177054
0 0.630333 0.327885 0.0208377 0.0184583
0 0.325454 0.467073 0.0151249 0.0154912
0 0.187016 0.935878 0.023527 0.0196618
0 0.552851 0.0932586 0.0349304 0.0249357
0 0.631589 0.709144 0.0390898 0.0368243
0 0.342883 0.0122168 0.0268297 0.0222567
0 0.306467 0.40467 0.0290421 0.0168366
0 0.168038 0.325063 0.0267733 0.0178101
0 0.0630016 0.678072 0.0208142 0.0171472
0 0.473524 0.0930035 0.0119637 0.0133792
0 0.0572517 0.583891 0.0360621 0.0230688
0 0.473436 0.422384 0.0315467 0.0166282
0 0.891625 0.591809 0.0215097 0.0151412
0 0.411058 0.587319 0.027102 0.0234001
0 0.963139 0.639178 0.020589 0.0158137
0 0.399662 0.911376 0.023171 0.0166034
0 0.64724 0.243991 0.0181863 0.0161676
0 0.460033 0.744235 0.0218308 0.0207679
0 0.480082 0.571642 0.0255719 0.0192589
0 0.397215 0.133134 0.0306981 0.0253502
0 0.407852 0.814904 0.038037 0.0422451
0 0.409818 0.0449614 0.0211727 0.0215067
0 0.861491 0.663605 0.0235953 0.0225103
0 0.131257 0.00861397 0.0446589 0.0171148
0 0.311097 0.929991 0.021657 0.020177
0 0.750281 0.167451 0.0197273 0.018246
0 0.80928 0.12676 0.0237041 0.0218929
0 0.39826 0.776166 0.0254712 0.0161097
0 0.969119 0.0910132 0.0400517 0.0419005
0 0.0910501 0.533399 0.0210833 0.0178508
0 0.877918 0.912104 0.0234396 0.0151734
0 0.0139184 0.0406277 0.0221404 0.0150762
0 0.361128 0.250978 0.024136 0.015309
0 0.881029 0.302802 0.0241176 0.0192682
0 0.800587 0.598756 0.0215181 0.0144991
0 0.408092 0.581036 0.0199187 0.010629
0 0.986969 0.800087 0.0260622 0.025733
0 0.937951 0.676527 0.021154 0.0142717
0 0.987198 0.728011 0.0196922 0.0186287
0 0.400841 0.766118 0.0253414 0.0167782
0 0.97095 0.249046 0.0229229 0.0155326
0 0.334237 0.828953 0.0206082 0.015866
0 0.727426 0.0983223 0.0308077 0.0204244
0 0.962053 0.779296 0.0220242 0.0171759
0 0.00749418 0.79241 0.0149884 0.0149025
0 0.538648 0.62996 0.0241299 0.0161505
0 0.598094 0.0437586 0.0202825 0.0175527
0 0.0858961 0.809707 0.0205881 0.0147835
0 0.16833 0.544121 0.0266182 0.0253082
0 0.705002 0.0922863 0.00933629 0.00968195
0 0.918784 0.00405577 0.0234813 0.00811154
0 0.567171 0.362519 0.0190204 0.0121726
0 0.771726 0.177963 0.0194485 0.0163044
0 0.0292987 0.724958 0.0246858 0.0194139
0 0.790647 0.829452 0.0203005 0.0154841
0 0.404216 0.327352 0.0175668 0.0126061
0 0.173748 0.54262 0.017098 0.0189016
0 0.892365 0.655769 0.0200043 0.0154411
0 0.656046 0.724041 0.0267439 0.0227008
0 0.59405 0.632261 0.0214005 0.0205213
0 0.97242 0.601248 0.0206172 0.0189024
0 0.83015 0.92129 0.0201351 0.0178541
0 0.741908 0.0427368 0.0230573 0.0169404
0 0.732824 0.794373 0.0291115 0.0218155
0 0.532655 0.700132 0.0339599 0.021126
0 0.465604 0.766427 0.011811 0.0110133
0 0.0298617 0.138752 0.0176015 0.0143577
0 0.190304 0.56167 0.0181727 0.015822
0 0.749559 0.160208 0.0210602 0.0168597
0 0.325007 0.41536 0.0147516 0.0160031
0 0.719514 0.659402 0.0402989 0.0202435
0 0.473592 0.299654 0.0156796 0.0114332
0 0.451735 0.803828 0.0213089 0.0201283
0 0.898703 0.952698 0.0193346 0.0175768
0 0.873071 0.5438 0.0284809 0.0176281
0 0.510957 0.154425 0.0190214 0.0157463
0 0.968507 0.456105 0.0202932 0.0164358
0 0.564431 0.16689 0.0240883 0.0192545
0 0.808788 0.712195 0.0254086 0.0186623
0 0.821947 0.221648 0.0295027 0.0227625
0 0.724402 0.161726 0.0208139 0.0142929
0 0.060283 0.0331492 0.0287254 0.0173337
0 0.97823 0.310863 0.012062 0.00843048
0 0.440774 0.841395 0.021486 0.0152279
0 0.580487 0.840861 0.0212556 0.0224721
0 0.733556 0.836711 0.025465 0.0278742
0 0.121247 0.341418 0.01977 0.014582
0 0.2496 0.355172 0.0377588 0.0288138
0 0.278892 0.729322 0.0323232 0.0296586
0 0.461418 0.491724 0.0258188 0.0140638
0 0.253085 0.243711 0.0251932 0.0182787
0 0.769295 0.635144 0.0233508 0.0271249
0 0.533896 0.755595 0.0193626 0.0150561
0 0.792845 0.989192 0.0301359 0.0208077
0 0.246647 0.79297 0.0143839 0.0114277
0 0.906377 0.982856 0.0212152 0.0222473
0 0.566984 0.371786 0.0222661 0.0228651
0 0.32922 0.0449871 0.0214371 0.0143268
0 0.161999 0.487746 0.0182799 0.0147606
0 0.388397 0.50507 0.0274516 0.0296535
0 0.138743 0.0845795 0.0252075 0.0167307
0 0.245101 0.961536 0.0237579 0.0152737
0 0.690928 0.59772 0.0262581 0.0232961
0 0.881067 0.696591 0.0238229 0.0162607
0 0.849317 0.730635 0.0231638 0.0169931
0 0.572671 0.797328 0.0300895 0.0266176
0 0.82212 0.290617 0.0338414 0.0226828
0 0.80658 0.827174 0.0118639 0.010576
0 0.813559 0.514028 0.0248829 0.0210338
0 0.412133 0.626352 0.0156362 0.00937647
0 0.822667 0.755082 0.0245529 0.0164024
0 0.120136 0.337721 0.0220304 0.0212516
0 0.119063 0.334452 0.0220464 0.0227859
0 0.801913 0.148274 0.0286937 0.0229714
0 0.274513 0.114512 0.0260522 0.0205394
0 0.591891 0.287211 0.0177019 0.0160986
0 0.513913 0.158653 0.0251741 0.0226906
0 0.0884091 0.532238 0.0162504 0.0182452
0 0.0309123 0.977999 0.0209056 0.0232451
0 0.742765 0.552741 0.0170547 0.0115598
0 0.709709 0.613565 0.0218003 0.010164
0 0.542606 0.697396 0.0156986 0.0174983
0 0.30971 0.405877 0.0262469 0.0161932
0 0.988775 0.864611 0.0221094 0.0185924
0 0.663827 0.499993 0.0267186 0.0216267
0 0.578612 0.420644 0.0249845 0.0218811
0 0.579732 0.846365 0.0156426 0.0136585
0 0.570256 0.31059 0.0245664 0.0209753
0 0.510387 0.244119 0.0218289 0.0208485
0 0.455697 0.743441 0.0293589 0.0212519
0 0.48198 0.775195 0.0236843 0.0175004
0 0.442668 0.830208 0.0248988 0.0189524
0 0.890241 0.565461 0.0307254 0.0283169
0 0.164875 0.697441 0.00980408 0.00811327
0 0.116228 0.848443 0.0156863 0.0148382
0 0.201943 0.986901 0.0182745 0.0116525
0 0.629812 0.299731 0.0247967 0.0225421
0 0.990703 0.249792 0.0175943 0.0219694
0 0.0294898 0.197251 0.0228842 0.0199036
0 0.56575 0.89927 0.0232149 0.021338
0 0.400449 0.13568 0.0277143 0.0186861
0 0.869462 0.231583 0.0267246 0.0198497
0 0.514064 0.245919 0.0286171 0.0225655
0 0.00685665 0.190671 0.0137133 0.0192546
0 0.705701 0.0730046 0.020584 0.019622
0 0.349792 0.806376 0.0237097 0.0203016
0 0.896011 0.121443 0.0248339 0.0184534
0 0.424826 0.417598 0.0119585 0.0101833
0 0.640779 0.0651821 0.0284234 0.0168554
0 0.496705 0.833906 0.0299121 0.0238316
0 0.637551 0.640294 0.0232192 0.0169631
0 0.766322 0.667344 0.0228109 0.0222884
0 0.192322 0.21061 0.0254825 0.0224074
0 0.211011 0.842641 0.0264213 0.0225656
0 0.934319 0.298761 0.0095768 0.00888085
0 0.991777 0.982754 0.0164288 0.0153229
0 0.651555 0.971075 0.0202324 0.0196272
0 0.212922 0.182248 0.0252715 0.0173805
0 0.343998 0.27911 0.0230328 0.0172413
0 0.534553 0.621697 0.0237294 0.0180888
0 0.352601 0.787749 0.0264661 0.0171681
0 0.201129 0.0509269 0.0246813 0.0164567
0 0.28085 0.72423 0.0286357 0.0198436
0 0.332889 0.838914 0.0226899 0.019693
0 0.670131 0.179388 0.0289493 0.0230739
0 0.61854 0.961723 0.0171753 0.0110857
0 0.405592 0.763783 0.0145217 0.0105721
0 0.884391 0.98474 0.0230732 0.016348
0 0.36641 0.00457883 0.0185335 0.00915767
0 0.580749 0.551374 0.0237356 0.0193796
0 0.690771 0.619564 0.0203757 0.0172964
0 0.623891 0.560082 0.0561945 0.0600297
0 0.808505 0.798543 0.0256939 0.0220665
0 0.580309 0.837349 0.0207503 0.0191696
0 0.748087 0.996848 0.0258725 0.00630337
0 0.513485 0.912275 0.0250491 0.0221684
0 0.686213 0.406728 0.0165051 0.0175668
0 0.790704 0.972625 0.0194839 0.0124359
0 0.405969 0.299155 0.0205544 0.0155863
0 0.971983 0.246126 0.0222607 0.0175078
0 0.630911 0.278464 0.0216889 0.0155547
0 0.323557 0.672332 0.0193849 0.0132505
0 0.765642 0.662666 0.0202352 0.0136561
0 0.420318 0.447639 0.0270672 0.0198744
0 0.394888 0.137031 0.0261295 0.0185115
0 0.278993 0.116727 0.0259449 0.0173015
0 0.468057 0.804527 0.0179284 0.0143361
0 0.616377 0.0499757 0.0240631 0.0185007
0 0.69897 0.625056 0.0158844 0.0149648
0 0.0458507 0.253235 0.0270465 0.0168107
0 0.404943 0.041164 0.030694 0.0274173
0 0.243856 0.868514 0.0173 0.0134378
0 0.271002 0.581124 0.0177223 0.0139683
0 0.192394 0.426831 0.0354849 0.0342432
0 0.369299 0.740188 0.0237906 0.016073
0 0.948407 0.569495 0.0273814 0.0192642
0 0.363987 0.106705 0.0239662 0.0127545
0 0.262343 0.751276 0.0273234 0.0228817
0 0.548198 0.588256 0.0301232 0.0260246
0 0.396053 0.126545 0.0213869 0.0115358
0 0.197597 0.867971 0.0138513 0.00971729
0 0.804681 0.176158 0.0167992 0.0133919
0 0.811527 0.800303 0.0206036 0.0186774
0 0.642208 0.104485 0.0256256 0.018654
0 0.104365 0.392014 0.0225875 0.0217292
0 0.445231 0.831951 0.0209312 0.0201942
0 0.0148996 0.0430877 0.0235452 0.0193142
0 0.740928 0.544276 0.020878 0.0177898
0 0.586335 0.767574 0.0251994 0.0169808
0 0.521164 0.251804 0.0158476 0.0123394
0 0.341141 0.47166 0.0203238 0.0170863
0 0.658801 0.497294 0.018481 0.0177002
0 0.515172 0.903233 0.0225525 0.0154877
0 0.992632 0.726786 0.0146835 0.0189655
0 0.00955692 0.784657 0.0188036 0.0147138
0 0.731468 0.832285 0.0235288 0.0204192
0 0.976234 0.263444 0.0318269 0.0148943
0 0.456525 0.602374 0.0225873 0.0190706
0 0.652134 0.284355 0.0228981 0.0231237
0 0.655575 0.0449832 0.0130149 0.0142485
0 0.29751 0.304977 0.016222 0.0153868
0 0.830967 0.794014 0.0227888 0.0163103
0 0.538095 0.293503 0.0243056 0.0232599
0 0.581321 0.417685 0.0196298 0.0170366
0 0.474963 0.429268 0.0324931 0.0275088
0 0.776188 0.764323 0.0132094 0.0113124
0 0.814143 0.516663 0.0227035 0.0167196
0 0.196609 0.866382 0.0172722 0.0132891
0 0.700085 0.627373 0.0175545 0.0124356
0 0.197163 0.421177 0.0247001 0.0150736
0 0.403388 0.536093 0.0233434 0.0145844
0 0.888414 0.951051 0.0190131 0.0209839
0 0.861861 0.490591 0.0219219 0.0211489
0 0.548421 0.194067 0.030901 0.0206323
0 0.243185 0.526486 0.0522941 0.0464603
0 0.76784 0.0445535 0.016031 0.0134111
0 0.172214 0.440679 0.0282024 0.0190525
0 0.335965 0.470264 0.0287527 0.0206116
0 0.700632 0.0731166 0.0302438 0.0211741
0 0.515709 0.915952 0.0229885 0.0171937
0 0.443739 0.837355 0.0232017 0.0149721
0 0.150801 0.47172 0.0138671 0.0151447
0 0.702052 0.734686 0.0269294 0.0177277
0 0.511867 0.156545 0.0221965 0.0184538
0 0.467959 0.282184 0.0209213 0.0234728
0 0.869383 0.851662 0.0250903 0.0217973
0 0.792907 0.0338945 0.0174296 0.0150961
0 0.989873 0.800549 0.0200669 0.0194916
0 0.90196 0.0226514 0.0223663 0.0192641
0 0.758611 0.283222 0.0148241 0.0132137
0 0.253884 0.654401 0.0208746 0.0161717
0 0.963889 0.964725 0.0164454 0.0138352
0 0.914559 0.536655 0.0178536 0.0191686
0 0.803631 0.59919 0.0230245 0.0131088
0 0.860425 0.347992 0.0229823 0.0212221
0 0.268466 0.0423499 0.0223334 0.0182023
0 0.989951 0.288775 0.0164369 0.0118699
0 0.541104 0.631919 0.0190336 0.0128917
0 0.485688 0.263259 0.0279929 0.0236386
0 0.680237 0.463121 0.0264706 0.0134299
0 0.279322 0.00661149 0.0176527 0.013223
0 0.79477 0.991477 0.0304569 0.0166675
0 0.175153 0.595653 0.0201887 0.0176219
0 0.599214 0.975226 0.0164927 0.0117429
0 0.229038 0.127735 0.0177761 0.0154057
0 0.395302 0.903249 0.0279605 0.0196546
0 0.204644 0.0625587 0.0262332 0.0178259
0 0.215339 0.769712 0.0176426 0.0159922
0 0.443065 0.652262 0.0155793 0.0112295
0 0.461581 0.174915 0.0295132 0.026027
0 0.762123 0.437089 0.0289443 0.0262378
0 0.949963 0.597563 0.0253036 0.0239628
0 0.425211 0.771707 0.0193843 0.0268665
0 0.413804 0.627275 0.0191162 0.0128388
0 0.948481 0.593547 0.0227799 0.0155745
0 0.266039 0.756138 0.0236932 0.0151325
0 0.693699 0.622051 0.025144 0.0195747
0 0.767556 0.0411877 0.0179502 0.0194948
0 0.278257 0.72116 0.0247484 0.0131276
0 0.579416 0.295657 0.0171984 0.0137068
0 0.274133 0.109419 0.0250968 0.0197366
0 0.902613 0.188553 0.020539 0.0160443
0 0.737766 0.850184 0.0162811 0.0113058
0 0.360752 0.272822 0.0220485 0.0206172
0 0.631618 0.295614 0.021601 0.0160457
0 0.580254 0.558918 0.0244809 0.0173622
0 0.990637 0.986862 0.0187269 0.0227242
0 0.00866975 0.788484 0.0173395 0.0188269
0 0.0299225 0.0882412 0.0176169 0.013274
0 0.824197 0.168742 0.0156805 0.0157399
0 0.259457 0.405977 0.0185683 0.0129472
0 0.133793 0.0725954 0.0226327 0.0156923
0 0.8117 0.778326 0.0169541 0.0163996
0 0.765646 0.0381034 0.0219778 0.024185
0 0.657926 0.494813 0.0165781 0.0128213
0 0.619108 0.0521453 0.0181048 0.014722
0 0.278757 0.106419 0.0252108 0.0152824
0 0.905427 0.804109 0.0220304 0.0197123
0 0.762065 0.393361 0.0207266 0.0160508
0 0.254414 0.400501 0.0251164 0.0221035
0 0.532637 0.753073 0.0208079 0.0189427
0 0.368547 0.620792 0.0375172 0.023921
0 0.119021 0.329998 0.0190781 0.0141733
0 0.734755 0.804114 0.0267814 0.0203353
0 0.359021 0.660999 0.0197121 0.0131027
0 0.240804 0.860212 0.0231485 0.0281385
0 0.46842 0.287404 0.0188107 0.0152399
0 0.398661 0.127047 0.0242865 0.013541
0 0.308709 0.926017 0.0162254 0.013333
0 0.716348 0.449422 0.0227945 0.0207005
0 0.988192 0.803673 0.0234559 0.0237433
0 0.697345 0.73597 0.018666 0.0188943
0 0.790802 0.995955 0.00937152 0.00809062
0 0.784786 0.0590478 0.0196856 0.0203494
0 0.204074 0.0534457 0.0297164 0.0206699
0 0.243299 0.865504 0.019025 0.0180667
0 0.808596 0.15132 0.0157961 0.0169335
0 0.156572 0.0309729 0.0282351 0.0226923
0 0.730805 0.79494 0.0242855 0.0181927
0 0.795629 0.444935 0.0214526 0.0189444
0 0.40645 0.131878 0.0141806 0.0137231
0 0.893278 0.807182 0.0263094 0.0198875
0 0.0655362 0.113399 0.0252868 0.0176007
0 0.034368 0.977892 0.0260103 0.0311812
0 0.825183 0.170096 0.011618 0.0128554
0 0.796314 0.994562 0.0266652 0.0108761
0 0.693887 0.406528 0.0228843 0.0191668
0 0.702551 0.793979 0.0259058 0.0153461
0 0.0950012 0.131854 0.0321306 0.017088
0 0.517571 0.248543 0.0222556 0.0192504
0 0.337327 0.00360037 0.0148072 0.00720073
0 0.81605 0.00286906 0.0180755 0.00573813
0 0.457564 0.469337 0.0190381 0.0111212
0 0.08908 0.199031 0.0227902 0.0180186
0 0.80614 0.148659 0.0212721 0.0211329
0 0.492276 0.984052 0.0337833 0.0297443
0 0.173112 0.547874 0.0167564 0.0143719
0 0.417764 0.449404 0.0239414 0.0203232
0 0.0987325 0.940245 0.0180008 0.0145692
0 0.536797 0.628192 0.0270107 0.0207697
0 0.465259 0.276705 0.0153497 0.0130497
0 0.134954 0.078527 0.0345535 0.0284216
0 0.340993 0.473906 0.0182734 0.0140923
0 0.257509 0.402587 0.0228527 0.0191672
0 0.820846 0.422182 0.0146606 0.0100619
0 0.0804267 0.635497 0.0149271 0.0120721
0 0.281777 0.290233 0.0228418 0.0165747
0 0.986014 0.452127 0.0201645 0.0187742
0 0.771296 0.392276 0.0175473 0.0149778
0 0.459349 0.604899 0.028087 0.0224411
0 0.0850108 0.210164 0.025345 0.0206503
0 0.439327 0.476246 0.0201718 0.0129408
0 0.662587 0.0201902 0.0213419 0.0252647
0 0.663865 0.141304 0.0205046 0.02121
0 0.92068 0.0873743 0.0240936 0.0187807
0 0.730012 0.791635 0.0234585 0.0158707
0 0.424878 0.776367 0.0185514 0.0175221
0 0.940782 0.606644 0.0316698 0.0245957
0 0.199224 0.419504 0.0179938 0.01391
0 0.591867 0.53349 0.019181 0.0116268
0 0.192543 0.485158 0.0157678 0.0139332
0 0.752834 0.946025 0.0171415 0.0149925
0 0.427113 0.536077 0.0247989 0.0165442
0 0.778081 0.767945 0.0187806 0.0184947
0 0.447394 0.723058 0.0116502 0.00932312
0 0.200755 0.318524 0.0140246 0.0118248
0 0.367448 0.286889 0.0197752 0.0187028
0 0.622831 0.467407 0.0255951 0.0164303
0 0.767559 0.632194 0.0216623 0.0228359
0 0.789706 0.815461 0.0216873 0.0146426
0 0.0287196 0.142034 0.0203801 0.019859
0 0.654094 0.435494 0.0244413 0.0190818
0 0.41902 0.529058 0.0204286 0.0134848
0 0.312288 0.0440807 0.0180698 0.0159987
0 0.862492 0.495431 0.0198739 0.0160615
0 0.810299 0.869768 0.0185412 0.0163406
0 0.330377 0.0543637 0.021576 0.0174151
0 0.0187027 0.146624 0.0275607 0.0175472
0 0.066079 0.103534 0.0250338 0.0203496
0 0.171375 0.775718 0.0199516 0.0119288
0 0.274769 0.047816 0.0180449 0.0157684
0 0.755717 0.950894 0.015811 0.0104687
0 0.752155 0.222357 0.0280427 0.0326098
0 0.661668 0.729902 0.0172499 0.0146458
0 0.207346 0.991735 0.0240111 0.016109
0 0.342518 0.99213 0.0275567 0.0157391
0 0.466987 0.766744 0.0148484 0.0128986
0 0.251366 0.399554 0.0207416 0.0198327
0 0.897172 0.110041 0.0271025 0.0177998
0 0.293458 0.306186 0.0241729 0.0178012
0 0.0788385 0.00435461 0.0180238 0.00870922
0 0.42549 0.322512 0.0122533 0.0124308
0 0.469376 0.636607 0.0136997 0.0121046
0 0.743856 0.225637 0.014365 0.0153661
0 0.881488 0.673468 0.0176963 0.0144436
0 0.37887 0.0653547 0.0181231 0.010731
0 0.518841 0.745404 0.0170323 0.0160883
0 0.865371 0.126293 0.0217506 0.0168331
0 0.576013 0.410921 0.0222078 0.0111065
0 0.0552551 0.587954 0.0348766 0.0181307
0 0.0111102 0.783062 0.0155888 0.0127437
0 0.834362 0.616322 0.019767 0.0147065
0 0.665688 0.502301 0.0236468 0.0197138
0 0.83413 0.49061 0.0254306 0.0209292
0 0.756127 0.212807 0.017962 0.0148533
0 0.153313 0.818385 0.0152576 0.0141507
0 0.88341 0.30093 0.0205334 0.0172864
0 0.0203158 0.0680525 0.0224208 0.0195047
0 0.754828 0.229818 0.0225137 0.0184091
0 0.342207 0.270513 0.0216568 0.0146472
0 0.924456 0.511699 0.0217719 0.0144915
0 0.369659 0.3311 0.0146083 0.00788954
0 0.700322 0.172709 0.0183852 0.0148935
0 0.277854 0.843949 0.049894 0.0279856
0 0.458836 0.804423 0.0345954 0.0217876
0 0.820225 0.245056 0.0187852 0.0169305
0 0.329337 0.0489438 0.0213629 0.0112972
0 0.453967 0.0207622 0.0195879 0.0189158
0 0.987927 0.79504 0.0241457 0.0170939
0 0.472232 0.0919974 0.0152314 0.0142639
0 0.25815 0.244778 0.0325682 0.0197898
0 0.79703 0.748683 0.0195988 0.0226856
0 0.513506 0.792827 0.017955 0.0137959
0 0.192272 0.417919 0.0337754 0.0193447
0 0.887187 0.706558 0.0123707 0.0101344
0 0.284265 0.727725 0.0232656 0.017752
0 0.859102 0.609637 0.018119 0.0205685
0 0.735572 0.547439 0.0330552 0.0237609
0 0.0150997 0.047934 0.0233849 0.0175921
0 0.309253 0.880604 0.0180913 0.0161104
0 0.677425 0.464183 0.0215126 0.0116361
0 0.945206 0.991652 0.0284448 0.0163422
0 0.730161 0.830323 0.0201758 0.0160441
0 0.965423 0.770313 0.0230246 0.0187469
0 0.731832 0.801614 0.02606 0.0227257
0 0.64066 0.641589 0.0262581 0.0176351
0 0.452727 0.742483 0.0249209 0.0183709
0 0.870166 0.427946 0.0124131 0.0117642
