0 0.50390625 0.39375 0.05859375 0.0625
0 0.0640625 0.4734375 0.06171875 0.04609375
0 0.2359375 0.53359375 0.06171875 0.040625
0 0.17265625 0.5609375 0.0484375 0.05546875
0 0.12890625 0.0359375 0.07421875 0.040625
0 0.38828125 0.125 0.08203125 0.06015625
0 0.6234375 0.12890625 0.078125 0.0796875
0 0.50234375 0.1640625 0.08125 0.0546875
0 0.48046875 0.2796875 0.0796875 0.0484375
0 0.415625 0.228125 0.0421875 0.040625
0 0.37578125 0.5703125 0.0765625 0.05546875
0 0.2234375 0.8046875 0.0640625 0.05859375
0 0.3625 0.8703125 0.08359375 0.08125
0 0.25078125 0.96484375 0.08203125 0.04296875
0 0.059375 0.80703125 0.0625 0.07109375
0 0.5828125 0.6875 0.0546875 0.0359375
0 0.59296875 0.40078125 0.0890625 0.0515625
0 0.59375 0.490625 0.0515625 0.0515625
0 0.6421875 0.4921875 0.03203125 0.05859375
0 0.7 0.15390625 0.04609375 0.0375
0 0.33984375 0.3328125 0.065625 0.03203125
0 0.28359375 0.37890625 0.04609375 0.0296875
0 0.37421875 0.42890625 0.06171875 0.03515625
0 0.771875 0.0421875 0.03359375 0.05859375
0 0.81171875 0.03515625 0.02265625 0.053125
0 0.83125 0.1046875 0.05 0.0421875
0 0.7359375 0.28203125 0.0546875 0.0640625
0 0.7578125 0.3421875 0.0640625 0.03203125
0 0.75390625 0.39140625 0.0546875 0.03515625
0 0.74921875 0.4546875 0.0640625 0.053125
0 0.809375 0.48984375 0.0359375 0.05546875
0 0.7546875 0.7 0.06171875 0.05703125
0 0.6625 0.7109375 0.04765625 0.04609375
0 0.54375 0.615625 0.0546875 0.040625
0 0.91015625 0.6546875 0.0484375 0.0515625
0 0.903125 0.8234375 0.0546875 0.05
0 0.603125 0.80859375 0.05703125 0.0484375
0 0.5828125 0.88984375 0.06171875 0.04453125
0 0.89140625 0.39765625 0.05 0.0421875
0 0.9703125 0.5703125 0.00703125 0.003125
0 0.98046875 0.5921875 0.0390625 0.05078125
0 0.98828125 0.178125 0.0234375 0.05703125
0 0.9609375 0.0296875 0.0671875 0.040625
0 0.0296875 0.0234375 0.04296875 0.02265625
0 0.65390625 0.04375 0.0875 0.04609375
0 0.9859375 0.8234375 0.02734375 0.0484375