0 0.0875 0.1203125 0.05703125 0.07109375
0 0.37421875 0.23515625 0.08359375 0.06875
0 0.23125 0.29453125 0.0796875 0.04453125
0 0.15546875 0.296875 0.06015625 0.03046875
0 0.19375 0.33515625 0.0671875 0.025
0 0.75703125 0.15546875 0.0546875 0.0484375
0 0.81953125 0.12265625 0.05703125 0.05
0 0.97421875 0.12265625 0.0515625 0.03359375
0 0.44140625 0.02265625 0.0625 0.03359375
0 0.48125 0.09765625 0.05 0.0421875
0 0.60859375 0.0765625 0.0515625 0.04765625
0 0.71171875 0.03359375 0.03359375 0.0359375
0 0.19140625 0.54609375 0.04453125 0.04296875
0 0.37265625 0.52109375 0.05 0.040625
0 0.29140625 0.4265625 0.0671875 0.05859375
0 0.03359375 0.47890625 0.0359375 0.0546875
0 0.03515625 0.54453125 0.0421875 0.0484375
0 0.225 0.67421875 0.03515625 0.04296875
0 0.28828125 0.68046875 0.04609375 0.04453125
0 0.35859375 0.675 0.05 0.04453125
0 0.4125 0.6734375 0.0234375 0.04609375
0 0.60546875 0.64375 0.05859375 0.0375
0 0.68046875 0.51953125 0.0546875 0.03515625
0 0.6515625 0.44296875 0.04765625 0.04296875
0 0.56875 0.36953125 0.0484375 0.04765625
0 0.52421875 0.3890625 0.06953125 0.0390625
0 0.4453125 0.4328125 0.0359375 0.0484375
0 0.521875 0.46796875 0.06171875 0.0546875
0 0.36171875 0.38046875 0.040625 0.04609375
0 0.24140625 0.4625 0.03046875 0.0234375
0 0.10078125 0.56484375 0.04296875 0.0359375
0 0.04921875 0.72421875 0.0375 0.053125
0 0.11875 0.71953125 0.04765625 0.053125
0 0.17109375 0.7390625 0.04609375 0.06171875
0 0.24375 0.75546875 0.04765625 0.04296875
0 0.5125 0.89375 0.0625 0.03515625
0 0.546875 0.9703125 0.0390625 0.04609375
0 0.72734375 0.965625 0.05703125 0.053125
0 0.76875 0.8140625 0.03359375 0.040625
0 0.8828125 0.79765625 0.0390625 0.028125
0 0.90234375 0.84296875 0.0390625 0.01953125
0 0.896875 0.88125 0.04453125 0.0375
0 0.8546875 0.91015625 0.0484375 0.04296875
0 0.92890625 0.92421875 0.05 0.0515625
0 0.96875 0.8875 0.040625 0.05
0 0.05390625 0.8484375 0.06015625 0.05546875
0 0.17890625 0.87578125 0.0671875 0.065625
0 0.396875 0.92890625 0.0546875 0.028125
0 0.3984375 0.96796875 0.06015625 0.03046875
0 0.25703125 0.93125 0.04453125 0.03203125
0 0.07890625 0.903125 0.06875 0.03203125
0 0.2296875 0.98125 0.0796875 0.0375
0 0.0109375 0.88984375 0.0140625 0.05
0 0.7234375 0.8765625 0.05703125 0.040625
0 0.67578125 0.80546875 0.03515625 0.04296875
0 0.75625 0.728125 0.05546875 0.06171875
0 0.80390625 0.2609375 0.07109375 0.04453125
0 0.93984375 0.27890625 0.0484375 0.0390625
0 0.80859375 0.46171875 0.0625 0.0390625
0 0.81171875 0.39375 0.10078125 0.07109375
0 0.47421875 0.2015625 0.04453125 0.0484375
0 0.55625 0.20625 0.0796875 0.028125
0 0.5671875 0.2484375 0.04296875 0.03359375
0 0.61875 0.24765625 0.04296875 0.03203125
0 0.659375 0.159375 0.06875 0.0546875
0 0.3578125 0.603125 0.0765625 0.04609375