0 0.66328125 0.459375 0.0375 0.0546875
0 0.475 0.57578125 0.0484375 0.04296875
0 0.3421875 0.6234375 0.0625 0.053125
0 0.05546875 0.5953125 0.06015625 0.04765625
0 0.0734375 0.66328125 0.065625 0.05703125
0 0.15078125 0.69765625 0.0421875 0.0421875
0 0.471875 0.8375 0.05859375 0.0484375
0 0.5390625 0.80390625 0.065625 0.0484375
0 0.64296875 0.81640625 0.053125 0.04453125
0 0.54140625 0.878125 0.0390625 0.0515625
0 0.43984375 0.91171875 0.04609375 0.040625
0 0.7515625 0.78984375 0.065625 0.04453125
0 0.728125 0.85234375 0.04453125 0.05859375
0 0.68671875 0.84375 0.03515625 0.053125
0 0.81640625 0.984375 0.03125 0.03125
0 0.85390625 0.7984375 0.05859375 0.040625
0 0.91171875 0.83671875 0.03515625 0.0515625
0 0.409375 0.45234375 0.0484375 0.0359375
0 0.128125 0.4515625 0.06171875 0.06015625
0 0.209375 0.459375 0.05546875 0.06875
0 0.09609375 0.34375 0.05546875 0.0296875
0 0.23125 0.1859375 0.065625 0.040625
0 0.21796875 0.29765625 0.04765625 0.0375
0 0.10078125 0.23984375 0.0796875 0.06171875
0 0.0453125 0.2859375 0.04609375 0.06171875
0 0.465625 0.08125 0.05546875 0.0484375
0 0.24609375 0.0625 0.0375 0.04765625
0 0.27109375 0.11171875 0.0484375 0.025
0 0.2765625 0.16015625 0.08515625 0.06171875
0 0.16640625 0.05234375 0.040625 0.0375
0 0.1265625 0.06328125 0.0421875 0.03515625
0 0.1109375 0.1 0.04609375 0.040625
0 0.01640625 0.165625 0.02109375 0.04453125
0 0.4421875 0.325 0.08125 0.075
0 0.5265625 0.384375 0.0375 0.07109375
0 0.44453125 0.2875 0.1046875 0.03046875
0 0.4515625 0.19375 0.11015625 0.04765625
0 0.415625 0.51015625 0.0671875 0.04609375
0 0.31484375 0.47265625 0.06875 0.0640625
0 0.5625 0.21953125 0.06953125 0.0625
0 0.49140625 0.25234375 0.0640625 0.0640625
0 0.63828125 0.2046875 0.06875 0.04765625
0 0.59296875 0.090625 0.0671875 0.0390625
0 0.66875 0.06953125 0.04296875 0.053125
0 0.84765625 0.0234375 0.06015625 0.0359375
0 0.79375 0.1125 0.05 0.0375
0 0.75078125 0.1265625 0.04453125 0.0515625
0 0.70390625 0.109375 0.0375 0.03515625
0 0.77734375 0.20546875 0.04765625 0.0484375
0 0.70625 0.21328125 0.0375 0.0359375
0 0.7296875 0.2796875 0.053125 0.040625
0 0.765625 0.3578125 0.05859375 0.0484375
0 0.8046875 0.3921875 0.0421875 0.0359375
0 0.84140625 0.259375 0.053125 0.0359375
0 0.83828125 0.31875 0.053125 0.04296875
0 0.97265625 0.17890625 0.03359375 0.04609375
0 0.95234375 0.2328125 0.0515625 0.05
0 0.9265625 0.0734375 0.0640625 0.04609375
0 0.33515625 0.93828125 0.0625 0.04609375
0 0.1828125 0.76875 0.0890625 0.06953125