0 0.7390625 0.5765625 0.0546875 0.065625
0 0.60234375 0.66171875 0.06875 0.0515625
0 0.6 0.8140625 0.04765625 0.0625
0 0.728125 0.71875 0.04453125 0.06171875
0 0.67578125 0.80390625 0.04296875 0.05
0 0.734375 0.80625 0.0375 0.05546875
0 0.790625 0.79375 0.0390625 0.08671875
0 0.83515625 0.7875 0.0296875 0.07109375
0 0.87578125 0.771875 0.025 0.06171875
0 0.84296875 0.92265625 0.08125 0.05703125
0 0.2640625 0.86875 0.0640625 0.0515625
0 0.215625 0.73828125 0.04609375 0.03046875
0 0.2109375 0.79921875 0.0640625 0.03359375
0 0.690625 0.29453125 0.06953125 0.0421875
0 0.0828125 0.75625 0.0375 0.0359375
0 0.17734375 0.5359375 0.053125 0.05
0 0.1625 0.61171875 0.0484375 0.0296875
0 0.109375 0.44296875 0.06875 0.04609375
0 0.03671875 0.34375 0.04609375 0.04609375
0 0.10078125 0.225 0.0421875 0.0390625
0 0.1875 0.21640625 0.04609375 0.03359375
0 0.09296875 0.01875 0.065625 0.0265625
0 0.56015625 0.11875 0.06875 0.0359375
0 0.2828125 0.2171875 0.04296875 0.0546875
0 0.365625 0.2875 0.05546875 0.0421875
0 0.2765625 0.39296875 0.04765625 0.04609375
0 0.3359375 0.40390625 0.04765625 0.0625
0 0.50390625 0.33515625 0.06953125 0.0359375
0 0.52421875 0.39609375 0.053125 0.03046875
0 0.53671875 0.24140625 0.07421875 0.03046875
0 0.728125 0.1828125 0.05546875 0.0421875
0 0.5015625 0.02734375 0.06640625 0.0546875
0 0.7765625 0.33359375 0.0484375 0.0359375
0 0.60234375 0.38515625 0.07109375 0.03046875
0 0.44453125 0.43984375 0.0515625 0.03203125
0 0.5171875 0.44453125 0.05546875 0.03515625
0 0.5484375 0.49140625 0.10625 0.0390625
0 0.46484375 0.54765625 0.13984375 0.04296875
0 0.2875 0.5671875 0.1203125 0.0484375
0 0.28125 0.621875 0.09375 0.03046875
0 0.028125 0.4515625 0.0359375 0.04609375
0 0.1609375 0.39921875 0.0546875 0.04765625
0 0.73828125 0.42578125 0.07265625 0.04453125
0 0.975 0.2234375 0.04765625 0.05
0 0.784375 0.2734375 0.05859375 0.03359375
0 0.1515625 0.928125 0.07109375 0.0296875
0 0.171875 0.9859375 0.0421875 0.02734375
0 0.43125 0.98125 0.05 0.0375
0 0.49140625 0.9796875 0.0375 0.03046875
0 0.9453125 0.98046875 0.0625 0.0390625
0 0.4265625 0.85390625 0.10625 0.0921875
0 0.95625 0.6 0.0484375 0.0359375
0 0.8703125 0.04375 0.05859375 0.0296875
0 0.86015625 0.0796875 0.06015625 0.028125
0 0.475 0.28359375 0.06875 0.0515625
0 0.584375 0.20625 0.053125 0.0421875
0 0.78671875 0.9921875 0.0390625 0.01484375