0 0.13515625 0.371875 0.078125 0.05703125
0 0.08828125 0.42421875 0.065625 0.05
0 0.075 0.6546875 0.065625 0.05546875
0 0.22265625 0.496875 0.0625 0.05859375
0 0.27109375 0.51875 0.0515625 0.0640625
0 0.28359375 0.65859375 0.06015625 0.05546875
0 0.35 0.55625 0.04453125 0.0671875
0 0.02421875 0.371875 0.040625 0.0796875
0 0.40703125 0.42265625 0.0890625 0.0390625
0 0.39609375 0.47578125 0.08125 0.0390625
0 0.246875 0.15 0.103125 0.05703125
0 0.42734375 0.234375 0.04609375 0.05546875
0 0.2390625 0.24375 0.0546875 0.04609375
0 0.30078125 0.25390625 0.0515625 0.05859375
0 0.47265625 0.25625 0.0390625 0.0375
0 0.53828125 0.34921875 0.06953125 0.04296875
0 0.4984375 0.43203125 0.05546875 0.06015625
0 0.06015625 0.70078125 0.11171875 0.0484375
0 0.05859375 0.8484375 0.06171875 0.06171875
0 0.04765625 0.95234375 0.053125 0.040625
0 0.3484375 0.6796875 0.05546875 0.05859375
0 0.7453125 0.5984375 0.075 0.05
0 0.7125 0.35234375 0.0671875 0.04609375
0 0.665625 0.2359375 0.103125 0.05859375
0 0.58359375 0.08359375 0.065625 0.0421875
0 0.78359375 0.09453125 0.040625 0.03203125
0 0.86875 0.06953125 0.065625 0.04765625
0 0.7875 0.0140625 0.0875 0.01953125
0 0.815625 0.2578125 0.0515625 0.06171875
0 0.9359375 0.309375 0.04765625 0.04765625
0 0.8796875 0.29609375 0.040625 0.0765625
0 0.92890625 0.38125 0.04453125 0.04609375
0 0.93828125 0.6046875 0.0515625 0.0515625
0 0.26640625 0.95859375 0.08671875 0.05859375
0 0.9125 0.93515625 0.05546875 0.0484375
0 0.275 0.78203125 0.0921875 0.04296875
0 0.95703125 0.44296875 0.075 0.065625
0 0.9859375 0.03203125 0.02734375 0.053125
0 0.68203125 0.01953125 0.06953125 0.025
0 0.5453125 0.9890625 0.0671875 0.021875