0 0.3515625 0.70546875 0.06171875 0.06875
0 0.23046875 0.8171875 0.075 0.0640625
0 0.13125 0.9390625 0.06953125 0.05859375
0 0.26953125 0.8765625 0.06171875 0.0296875
0 0.33828125 0.98125 0.0546875 0.0375
0 0.45859375 0.93046875 0.04609375 0.05
0 0.0390625 0.11015625 0.04765625 0.04765625
0 0.10078125 0.05859375 0.06015625 0.0359375
0 0.01640625 0.0390625 0.0296875 0.05546875
0 0.42734375 0.09453125 0.0765625 0.0421875
0 0.5109375 0.0765625 0.04453125 0.04765625
0 0.36796875 0.3234375 0.04609375 0.0421875
0 0.4515625 0.284375 0.0625 0.0421875
0 0.634375 0.259375 0.06015625 0.04453125
0 0.5171875 0.47734375 0.04296875 0.0359375
0 0.528125 0.621875 0.05703125 0.0359375
0 0.67734375 0.8140625 0.0515625 0.0484375
0 0.7328125 0.73828125 0.05859375 0.03046875
0 0.7421875 0.82734375 0.04765625 0.05
0 0.83515625 0.86640625 0.040625 0.0421875
0 0.8140625 0.77265625 0.0296875 0.03046875
0 0.78671875 0.8234375 0.028125 0.0296875
0 0.925 0.71953125 0.053125 0.04296875
0 0.984375 0.7515625 0.03125 0.05078125
0 0.984375 0.6859375 0.03125 0.04296875
0 0.890625 0.84921875 0.0515625 0.04609375
0 0.8953125 0.9015625 0.0515625 0.028125
0 0.80390625 0.98828125 0.08203125 0.0234375
0 0.8953125 0.94296875 0.10078125 0.04765625
0 0.53125 0.9859375 0.03359375 0.02734375
0 0.8109375 0.4359375 0.05859375 0.0484375
0 0.9703125 0.603125 0.05859375 0.04296875
0 0.9875 0.56484375 0.025 0.053125
0 0.5921875 0.3765625 0.065625 0.04453125
0 0.646875 0.3203125 0.0515625 0.04609375
0 0.7109375 0.2578125 0.0546875 0.053125
0 0.615625 0.1078125 0.053125 0.04765625
0 0.671875 0.11875 0.04296875 0.053125
0 0.7734375 0.08203125 0.07421875 0.0421875
0 0.878125 0.09140625 0.065625 0.0515625
0 0.55234375 0.01640625 0.053125 0.03046875
0 0.7703125 0.0140625 0.06171875 0.02265625
0 0.74921875 0.18515625 0.0421875 0.0375
0 0.940625 0.196875 0.0546875 0.05859375
0 0.78515625 0.29921875 0.05546875 0.04609375
0 0.81015625 0.16640625 0.06875 0.0515625
0 0.71640625 0.13984375 0.03203125 0.0265625
0 0.9859375 0.2640625 0.02734375 0.04453125
0 0.865625 0.2640625 0.04609375 0.0375
0 0.828125 0.23125 0.12109375 0.0375
0 0.94140625 0.38828125 0.06953125 0.0625
0 0.6875 0.36953125 0.05 0.03359375
0 0.659375 0.41796875 0.0515625 0.03203125
0 0.71953125 0.45625 0.06953125 0.0421875
0 0.74453125 0.5015625 0.09375 0.0375
0 0.31171875 0.0328125 0.0765625 0.0375
0 0.95390625 0.9015625 0.0484375 0.04453125
0 0.946875 0.85625 0.040625 0.0421875