0 0.09609375 0.0203125 0.04765625 0.0296875
0 0.1609375 0.0390625 0.0546875 0.04765625
0 0.140625 0.1046875 0.0359375 0.05
0 0.1078125 0.21171875 0.13984375 0.0625
0 0.18046875 0.265625 0.0875 0.03203125
0 0.25234375 0.4734375 0.07265625 0.0625
0 0.38203125 0.39375 0.04765625 0.04609375
0 0.4296875 0.4109375 0.0421875 0.0515625
0 0.4796875 0.51015625 0.078125 0.07421875
0 0.53359375 0.6390625 0.0515625 0.053125
0 0.6296875 0.565625 0.04609375 0.0515625
0 0.49453125 0.1203125 0.05703125 0.06015625
0 0.4359375 0.13515625 0.0765625 0.0640625
0 0.415625 0.17890625 0.0890625 0.0421875
0 0.403125 0.22734375 0.08125 0.03359375
0 0.32890625 0.225 0.053125 0.05
0 0.4203125 0.30078125 0.0796875 0.0625
0 0.24375 0.08046875 0.053125 0.0796875
0 0.453125 0.03671875 0.0421875 0.0375
0 0.6421875 0.08984375 0.06875 0.03203125
0 0.66640625 0.15 0.05703125 0.03515625
0 0.67421875 0.215625 0.06875 0.0375
0 0.6625 0.3046875 0.053125 0.03515625
0 0.621875 0.34921875 0.04296875 0.0296875
0 0.89921875 0.92109375 0.0484375 0.0359375
0 0.646875 0.42890625 0.0515625 0.04609375
0 0.225 0.62421875 0.06953125 0.0546875
0 0.16328125 0.65078125 0.04453125 0.07421875
0 0.1984375 0.74140625 0.06875 0.04296875
0 0.16875 0.82265625 0.08125 0.0546875
0 0.07265625 0.73671875 0.10859375 0.0921875
0 0.315625 0.821875 0.07265625 0.05
0 0.33984375 0.7125 0.07109375 0.075
0 0.49375 0.85703125 0.06171875 0.065625
0 0.40859375 0.95859375 0.078125 0.05859375
0 0.54453125 0.940625 0.05703125 0.05
0 0.72578125 0.74140625 0.04609375 0.04296875
0 0.71875 0.5671875 0.075 0.06015625
0 0.6921875 0.3859375 0.04765625 0.0546875
0 0.746875 0.38125 0.0546875 0.0375
0 0.63203125 0.3875 0.0671875 0.03359375
0 0.74609375 0.45234375 0.06171875 0.028125
0 0.88828125 0.21484375 0.0515625 0.0421875
0 0.9046875 0.30625 0.0515625 0.0375
0 0.96171875 0.4578125 0.0484375 0.0390625
0 0.75 0.6359375 0.040625 0.05
0 0.79140625 0.7 0.0546875 0.05703125
0 0.8953125 0.71953125 0.0515625 0.0640625
0 0.978125 0.75625 0.0359375 0.04765625
0 0.88046875 0.8390625 0.0421875 0.04609375
0 0.93125 0.8515625 0.04609375 0.04296875
0 0.946875 0.98125 0.0625 0.0375
0 0.88515625 0.98671875 0.0484375 0.0265625
0 0.7390625 0.940625 0.0625 0.0484375
0 0.66171875 0.9578125 0.0484375 0.04296875
0 0.68125 0.79765625 0.065625 0.0671875
0 0.85234375 0.76328125 0.04765625 0.028125
0 0.85 0.7140625 0.0390625 0.0390625
0 0.8125 0.790625 0.04609375 0.04296875
0 0.7640625 0.77421875 0.0234375 0.028125
0 0.9203125 0.64765625 0.03203125 0.0359375
0 0.978125 0.6671875 0.03046875 0.05546875
0 0.78515625 0.56796875 0.05859375 0.05546875
0 0.821875 0.4 0.06171875 0.0640625
0 0.81640625 0.4765625 0.04453125 0.065625
0 0.86953125 0.06171875 0.065625 0.04453125
0 0.93828125 0.2546875 0.04609375 0.03203125
0 0.96484375 0.30390625 0.04296875 0.0359375
0 0.09453125 0.3109375 0.08359375 0.06171875
0 0.5265625 0.0140625 0.0625 0.028125
0 0.80703125 0.0109375 0.0546875 0.021875
0 0.41328125 0.8296875 0.0484375 0.08671875
0 0.8125 0.95859375 0.06015625 0.05859375
0 0.925 0.54296875 0.053125 0.04453125
0 0.984375 0.53125 0.03125 0.046875