0 0.0203125 0.20390625 0.040625 0.06953125
0 0.0703125 0.23984375 0.0375 0.06171875
0 0.25 0.24921875 0.06953125 0.0625
0 0.34140625 0.2375 0.04609375 0.053125
0 0.42109375 0.30390625 0.05859375 0.05859375
0 0.58125 0.2921875 0.0625 0.04296875
0 0.54375 0.40078125 0.053125 0.04609375
0 0.30390625 0.42734375 0.05546875 0.0375
0 0.37890625 0.4671875 0.03203125 0.0390625
0 0.4859375 0.43203125 0.0515625 0.03515625
0 0.1015625 0.5546875 0.0671875 0.04609375
0 0.078125 0.5984375 0.05546875 0.0359375
0 0.078125 0.6390625 0.06953125 0.0390625
0 0.671875 0.41171875 0.04296875 0.0390625
0 0.5765625 0.45390625 0.04765625 0.04296875
0 0.51171875 0.53828125 0.04765625 0.04765625
0 0.49296875 0.590625 0.0546875 0.04296875
0 0.3546875 0.62734375 0.05 0.03515625
0 0.33203125 0.67109375 0.05859375 0.0359375
0 0.2765625 0.675 0.0421875 0.0359375
0 0.2484375 0.72265625 0.053125 0.04453125
0 0.384375 0.78359375 0.03515625 0.040625
0 0.49140625 0.80625 0.0421875 0.053125
0 0.5515625 0.79375 0.0375 0.0390625
0 0.60234375 0.80078125 0.0421875 0.04453125
0 0.6421875 0.7265625 0.0765625 0.06171875
0 0.68046875 0.22109375 0.05546875 0.0484375
0 0.80859375 0.23359375 0.04609375 0.0515625
0 0.265625 0.0953125 0.05703125 0.03515625
0 0.1140625 0.09453125 0.053125 0.05546875
0 0.06796875 0.0921875 0.06015625 0.04765625
0 0.30234375 0.046875 0.04296875 0.0546875
0 0.25546875 0.03203125 0.05859375 0.0390625
0 0.19375 0.95078125 0.05546875 0.04296875
0 0.3421875 0.97890625 0.0484375 0.04140625
0 0.2890625 0.86171875 0.04453125 0.04609375
0 0.24921875 0.8390625 0.0484375 0.03515625
0 0.39296875 0.89609375 0.05703125 0.03515625
0 0.46640625 0.91875 0.04296875 0.0546875
0 0.71640625 0.95390625 0.040625 0.0390625
0 0.76640625 0.94921875 0.0375 0.04296875
0 0.97421875 0.88828125 0.0515625 0.0671875
0 0.87890625 0.8375 0.078125 0.04609375
0 0.790625 0.7578125 0.07265625 0.02265625
0 0.76015625 0.3953125 0.053125 0.0296875
0 0.48984375 0.07734375 0.0390625 0.03203125
0 0.42265625 0.10390625 0.05 0.040625
0 0.38359375 0.13828125 0.04453125 0.0421875
0 0.43515625 0.15546875 0.0421875 0.03515625
0 0.4015625 0.03203125 0.05 0.02265625
0 0.34609375 0.021875 0.04453125 0.0265625
0 0.17890625 0.0359375 0.0296875 0.05