0 0.0859375 0.0734375 0.03203125 0.04296875
0 0.1078125 0.11875 0.0375 0.03359375
0 0.15625 0.0796875 0.0671875 0.04765625
0 0.1703125 0.1265625 0.053125 0.0515625
0 0.2734375 0.146875 0.04765625 0.03359375
0 0.21328125 0.17265625 0.05546875 0.040625
0 0.334375 0.28828125 0.0625 0.04296875
0 0.1515625 0.23515625 0.06875 0.03515625
0 0.13046875 0.27734375 0.06015625 0.03359375
0 0.4171875 0.23515625 0.05 0.040625
0 0.49140625 0.2359375 0.04453125 0.04765625
0 0.37734375 0.38203125 0.05703125 0.0421875
0 0.45234375 0.45078125 0.06953125 0.04765625
0 0.465625 0.59140625 0.0234375 0.04765625
0 0.015625 0.02890625 0.03046875 0.05703125
0 0.025 0.128125 0.05 0.046875
0 0.01015625 0.171875 0.0203125 0.034375
0 0.03984375 0.2 0.0796875 0.0546875
0 0.04609375 0.23515625 0.0359375 0.0515625
0 0.0625 0.33671875 0.0421875 0.0484375
0 0.17890625 0.315625 0.0640625 0.0484375
0 0.16015625 0.37265625 0.08671875 0.05546875
0 0.08046875 0.4421875 0.07109375 0.0359375
0 0.0609375 0.4765625 0.0765625 0.0515625
0 0.04296875 0.5296875 0.078125 0.0375
0 0.115625 0.5328125 0.0421875 0.04453125
0 0.2453125 0.52109375 0.0671875 0.0375
0 0.2171875 0.465625 0.04609375 0.04765625
0 0.6046875 0.74921875 0.065625 0.05546875
0 0.44296875 0.77109375 0.08203125 0.04296875
0 0.18984375 0.5875 0.05859375 0.0359375
0 0.20859375 0.64453125 0.05703125 0.04453125
0 0.109375 0.75234375 0.0765625 0.03515625
0 0.17421875 0.77734375 0.05546875 0.04453125
0 0.17734375 0.84375 0.04765625 0.0390625
0 0.23984375 0.8859375 0.04453125 0.0421875
0 0.3484375 0.89296875 0.053125 0.0390625
0 0.6921875 0.88046875 0.05859375 0.04765625
0 0.9078125 0.84140625 0.0765625 0.0421875
0 0.8109375 0.7578125 0.0421875 0.05859375
0 0.72734375 0.71484375 0.08203125 0.0484375
0 0.63046875 0.5703125 0.06953125 0.03359375
0 0.565625 0.6421875 0.04296875 0.05703125
0 0.62890625 0.66484375 0.06171875 0.0546875
0 0.684375 0.6203125 0.15234375 0.05703125
0 0.525 0.60234375 0.04609375 0.04609375
0 0.7046875 0.49609375 0.08671875 0.06015625
0 0.45546875 0.94609375 0.07109375 0.04453125
0 0.59296875 0.93125 0.078125 0.0515625
0 0.696875 0.984375 0.05859375 0.03125
0 0.8625 0.6671875 0.05703125 0.03359375
0 0.85 0.49296875 0.040625 0.0484375
0 0.009375 0.6765625 0.01875 0.071875
0 0.00625 0.74609375 0.0125 0.0640625
0 0.0484375 0.7734375 0.053125 0.04609375
0 0.034375 0.815625 0.0625 0.0375
0 0.0765625 0.87578125 0.05 0.0484375
0 0.075 0.940625 0.0625 0.06171875
0 0.1109375 0.8171875 0.03515625 0.05546875
0 0.015625 0.8703125 0.03046875 0.0671875
0 0.1296875 0.86640625 0.05 0.05
0 0.1453125 0.946875 0.053125 0.0546875
0 0.1453125 0.90546875 0.04453125 0.04765625
0 0.2078125 0.965625 0.05 0.04765625
0 0.290625 0.97890625 0.04296875 0.04140625
0 0.2734375 0.93125 0.0640625 0.03515625
0 0.29375 0.8984375 0.05703125 0.05546875
0 0.2453125 0.78359375 0.0671875 0.04296875
0 0.271875 0.80859375 0.04765625 0.04609375
0 0.2078125 0.69375 0.0421875 0.0390625
0 0.32265625 0.7171875 0.06875 0.04765625
0 0.2515625 0.72578125 0.0515625 0.0546875
0 0.30546875 0.521875 0.05 0.04453125
0 0.36484375 0.5734375 0.0796875 0.04765625
0 0.29296875 0.628125 0.0421875 0.0359375
0 0.32890625 0.653125 0.0625 0.05546875
0 0.96484375 0.96484375 0.0703125 0.0625
0 0.87890625 0.95703125 0.053125 0.0671875
0 0.80859375 0.93203125 0.0515625 0.0390625
0 0.82734375 0.96484375 0.0390625 0.0515625
0 0.75078125 0.97421875 0.0671875 0.0515625