0 0.13984375 0.10859375 0.040625 0.053125
0 0.2234375 0.15625 0.05546875 0.053125
0 0.35625 0.225 0.0515625 0.04453125
0 0.0421875 0.38125 0.05 0.04765625
0 0.17890625 0.42578125 0.0484375 0.04453125
0 0.221875 0.47890625 0.05546875 0.03515625
0 0.14453125 0.3546875 0.0515625 0.0421875
0 0.2765625 0.3234375 0.040625 0.05
0 0.29609375 0.4671875 0.05703125 0.0640625
0 0.44296875 0.49375 0.0375 0.053125
0 0.39921875 0.48203125 0.04765625 0.06015625
0 0.39140625 0.61015625 0.07421875 0.0546875
0 0.38515625 0.6765625 0.053125 0.05
0 0.27734375 0.63828125 0.04765625 0.05703125
0 0.18046875 0.64140625 0.0625 0.04609375
0 0.21796875 0.71328125 0.05 0.04609375
0 0.26875 0.74375 0.03515625 0.05
0 0.32890625 0.79765625 0.0375 0.040625
0 0.0703125 0.7453125 0.06875 0.0375
0 0.4421875 0.71328125 0.0390625 0.0375
0 0.365625 0.7421875 0.0390625 0.0421875
0 0.37578125 0.83359375 0.06015625 0.0296875
0 0.68671875 0.6703125 0.0390625 0.04609375
0 0.77578125 0.6046875 0.0671875 0.04296875
0 0.5703125 0.40078125 0.05859375 0.03515625
0 0.484375 0.43671875 0.053125 0.0640625
0 0.39296875 0.33125 0.05703125 0.04296875
0 0.73046875 0.95625 0.0546875 0.04609375
0 0.56171875 0.9796875 0.07421875 0.03984375
0 0.32890625 0.90859375 0.06875 0.0546875
0 0.20703125 0.90703125 0.04296875 0.0640625
0 0.1375 0.93046875 0.0515625 0.0390625
0 0.08359375 0.9734375 0.0640625 0.05
0 0.221875 0.85 0.04453125 0.0359375
0 0.6171875 0.8375 0.04609375 0.040625
0 0.6109375 0.73828125 0.05546875 0.0359375
0 0.5890625 0.53671875 0.04609375 0.0484375
0 0.8671875 0.3625 0.0546875 0.053125
0 0.66328125 0.44140625 0.0375 0.040625
0 0.56328125 0.19921875 0.04609375 0.04765625
0 0.21171875 0.2421875 0.05859375 0.0375
0 0.43125 0.13515625 0.053125 0.0359375
0 0.69609375 0.1140625 0.05 0.04765625
0 0.58671875 0.1234375 0.0546875 0.04296875
0 0.50625 0.09296875 0.0671875 0.0546875
0 0.30234375 0.040625 0.0484375 0.04765625
0 0.465625 0.6140625 0.04453125 0.053125
0 0.0265625 0.51328125 0.053125 0.053125
0 0.03203125 0.459375 0.05 0.04453125
0 0.121875 0.4265625 0.04296875 0.040625
0 0.125 0.5515625 0.03515625 0.040625
0 0.02265625 0.5765625 0.0359375 0.04296875
0 0.0359375 0.5953125 0.071875 0.078125
0 0.76484375 0.44140625 0.06171875 0.0515625
0 0.64765625 0.1734375 0.053125 0.0546875
0 0.80234375 0.16328125 0.04765625 0.04765625
0 0.61640625 0.0640625 0.04453125 0.05
0 0.33671875 0.1625 0.04296875 0.040625
0 0.275 0.97265625 0.03359375 0.04765625
0 0.25859375 0.90859375 0.040625 0.07109375
0 0.3859375 0.87109375 0.0375 0.0484375
0 0.484375 0.75859375 0.08125 0.04765625
0 0.76953125 0.69296875 0.0484375 0.04296875
0 0.7703125 0.79765625 0.0421875 0.0390625
0 0.67734375 0.84296875 0.0515625 0.053125
0 0.68203125 0.72578125 0.07265625 0.05859375
0 0.60859375 0.6609375 0.04453125 0.0359375
0 0.5265625 0.53203125 0.05703125 0.0625
0 0.44609375 0.54765625 0.0625 0.0375
0 0.37109375 0.55625 0.05859375 0.04453125
0 0.2828125 0.575 0.0625 0.0359375
0 0.23515625 0.590625 0.0625 0.03203125
0 0.18125 0.60234375 0.0640625 0.0296875
0 0.15546875 0.4984375 0.07109375 0.0390625
0 0.2765625 0.5109375 0.053125 0.0390625
0 0.22890625 0.51484375 0.04765625 0.0390625
0 0.18671875 0.5203125 0.0421875 0.03359375
0 0.17734375 0.771875 0.04453125 0.04453125
0 0.20234375 0.81953125 0.06953125 0.0375
0 0.39453125 0.16640625 0.05 0.0515625
0 0.0484375 0.01953125 0.0640625 0.0390625
0 0.01171875 0.08671875 0.0234375 0.05546875
0 0.09453125 0.0828125 0.06953125 0.0234375
0 0.08984375 0.125 0.065625 0.03515625
0 0.03671875 0.15 0.04609375 0.040625
0 0.07421875 0.1828125 0.07265625 0.053125
0 0.06796875 0.30546875 0.05703125 0.0640625